1 -0.461678 0 70%
2 -0.446797 0.0148809 68.9%
3 -0.447661 0.00863483 69.6%
4 -0.45042 0.00670017 70.75%
5 -0.448755 0.0054505 68%
6 -0.444738 0.00599479 70.4%
7 -0.445446 0.00511576 71.4%
8 -0.438957 0.00785715 70.65%
9 -0.440055 0.00701573 69.65%
10 -0.439406 0.00630851 69.3%
11 -0.438017 0.00587282 68.8%
12 -0.439136 0.00547656 68.25%
13 -0.437187 0.00540158 69.35%
14 -0.439255 0.00541178 68.75%
15 -0.440272 0.00513977 69.1%
16 -0.439147 0.00493786 71.7%
17 -0.438546 0.00467704 70.45%
18 -0.44016 0.00469561 70.2%
19 -0.440392 0.00444767 70%
20 -0.439381 0.00433883 70.25%
21 -0.439923 0.00416244 67.25%
22 -0.440157 0.00397562 68.55%
23 -0.440042 0.00380058 68.7%
24 -0.439538 0.00367351 70.15%
25 -0.439415 0.00352565 69.85%
26 -0.439653 0.00339566 71.55%
27 -0.440374 0.00334621 68.8%
28 -0.439671 0.00330022 70.55%
29 -0.440089 0.00321167 69.25%
30 -0.439962 0.00310536 70.9%
31 -0.439484 0.0030414 68.65%
32 -0.439954 0.00298215 70.15%
33 -0.440219 0.00290246 69.55%
34 -0.439795 0.00284744 70.3%
35 -0.440069 0.00277836 69.95%
36 -0.439612 0.00273849 70.35%
37 -0.439623 0.00266348 70.75%
38 -0.439196 0.00262737 69.25%
39 -0.440013 0.00268622 69.75%
40 -0.440623 0.00268844 70.5%
41 -0.440878 0.00263437 69.95%
42 -0.441154 0.00258568 69.65%
43 -0.44161 0.00256566 67.85%
44 -0.441306 0.00252502 70.65%
45 -0.441409 0.00247039 69.35%
46 -0.442305 0.00257688 70.05%
47 -0.442501 0.0025291 69.3%
48 -0.442863 0.00250212 67.85%
49 -0.443479 0.00252692 70.8%
50 -0.443293 0.00248287 68.3%
51 -0.44334 0.00243414 71.3%
52 -0.442911 0.00242497 67.8%
53 -0.442437 0.00242563 69.3%
54 -0.442693 0.00239396 67.85%
55 -0.443003 0.0023704 68.9%
56 -0.442341 0.00241987 71.7%
57 -0.441511 0.00251764 69.4%
58 -0.440892 0.00255036 67.75%
59 -0.440445 0.00254618 68.15%
60 -0.440537 0.00250505 70.95%
61 -0.440781 0.00247577 69.15%
62 -0.441137 0.00246135 69.15%
63 -0.441293 0.00242701 69.15%
64 -0.440617 0.00248278 68%
65 -0.44072 0.00244648 68.65%
66 -0.441261 0.00246901 71.75%
67 -0.441213 0.00243235 71.25%
68 -0.441235 0.00239641 69.95%
69 -0.441381 0.00236596 68.8%
70 -0.441663 0.00234889 69.4%
71 -0.442029 0.00234427 70.15%
72 -0.442386 0.0023389 69.25%
73 -0.442516 0.00231031 69.65%
74 -0.442614 0.002281 68.65%
75 -0.442365 0.00226414 68.25%
76 -0.441916 0.0022788 69.9%
77 -0.442122 0.00225838 70.85%
78 -0.441959 0.00223514 69.65%
79 -0.442085 0.00221023 70.45%
80 -0.442131 0.00218292 68.9%
81 -0.442416 0.00217458 68.7%
82 -0.44275 0.0021737 68.5%
83 -0.443083 0.00217299 70.8%
84 -0.443154 0.00214816 69.95%
85 -0.44348 0.00214757 72%
86 -0.443327 0.00212795 69.95%
87 -0.443509 0.0021112 70.4%
88 -0.443347 0.00209338 70.15%
89 -0.443081 0.0020867 69.8%
90 -0.442986 0.00206556 69%
91 -0.443164 0.00205043 69.7%
92 -0.443199 0.00202832 70.75%
93 -0.443077 0.00201011 70.55%
94 -0.443232 0.00199463 68.6%
95 -0.443292 0.00197444 68.45%
96 -0.443133 0.00196017 71.3%
97 -0.442919 0.00195169 68.55%
98 -0.443138 0.00194403 68.7%
99 -0.443001 0.00192912 68.55%
100 -0.442898 0.0019125 69.7%
101 -0.442997 0.00189606 70.1%
102 -0.44289 0.00188048 71.1%
103 -0.442825 0.00186325 70.2%
104 -0.442961 0.00185026 69.95%
105 -0.442948 0.00183261 72.1%
106 -0.442825 0.0018194 70.55%
107 -0.442997 0.00181058 70.55%
108 -0.443103 0.00179684 69.7%
109 -0.443277 0.0017888 70.2%
110 -0.443208 0.00177383 68.5%
111 -0.443399 0.00176814 69.3%
112 -0.443515 0.0017561 66.55%
113 -0.443581 0.00174176 69.55%
114 -0.443697 0.00173026 69.95%
115 -0.44385 0.00172199 70.3%
116 -0.444129 0.00172968 68%
117 -0.444146 0.00171492 69.85%
118 -0.444238 0.00170279 69.2%
119 -0.444229 0.00168844 71.4%
120 -0.444123 0.00167763 68.4%
121 -0.444252 0.00166867 69.85%
122 -0.444057 0.00166631 70.7%
123 -0.443969 0.00165505 69.3%
124 -0.444094 0.00164638 69.95%
125 -0.444013 0.00163517 69.95%
126 -0.444095 0.00162422 69.45%
127 -0.444043 0.00161224 70.35%
128 -0.444128 0.00160186 67.75%
129 -0.444147 0.00158951 67.85%
130 -0.443929 0.00159229 69.65%
131 -0.444006 0.00158195 68.15%
132 -0.443784 0.00158555 71.85%
133 -0.443807 0.00157375 69.35%
134 -0.443919 0.00156598 69.8%
135 -0.443678 0.00157285 69.8%
136 -0.443742 0.00156255 69.55%
137 -0.443754 0.00155115 68.8%
138 -0.443904 0.0015471 68.5%
139 -0.443807 0.00153896 68.65%
140 -0.443787 0.00152806 68.7%
141 -0.443465 0.00155101 66.85%
142 -0.443259 0.00155374 67.65%
143 -0.443328 0.00154436 70.5%
144 -0.44323 0.00153667 69.65%
145 -0.443316 0.00152844 68.15%
146 -0.442963 0.00155835 70.3%
147 -0.442909 0.00154865 69.35%
148 -0.442998 0.00154071 69.4%
149 -0.443151 0.00153799 68.8%
150 -0.443234 0.00152993 69.45%
151 -0.44314 0.00152264 67.75%
152 -0.443059 0.00151479 69.5%
153 -0.443117 0.00150598 69.05%
154 -0.443022 0.00149919 69.75%
155 -0.442804 0.00150534 69.45%
156 -0.442931 0.00150103 70.6%
157 -0.442978 0.00149216 70.75%
158 -0.442946 0.00148302 66.9%
159 -0.442969 0.00147385 69.25%
160 -0.442938 0.00146494 69.3%
161 -0.442935 0.00145581 68.4%
162 -0.442869 0.00144829 69.05%
163 -0.442948 0.00144153 70.4%
164 -0.443003 0.00143377 69.65%
165 -0.443011 0.00142507 69.6%
166 -0.442924 0.00141909 69.9%
167 -0.443033 0.00141476 69.65%
168 -0.442999 0.00140674 69.8%
169 -0.442975 0.00139859 71.1%
170 -0.442864 0.00139474 69.8%
171 -0.442921 0.00138771 68.15%
172 -0.442951 0.00137995 69.55%
173 -0.442995 0.00137264 69.5%
174 -0.442962 0.00136511 68%
175 -0.44297 0.00135731 69.2%
176 -0.442673 0.00138185 69.65%
177 -0.44272 0.00137484 71.3%
178 -0.442746 0.00136733 71.35%
179 -0.442876 0.00136585 69.6%
180 -0.442831 0.00135896 70%
181 -0.442794 0.00135196 70.55%
182 -0.442794 0.00134451 69.4%
183 -0.442867 0.00133912 67.7%
184 -0.442959 0.001335 68.4%
185 -0.442942 0.00132787 69.55%
186 -0.442934 0.00132073 68%
187 -0.44293 0.00131366 68.8%
188 -0.442944 0.00130673 70.9%
189 -0.442889 0.00130096 69.8%
190 -0.442971 0.00129666 68.25%
191 -0.443022 0.00129087 69.7%
192 -0.443116 0.00128762 68.85%
193 -0.443184 0.00128274 68.3%
194 -0.443232 0.001277 70.6%
195 -0.443176 0.00127165 68.75%
196 -0.443249 0.0012672 69.7%
197 -0.44343 0.00127368 68.8%
198 -0.443534 0.00127151 68.6%
199 -0.443601 0.0012669 70.15%
200 -0.443693 0.00126391 69.9%
201 -0.443703 0.00125764 69.45%
202 -0.443467 0.00127349 69.4%
203 -0.443353 0.00127227 67.95%
204 -0.443444 0.00126928 69.55%
205 -0.443446 0.00126308 69.4%
206 -0.443554 0.00126159 71.45%
207 -0.443523 0.00125587 70.9%
208 -0.443617 0.00125338 69.3%
209 -0.443529 0.00125048 71.25%
210 -0.443504 0.00124475 70.55%
211 -0.443384 0.00124463 69.25%
212 -0.443408 0.00123897 70.85%
213 -0.443453 0.00123397 66.1%
214 -0.443432 0.00122838 69%
215 -0.443489 0.00122401 69.9%
216 -0.443647 0.00122851 70.5%
217 -0.443353 0.00125778 69%
218 -0.443347 0.00125201 71.35%
219 -0.443431 0.00124914 68.8%
220 -0.443489 0.00124475 67.35%
221 -0.44359 0.00124329 68.8%
222 -0.44372 0.00124444 68.55%
223 -0.443777 0.00124014 69.65%
224 -0.443758 0.00123473 69.3%
225 -0.443624 0.00123651 70.25%
226 -0.443622 0.00123102 70.1%
227 -0.443693 0.0012276 68.15%
228 -0.443677 0.00122231 68.2%
229 -0.443555 0.00122309 68.55%
230 -0.443465 0.00122108 69.65%
231 -0.443505 0.00121645 70.1%
232 -0.443517 0.00121126 70.8%
233 -0.443489 0.00120636 70.15%
234 -0.443546 0.00120252 69.85%
235 -0.44359 0.00119819 68.9%
236 -0.443637 0.00119404 69.6%
237 -0.443682 0.00118984 67.8%
238 -0.443678 0.00118484 69.55%
239 -0.443649 0.00118022 69.1%
240 -0.443741 0.00117884 72.85%
241 -0.443716 0.0011742 68.7%
242 -0.443873 0.00117982 71.1%
243 -0.4439 0.00117526 69.3%
244 -0.443958 0.00117188 68.85%
245 -0.443956 0.00116708 68.45%
246 -0.443961 0.00116234 68.3%
247 -0.44398 0.00115778 69.4%
248 -0.444084 0.00115776 69.7%
249 -0.444184 0.00115744 70.1%
250 -0.444171 0.00115287 68.95%
251 -0.444118 0.00114949 69%
252 -0.444212 0.00114873 69.55%
253 -0.44405 0.00115559 68.25%
254 -0.443974 0.00115351 69.7%
255 -0.44405 0.00115146 70.75%
256 -0.444104 0.00114825 70.75%
257 -0.444044 0.00114538 70.5%
258 -0.443931 0.00114652 69.85%
259 -0.443843 0.00114548 67.7%
260 -0.443922 0.00114384 70.2%
261 -0.443831 0.0011431 68%
262 -0.443914 0.00114172 69.1%
263 -0.443939 0.00113765 68.85%
264 -0.443945 0.00113334 71.1%
265 -0.444014 0.00113115 68.45%
266 -0.44398 0.00112737 69.25%
267 -0.444066 0.00112643 70.45%
268 -0.444018 0.00112325 70.65%
269 -0.444014 0.00111907 70.65%
270 -0.444075 0.0011166 69.4%
271 -0.444175 0.00111701 69.95%
272 -0.444157 0.00111305 68.1%
273 -0.444104 0.00111024 69.25%
274 -0.444163 0.00110776 67.65%
275 -0.444207 0.00110461 70.7%
276 -0.444158 0.0011017 70%
277 -0.44425 0.00110157 70.6%
278 -0.444267 0.00109775 71.1%
279 -0.444217 0.00109495 68.2%
280 -0.44426 0.00109187 69.05%
281 -0.444315 0.00108934 68.95%
282 -0.444368 0.00108679 69.8%
283 -0.444383 0.00108305 69.5%
284 -0.444388 0.00107924 70.4%
285 -0.444445 0.00107693 71.75%
286 -0.444464 0.00107333 70.75%
287 -0.4445 0.00107019 70.05%
288 -0.444449 0.0010677 67.65%
289 -0.444436 0.00106407 70.95%
290 -0.444429 0.00106042 70.55%
291 -0.444464 0.00105733 70.05%
292 -0.444496 0.0010542 70.8%
293 -0.444522 0.00105093 68.8%
294 -0.444483 0.0010481 67.6%
295 -0.444352 0.00105269 71.15%
296 -0.444404 0.00105045 70%
297 -0.444373 0.00104736 69.2%
298 -0.444476 0.00104891 70.5%
299 -0.4445 0.00104566 69.25%
300 -0.444479 0.00104237 68%
301 -0.444441 0.00103963 69.45%
302 -0.444479 0.0010369 68.8%
303 -0.444535 0.00103496 70.3%
304 -0.444498 0.00103221 70.7%
305 -0.444514 0.00102894 67.55%
306 -0.444478 0.00102618 68.9%
307 -0.444453 0.00102314 69.35%
308 -0.444504 0.00102106 69%
309 -0.444523 0.00101793 69%
310 -0.444479 0.00101562 70.3%
311 -0.444412 0.00101454 67.5%
312 -0.444414 0.00101128 69.2%
313 -0.444389 0.00100838 68.55%
314 -0.444412 0.00100544 68.8%
315 -0.444465 0.00100363 69.9%
316 -0.4444 0.00100252 68.75%
317 -0.444451 0.00100062 70.3%
318 -0.444401 0.000998722 69.3%
319 -0.444343 0.000997245 70.75%
320 -0.444378 0.000994729 69.5%
321 -0.444396 0.000991797 70.9%
322 -0.44445 0.000990183 70.15%
323 -0.444444 0.00098713 68.55%
324 -0.444441 0.000984084 70.9%
325 -0.444413 0.000981444 70.6%
326 -0.444519 0.000984148 68.05%
327 -0.444474 0.00098219 70.1%
328 -0.444495 0.000979428 70.6%
329 -0.444496 0.000976446 68.05%
330 -0.444546 0.000974797 71.5%
331 -0.444595 0.000973055 68.9%
332 -0.444627 0.00097065 69.65%
333 -0.444585 0.00096862 69.95%
334 -0.444604 0.000965905 69.25%
335 -0.444474 0.00097181 69.65%
336 -0.444507 0.00096948 69.4%
337 -0.444529 0.000966859 70.1%
338 -0.44446 0.000966499 71.45%
339 -0.444374 0.000967433 67.4%
340 -0.444364 0.000964641 70.45%
341 -0.44435 0.000961908 70.35%
342 -0.444027 0.0010119 69.8%
343 -0.44403 0.00100895 69.35%
344 -0.444004 0.00100636 70.55%
345 -0.444034 0.00100387 69.05%
346 -0.444053 0.00100115 70.2%
347 -0.444025 0.000998671 69.25%
348 -0.44402 0.000995807 70.05%
349 -0.44402 0.000992949 70%
350 -0.444033 0.000990182 70.05%
351 -0.444033 0.000987357 69.85%
352 -0.444113 0.000987828 69.85%
353 -0.444124 0.000985089 71.1%
354 -0.444006 0.000989369 69.25%
355 -0.444097 0.000990748 70.95%
356 -0.444029 0.00099031 69.25%
357 -0.444021 0.000987565 68.1%
358 -0.444006 0.00098491 67.55%
359 -0.444001 0.000982177 68.5%
360 -0.444092 0.000983687 68.7%
361 -0.444035 0.00098266 66.75%
362 -0.444027 0.000979971 68.05%
363 -0.444049 0.000977508 69.4%
364 -0.443985 0.00097687 68.8%
365 -0.444063 0.000977297 70.35%
366 -0.444098 0.000975239 70.4%
367 -0.444155 0.00097426 68.9%
368 -0.444168 0.000971698 70%
369 -0.444223 0.00097062 68.4%
370 -0.444201 0.000968243 69.75%
371 -0.444135 0.000967882 70.55%
372 -0.444071 0.000967445 69.6%
373 -0.444057 0.000964941 69.55%
374 -0.44408 0.000962627 70.25%
375 -0.444051 0.000960495 70.1%
376 -0.444069 0.000958107 69.1%
377 -0.444062 0.000955588 68.95%
378 -0.444128 0.000955321 68%
379 -0.444128 0.000952797 68.85%
380 -0.44419 0.000952286 69.05%
381 -0.44416 0.00095024 68.85%
382 -0.444114 0.000948867 68.6%
383 -0.444158 0.000947381 68.5%
384 -0.444194 0.000945616 69.85%
385 -0.44427 0.000946189 69.15%
386 -0.444264 0.000943752 68.5%
387 -0.444272 0.000941345 69.6%
388 -0.444254 0.000939086 67.3%
389 -0.44429 0.000937352 69.1%
390 -0.444339 0.000936225 69.7%
391 -0.444374 0.000934472 70.5%
392 -0.444362 0.000932166 69.2%
393 -0.444392 0.000930278 69.1%
394 -0.44436 0.00092844 68.35%
395 -0.444397 0.000926817 69.7%
396 -0.444471 0.000927386 69.85%
397 -0.444424 0.000926204 69.05%
398 -0.444377 0.000925075 70.65%
399 -0.444374 0.000922759 69.3%
400 -0.444322 0.000921903 69.55%
401 -0.444335 0.000919685 69.4%
402 -0.444361 0.000917783 70.05%
403 -0.444285 0.000918646 66.8%
404 -0.444251 0.000917027 70.25%
405 -0.444234 0.000914917 68.4%
406 -0.444172 0.000914735 69.25%
407 -0.444068 0.000918435 69.25%
408 -0.44407 0.000916184 68.7%
409 -0.444016 0.000915556 69.35%
410 -0.443816 0.000935 68.9%
411 -0.443856 0.000933588 69.3%
412 -0.44389 0.000931944 70.4%
413 -0.443929 0.000930503 69.25%
414 -0.443911 0.000928425 69.4%
415 -0.443866 0.000927294 68.55%
416 -0.443908 0.000926012 69.45%
417 -0.443913 0.000923802 68.7%
418 -0.443858 0.000923204 69.15%
419 -0.443723 0.000930898 69.65%
420 -0.443537 0.000947072 69.7%
421 -0.443538 0.00094482 69.65%
422 -0.443538 0.000942579 68.6%
423 -0.44355 0.000940421 69.15%
424 -0.443581 0.000938724 71.45%
425 -0.443567 0.000936626 68.6%
426 -0.443552 0.000934539 68.65%
427 -0.443546 0.000932368 70.65%
428 -0.443642 0.000935181 69.4%
429 -0.443646 0.000933006 70.45%
430 -0.443608 0.000931603 70.1%
431 -0.443649 0.000930347 70.8%
432 -0.443638 0.000928262 70.15%
433 -0.443702 0.000928357 72%
434 -0.44365 0.000927704 69.15%
435 -0.443667 0.000925737 69.45%
436 -0.443706 0.0009244 68.65%
437 -0.443694 0.000922356 71.45%
438 -0.443721 0.000920647 69.25%
439 -0.443753 0.00091911 69.4%
440 -0.443745 0.000917059 71.15%
441 -0.44375 0.000914995 69.4%
442 -0.443768 0.000913101 68.7%
443 -0.44375 0.00091123 68.3%
444 -0.443772 0.000909443 70.25%
445 -0.443807 0.000908087 69.25%
446 -0.443718 0.000910422 68%
447 -0.443771 0.000909905 68.7%
448 -0.443748 0.000908145 68.15%
449 -0.443743 0.000906138 69.25%
450 -0.443724 0.000904311 68.85%
451 -0.443745 0.000902551 69.8%
452 -0.443713 0.000901124 70.1%
453 -0.443712 0.000899133 67.9%
454 -0.443679 0.000897769 71.05%
455 -0.443663 0.000895933 70.75%
456 -0.44366 0.000893971 69.6%
457 -0.443639 0.000892259 68.9%
458 -0.443634 0.000890323 68.85%
459 -0.44368 0.000889552 67.8%
460 -0.443704 0.000887958 69.7%
461 -0.443657 0.000887312 68%
462 -0.443697 0.000886282 69.9%
463 -0.443704 0.000884401 69.1%
464 -0.443695 0.000882546 68.25%
465 -0.443726 0.000881194 69.6%
466 -0.443775 0.000880656 68.6%
467 -0.443796 0.000879028 70.35%
468 -0.44381 0.000877254 67.7%
469 -0.443799 0.000875446 68.85%
470 -0.44377 0.000874071 68.9%
471 -0.443738 0.000872793 69.05%
472 -0.443786 0.000872296 69.2%
473 -0.44377 0.000870598 70.4%
474 -0.443732 0.000869603 69.75%
475 -0.443708 0.000868096 67.65%
476 -0.443714 0.00086629 69.1%
477 -0.443722 0.000864511 67.15%
478 -0.443722 0.0008627 69.05%
479 -0.443787 0.000863356 67.95%
480 -0.443828 0.000862556 69.2%
481 -0.443803 0.000861141 69.05%
482 -0.443826 0.000859658 70.2%
483 -0.443868 0.000858906 69.85%
484 -0.443814 0.00085883 66.6%
485 -0.443817 0.000857065 69.7%
486 -0.443837 0.000855536 67.6%
487 -0.44389 0.000855435 70.6%
488 -0.443908 0.000853867 68.4%
489 -0.443883 0.000852482 69.4%
490 -0.443798 0.000854969 69.05%
491 -0.443811 0.000853316 70.15%
492 -0.44383 0.000851789 66.75%
493 -0.443817 0.000850159 68.35%
494 -0.443752 0.000850936 70.7%
495 -0.443796 0.000850367 67.85%
496 -0.443783 0.000848755 70.15%
497 -0.443727 0.000848881 68.9%
498 -0.443734 0.000847204 68.55%
499 -0.443729 0.000845516 70.15%
500 -0.443739 0.000843881 69.4%
