1 -0.112943 0 47.4%
2 -0.124135 0.0111922 48.75%
3 -0.139699 0.0168523 49%
4 -0.158429 0.0221993 51.65%
5 -0.151717 0.018459 45.6%
6 -0.140814 0.0186025 48.1%
7 -0.145771 0.0164849 51.5%
8 -0.150403 0.0150092 48.3%
9 -0.146638 0.0137622 48.8%
10 -0.138261 0.0148891 46.55%
11 -0.145461 0.0152718 52%
12 -0.145921 0.0139487 51%
13 -0.143162 0.0131243 48.35%
14 -0.142305 0.0121809 49.35%
15 -0.141856 0.0113487 48%
16 -0.145068 0.0110912 52.15%
17 -0.143194 0.0105856 48.5%
18 -0.144881 0.0101218 48.55%
19 -0.145154 0.00957817 49.45%
20 -0.143233 0.00928734 48.45%
21 -0.142173 0.00889741 47.85%
22 -0.140568 0.00863391 48.6%
23 -0.140346 0.00825297 48.1%
24 -0.139785 0.00792147 49.95%
25 -0.141866 0.00787775 49.7%
26 -0.143637 0.00777321 50.35%
27 -0.142473 0.00756987 48.2%
28 -0.140389 0.00758627 47.55%
29 -0.14163 0.00742438 51.15%
30 -0.141112 0.00719134 48.55%
31 -0.142899 0.00718148 47.75%
32 -0.142713 0.00695592 50.95%
33 -0.142851 0.00674325 49.65%
34 -0.142704 0.00654358 47.3%
35 -0.141597 0.00644957 47.75%
36 -0.141618 0.00626789 50.2%
37 -0.141688 0.00609654 49.45%
38 -0.142164 0.00595299 51.05%
39 -0.141782 0.00581089 49.6%
40 -0.141539 0.00566897 48.8%
41 -0.141606 0.00552938 49.15%
42 -0.141113 0.00541853 48.25%
43 -0.141546 0.00530866 49.9%
44 -0.141423 0.00518806 48.5%
45 -0.141979 0.00510185 50.05%
46 -0.141641 0.00500113 48.65%
47 -0.141524 0.00489496 49.25%
48 -0.1414 0.0047935 48.15%
49 -0.141644 0.004701 50.85%
50 -0.141951 0.00461621 47.35%
51 -0.141942 0.0045248 50.5%
52 -0.14224 0.0044469 49.6%
53 -0.142492 0.00436951 51.7%
54 -0.143347 0.00437216 50.35%
55 -0.142558 0.00436393 47.65%
56 -0.143204 0.00433375 48.15%
57 -0.144206 0.00437344 48.95%
58 -0.14319 0.00441595 47.7%
59 -0.142363 0.00441847 47.6%
60 -0.142896 0.0043768 50%
61 -0.142597 0.00431486 48.7%
62 -0.142151 0.00426806 48.55%
63 -0.141891 0.00420778 47.5%
64 -0.142034 0.00414397 47.9%
65 -0.142279 0.00408706 51.05%
66 -0.142454 0.00402846 49.3%
67 -0.142593 0.00397032 51.15%
68 -0.141996 0.00395673 47.75%
69 -0.142583 0.00394291 52.4%
70 -0.143047 0.00391367 49.9%
71 -0.142947 0.00385944 48.85%
72 -0.143112 0.00380901 48.75%
73 -0.14329 0.00376069 48.4%
74 -0.143953 0.00376837 50.25%
75 -0.144244 0.00372914 48.3%
76 -0.143839 0.00370194 48.4%
77 -0.143797 0.0036538 48.45%
78 -0.143778 0.0036067 50.55%
79 -0.14427 0.0035945 50.3%
80 -0.144375 0.00355085 48.25%
81 -0.14484 0.0035374 50.2%
82 -0.144544 0.00350645 50.3%
83 -0.144346 0.0034696 49.05%
84 -0.144355 0.00342805 51.25%
85 -0.14475 0.00341045 50.05%
86 -0.145128 0.00339175 49.35%
87 -0.145929 0.0034467 50.25%
88 -0.145536 0.00342983 48.6%
89 -0.145042 0.00342692 48.95%
90 -0.145764 0.0034646 52.05%
91 -0.145611 0.00342973 48.55%
92 -0.14594 0.00340823 49.7%
93 -0.145372 0.00341892 47.85%
94 -0.145164 0.00338874 49.1%
95 -0.144674 0.00338848 48.4%
96 -0.144703 0.00335312 52%
97 -0.144534 0.00332269 48.05%
98 -0.144393 0.00329166 49%
99 -0.144923 0.00330118 49.65%
100 -0.144346 0.0033186 49.75%
101 -0.144154 0.00329119 49.1%
102 -0.144064 0.00326 50.25%
103 -0.144038 0.0032283 48.9%
104 -0.144382 0.00321554 49%
105 -0.143703 0.00325642 48.9%
106 -0.143961 0.00323589 49.05%
107 -0.144153 0.00321126 49%
108 -0.144411 0.00319177 50.65%
109 -0.144647 0.00317117 48.1%
110 -0.144298 0.00316155 48.65%
111 -0.144197 0.00313457 50.5%
112 -0.144054 0.00310975 48.2%
113 -0.143369 0.00315714 47.6%
114 -0.142957 0.00315641 46.95%
115 -0.142996 0.00312909 51.05%
116 -0.143651 0.00317031 51.7%
117 -0.143358 0.00315669 49.25%
118 -0.143578 0.00313753 48.9%
119 -0.143178 0.0031367 46.4%
120 -0.143482 0.00312526 50.95%
121 -0.142981 0.00313944 48.8%
122 -0.142903 0.0031146 50.3%
123 -0.142851 0.00308961 48.6%
124 -0.142975 0.00306713 50.75%
125 -0.142339 0.0031083 47.1%
126 -0.142022 0.00309975 47.6%
127 -0.142438 0.00310329 49.3%
128 -0.142266 0.00308379 49.25%
129 -0.142304 0.00306003 48.1%
130 -0.141932 0.00305914 48.6%
131 -0.141834 0.00303726 50.65%
132 -0.14181 0.00301426 50.85%
133 -0.14199 0.00299694 50.1%
134 -0.142186 0.00298092 49.65%
135 -0.142004 0.00296434 46.95%
136 -0.141857 0.00294612 47.3%
137 -0.141962 0.00292642 51%
138 -0.141737 0.00291388 48.55%
139 -0.141622 0.00289513 48.45%
140 -0.141599 0.00287447 47.7%
141 -0.141429 0.00285903 48.1%
142 -0.141693 0.00285108 50.95%
143 -0.141858 0.00283589 50.1%
144 -0.141563 0.00283159 48.85%
145 -0.141606 0.00281233 51.15%
146 -0.141622 0.00279305 49.6%
147 -0.141848 0.00278318 50.35%
148 -0.141955 0.00276637 47.1%
149 -0.14153 0.00278038 47.55%
150 -0.141742 0.00276988 47.65%
151 -0.14152 0.00276041 47.7%
152 -0.141716 0.0027492 51.95%
153 -0.141837 0.00273384 50%
154 -0.141903 0.00271684 50.5%
155 -0.142225 0.00271836 49.65%
156 -0.14231 0.0027022 50.15%
157 -0.142468 0.00268962 50.4%
158 -0.142605 0.00267602 50.3%
159 -0.142716 0.00266147 50%
160 -0.142794 0.00264591 50.2%
161 -0.142845 0.00262992 49.05%
162 -0.142581 0.00262688 48.4%
163 -0.142764 0.00261713 50.75%
164 -0.142386 0.00262842 46.5%
165 -0.142956 0.00267381 49.1%
166 -0.143138 0.00266389 50.45%
167 -0.143105 0.0026481 50.75%
168 -0.143575 0.00267393 50.4%
169 -0.143658 0.00265935 49.3%
170 -0.143689 0.00264385 49.1%
171 -0.143653 0.00262859 50%
172 -0.143873 0.00262245 49.25%
173 -0.143818 0.00260781 48.95%
174 -0.144087 0.00260662 51.25%
175 -0.143927 0.0025966 49.4%
176 -0.143607 0.0026015 48.7%
177 -0.143854 0.00259844 50.6%
178 -0.143471 0.00261201 47.6%
179 -0.143391 0.0025986 49.15%
180 -0.143668 0.00259894 51.35%
181 -0.143552 0.00258714 50.05%
182 -0.143395 0.00257768 48.2%
183 -0.143197 0.00257118 48.95%
184 -0.143466 0.0025712 52.2%
185 -0.143073 0.00258725 48.1%
186 -0.143167 0.00257501 50.9%
187 -0.142984 0.00256769 47.35%
188 -0.143086 0.00255604 50.4%
189 -0.142963 0.00254546 46.75%
190 -0.142795 0.00253758 48.95%
191 -0.142497 0.00254183 49.3%
192 -0.142722 0.00253857 48.7%
193 -0.142779 0.00252603 48.7%
194 -0.142935 0.00251776 52.1%
195 -0.14286 0.00250592 48.05%
196 -0.143094 0.00250408 49%
197 -0.143378 0.00250745 50.55%
198 -0.143053 0.00251585 48.25%
199 -0.143152 0.00250515 50.65%
200 -0.143184 0.0024928 50.75%
201 -0.143277 0.0024821 48.9%
202 -0.14353 0.00248276 49.85%
203 -0.143457 0.00247159 47.75%
204 -0.143773 0.00247964 50.95%
205 -0.143689 0.00246894 48.2%
206 -0.14368 0.00245694 47.7%
207 -0.143588 0.00244677 49.7%
208 -0.14341 0.00244145 49.95%
209 -0.143518 0.00243211 47.65%
210 -0.143614 0.0024224 48.05%
211 -0.143611 0.0024109 50.15%
212 -0.143785 0.00240578 49.75%
213 -0.14383 0.00239489 51.4%
214 -0.143593 0.00239545 47.25%
215 -0.143695 0.00238644 49.3%
216 -0.143525 0.00238143 49.65%
217 -0.143375 0.00237513 45.6%
218 -0.14338 0.00236422 48.15%
219 -0.143342 0.00235371 48.35%
220 -0.143169 0.00234936 48.95%
221 -0.143192 0.00233882 48.9%
222 -0.14365 0.00237281 51.75%
223 -0.143634 0.0023622 49.85%
224 -0.143482 0.00235656 48.5%
225 -0.143386 0.00234803 48.6%
226 -0.143582 0.00234582 47.55%
227 -0.144035 0.00237894 53.1%
228 -0.144059 0.0023686 50.7%
229 -0.144126 0.00235918 48%
230 -0.144018 0.00235135 48.6%
231 -0.144143 0.00234445 48.65%
232 -0.144022 0.00233744 50.4%
233 -0.143992 0.00232757 48.3%
234 -0.144286 0.00233614 51.5%
235 -0.144372 0.00232775 48.25%
236 -0.14429 0.00231932 49.2%
237 -0.144357 0.00231051 48.8%
238 -0.144229 0.00230437 49.05%
239 -0.144119 0.00229731 49.35%
240 -0.144114 0.00228773 47.9%
241 -0.144286 0.00228468 50.7%
242 -0.144225 0.00227604 48.3%
243 -0.144105 0.00226984 49.25%
244 -0.144032 0.00226169 48.55%
245 -0.143904 0.00225604 50.5%
246 -0.143887 0.00224692 49.95%
247 -0.143732 0.00224322 47.65%
248 -0.143576 0.00223958 46.7%
249 -0.143647 0.00223171 49.2%
250 -0.143531 0.00222578 45.85%
251 -0.143574 0.00221731 49.95%
252 -0.143454 0.00221176 49.8%
253 -0.143466 0.00220304 49.95%
254 -0.143525 0.00219514 49.2%
255 -0.14381 0.00220497 52.35%
256 -0.143776 0.0021966 49.3%
257 -0.143728 0.00218857 47.95%
258 -0.143753 0.00218022 48.1%
259 -0.143925 0.00217859 49.5%
260 -0.143657 0.00218667 48.5%
261 -0.143521 0.00218252 48.3%
262 -0.143499 0.00217429 50.85%
263 -0.143634 0.00217021 48.3%
264 -0.143627 0.00216199 47.9%
265 -0.14355 0.00215521 48.25%
266 -0.143468 0.00214863 47%
267 -0.143916 0.00218691 52.9%
268 -0.143882 0.002179 49.6%
269 -0.143988 0.0021735 48.9%
270 -0.144225 0.00217833 50.7%
271 -0.144123 0.00217268 48.45%
272 -0.144065 0.00216545 49.5%
273 -0.144053 0.00215754 48.6%
274 -0.143922 0.00215365 50.45%
275 -0.143861 0.00214668 48.6%
276 -0.143594 0.00215548 48.25%
277 -0.143645 0.0021483 48.25%
278 -0.143678 0.0021408 51.85%
279 -0.143792 0.00213618 51.4%
280 -0.144032 0.00214197 52.15%
281 -0.143993 0.00213468 47.65%
282 -0.143945 0.00212764 49.25%
283 -0.144033 0.00212194 49.85%
284 -0.143806 0.00212661 47.7%
285 -0.143836 0.00211935 49.1%
286 -0.143729 0.00211464 48.3%
287 -0.143591 0.00211178 47.4%
288 -0.143502 0.0021063 45.7%
289 -0.143466 0.00209931 47.75%
290 -0.143651 0.0021002 50.3%
291 -0.143611 0.00209335 47.25%
292 -0.14331 0.00210775 48%
293 -0.143291 0.00210063 49.05%
294 -0.143217 0.00209479 49.6%
295 -0.143098 0.00209105 49.25%
296 -0.14332 0.00209575 50.7%
297 -0.143484 0.00209508 48.45%
298 -0.143612 0.00209197 50.7%
299 -0.143487 0.00208871 51.55%
300 -0.143645 0.00208772 49.25%
301 -0.143577 0.00208187 49.05%
302 -0.143377 0.00208458 47.95%
303 -0.143462 0.00207944 51.25%
304 -0.143597 0.00207695 49.95%
305 -0.143775 0.00207774 50.8%
306 -0.143866 0.00207293 52.15%
307 -0.143843 0.00206629 49.75%
308 -0.14389 0.00206011 50.1%
309 -0.143847 0.00205388 49%
310 -0.143792 0.002048 49.3%
311 -0.143796 0.00204141 49.2%
312 -0.143794 0.00203486 47.3%
313 -0.143802 0.00202836 47.85%
314 -0.143864 0.00202286 49.5%
315 -0.143751 0.00201962 49.75%
316 -0.143706 0.00201372 48.2%
317 -0.143762 0.00200814 50.2%
318 -0.1437 0.00200277 50.25%
319 -0.143641 0.00199735 48.95%
320 -0.143595 0.00199164 51.5%
321 -0.14358 0.00198549 49.25%
322 -0.143733 0.00198523 49.6%
323 -0.143618 0.00198244 48.25%
324 -0.143597 0.00197641 51.3%
325 -0.143744 0.00197578 50.15%
326 -0.14381 0.00197083 49.75%
327 -0.143738 0.00196611 48.05%
328 -0.143822 0.0019619 51.85%
329 -0.143657 0.0019629 47.45%
330 -0.143669 0.00195697 49%
331 -0.143731 0.00195206 49.85%
332 -0.143739 0.00194619 49.15%
333 -0.143828 0.00194237 49.05%
334 -0.143906 0.00193813 49.05%
335 -0.144014 0.00193537 48.9%
336 -0.144143 0.00193386 50.85%
337 -0.14402 0.00193201 48.35%
338 -0.143974 0.00192682 49.45%
339 -0.144089 0.00192455 51.4%
340 -0.144175 0.0019208 47.95%
341 -0.144097 0.00191675 50.15%
342 -0.144054 0.00191162 49.75%
343 -0.144166 0.00190932 50.5%
344 -0.144271 0.00190669 51.25%
345 -0.144427 0.00190749 49.25%
346 -0.144347 0.00190364 47.45%
347 -0.144487 0.00190329 49.7%
348 -0.144527 0.00189824 50.25%
349 -0.144445 0.00189455 48.1%
350 -0.144527 0.0018909 49.9%
351 -0.144525 0.0018855 48.5%
352 -0.144577 0.00188085 50.9%
353 -0.144876 0.00189927 50.35%
354 -0.144864 0.00189394 48.6%
355 -0.144801 0.00188964 49.45%
356 -0.1448 0.00188432 47.4%
357 -0.144813 0.00187909 48.2%
358 -0.144954 0.00187909 51.15%
359 -0.144803 0.00187993 49.8%
360 -0.144838 0.00187504 50.1%
361 -0.14496 0.00187378 50.05%
362 -0.144823 0.00187361 47.2%
363 -0.144883 0.00186942 50.25%
364 -0.14495 0.0018655 50.35%
365 -0.144804 0.00186612 47.25%
366 -0.145014 0.00187278 50.2%
367 -0.145058 0.0018682 51.4%
368 -0.144967 0.00186533 48.45%
369 -0.144937 0.00186052 48.8%
370 -0.144813 0.00185959 48.35%
371 -0.144803 0.0018546 46.5%
372 -0.144977 0.00185776 50%
373 -0.145 0.00185292 48.25%
374 -0.144837 0.00185506 50.05%
375 -0.144786 0.00185083 50.7%
376 -0.144781 0.00184591 48.7%
377 -0.144946 0.00184838 50.7%
378 -0.14501 0.0018446 48.15%
379 -0.144934 0.00184127 48.5%
380 -0.144849 0.0018384 49.55%
381 -0.144926 0.00183517 49.45%
382 -0.144788 0.00183549 48.6%
383 -0.144877 0.00183283 47.9%
384 -0.144877 0.00182805 49.4%
385 -0.14499 0.00182679 51.85%
386 -0.14489 0.00182478 48.15%
387 -0.144923 0.00182036 49.25%
388 -0.144924 0.00181566 49.3%
389 -0.144953 0.00181123 51.55%
390 -0.144989 0.00180693 49.1%
391 -0.144847 0.00180785 49.45%
392 -0.144923 0.00180483 50.05%
393 -0.144931 0.00180025 48.75%
394 -0.14487 0.00179671 48.85%
395 -0.144778 0.00179453 49.65%
396 -0.144878 0.00179279 50.2%
397 -0.145022 0.00179406 51.65%
398 -0.145078 0.00179042 49.25%
399 -0.14527 0.00179623 52.45%
400 -0.145382 0.0017952 48.85%
401 -0.145487 0.00179379 51.55%
402 -0.145633 0.00179529 50.2%
403 -0.145772 0.00179621 50.95%
404 -0.145797 0.00179194 50.15%
405 -0.145824 0.00178771 49.45%
406 -0.145848 0.00178346 48.5%
407 -0.145673 0.00178765 48.35%
408 -0.145464 0.00179547 48.05%
409 -0.145463 0.00179107 50.75%
410 -0.145528 0.00178788 49.85%
411 -0.145421 0.0017867 47.6%
412 -0.145473 0.00178313 49.6%
413 -0.145531 0.00177974 50.35%
414 -0.145429 0.00177836 47.35%
415 -0.145484 0.00177492 50.85%
416 -0.145541 0.00177156 50.35%
417 -0.145589 0.00176796 50.05%
418 -0.145577 0.00176377 51.55%
419 -0.145569 0.00175957 50.35%
420 -0.145577 0.00175539 51.5%
421 -0.145739 0.00175868 51.05%
422 -0.145759 0.00175462 49.7%
423 -0.14581 0.00175122 48.2%
424 -0.145837 0.00174729 50.45%
425 -0.14585 0.00174322 51.65%
426 -0.145867 0.00173921 50.35%
427 -0.145822 0.00173571 48.05%
428 -0.14567 0.00173835 47.3%
429 -0.145623 0.00173493 48.25%
430 -0.145767 0.00173689 49.5%
431 -0.14568 0.00173505 48.6%
432 -0.145672 0.00173105 49.3%
433 -0.145523 0.00173346 50.15%
434 -0.145595 0.00173096 48.95%
435 -0.14563 0.00172734 50%
436 -0.145569 0.00172447 49.8%
437 -0.145502 0.00172182 48.5%
438 -0.145578 0.00171957 49.95%
439 -0.145556 0.0017158 49.3%
440 -0.145539 0.00171197 48.45%
441 -0.145647 0.00171149 49.55%
442 -0.145599 0.00170829 47.3%
443 -0.145615 0.0017045 49.6%
444 -0.145863 0.00171873 53.35%
445 -0.145832 0.00171514 48.4%
446 -0.14593 0.00171408 50.65%
447 -0.145878 0.00171102 48.95%
448 -0.146013 0.00171253 50.95%
449 -0.146036 0.00170887 50.35%
450 -0.146049 0.00170511 50.55%
451 -0.146022 0.00170154 49.45%
452 -0.146066 0.00169833 49.4%
453 -0.14605 0.00169465 49.9%
454 -0.145981 0.00169234 49.3%
455 -0.145948 0.00168894 49.1%
456 -0.146063 0.00168916 50.15%
457 -0.146087 0.00168563 49.1%
458 -0.146096 0.00168197 48.9%
459 -0.146038 0.00167929 49.1%
460 -0.145857 0.00168547 46.95%
461 -0.145825 0.00168211 48.3%
462 -0.145747 0.00168025 47.65%
463 -0.145689 0.00167761 49.45%
464 -0.14571 0.00167412 51.1%
465 -0.145706 0.00167052 50.4%
466 -0.145639 0.00166828 49.65%
467 -0.145762 0.0016692 51.2%
468 -0.145764 0.00166563 48.2%
469 -0.145807 0.00166263 49.95%
470 -0.145795 0.00165913 49.65%
471 -0.145774 0.00165574 49.95%
472 -0.145856 0.00165426 50.85%
473 -0.14584 0.00165084 49.1%
474 -0.14588 0.00164785 49.9%
475 -0.145948 0.00164578 49.4%
476 -0.145927 0.00164246 51.55%
477 -0.145851 0.00164078 48.55%
478 -0.145822 0.0016376 49.6%
479 -0.145912 0.00163665 47.35%
480 -0.145934 0.00163339 49.55%
481 -0.145846 0.00163242 48.75%
482 -0.145909 0.00163027 52.15%
483 -0.145874 0.00162728 51.5%
484 -0.14594 0.00162528 49.8%
485 -0.145946 0.00162193 48.45%
486 -0.145959 0.00161865 47.1%
487 -0.146021 0.00161649 51.2%
488 -0.146028 0.00161319 49.3%
489 -0.146066 0.00161033 48.65%
490 -0.146121 0.00160799 49.85%
491 -0.146179 0.00160576 49.45%
492 -0.146116 0.00160374 48.65%
493 -0.14613 0.00160054 50.05%
494 -0.146182 0.00159817 49.35%
495 -0.146206 0.00159511 47.4%
496 -0.146113 0.00159461 48.1%
497 -0.145944 0.00160035 48%
498 -0.145926 0.00159723 48.1%
499 -0.145914 0.00159407 50.75%
500 -0.146008 0.00159368 50.8%
