0 1 0
1 1.41579 0.0392367
2 1.73849 0.0391354
3 2.01063 0.0380948
4 2.25157 0.0381973
5 2.45752 0.0389305
6 2.64232 0.0376854
7 2.82892 0.0355181
8 2.99882 0.0378772
9 3.16706 0.037617
10 3.32177 0.0426962
11 3.47349 0.0443873
12 3.61446 0.0459129
13 3.75243 0.0464657
14 3.88265 0.0484317
15 4.01585 0.0464434
16 4.14774 0.0457462
17 4.27115 0.0443833
18 4.38798 0.0452424
19 4.49849 0.0454064
20 4.60671 0.0470063
21 4.70653 0.0426217
22 4.80457 0.0416006
23 4.91562 0.0416423
24 5.00825 0.0414662
25 5.11307 0.0394501
26 5.19994 0.0387609
27 5.29973 0.0364416
28 5.39001 0.0355499
29 5.48821 0.0328671
30 5.57857 0.0334187
31 5.65951 0.0343255
32 5.7524 0.036293
33 5.84027 0.0365144
34 5.92342 0.0360158
35 6.01033 0.0349188
36 6.09008 0.0357107
37 6.17485 0.0359748
38 6.26018 0.0356893
39 6.34089 0.0372322
40 6.42357 0.0358864
41 6.49817 0.0346298
42 6.56967 0.0354511
43 6.64701 0.0356317
44 6.72277 0.0355784
45 6.80028 0.034624
46 6.86839 0.0339585
47 6.94254 0.0338648
48 7.01814 0.0347765
49 7.08819 0.0339335
50 7.15445 0.0320805
51 7.22466 0.0324604
52 7.29139 0.0319216
53 7.36512 0.0314318
54 7.42298 0.0301111
55 7.4888 0.0309555
56 7.55966 0.0323448
57 7.62492 0.0322703
58 7.69501 0.0324325
59 7.75531 0.0324651
60 7.82303 0.0322513
61 7.8819 0.0319261
62 7.94236 0.0323909
63 8.00028 0.0336321
64 8.06071 0.0349508
65 8.13165 0.035024
66 8.19509 0.0353165
67 8.26262 0.0353117
68 8.32484 0.03553
69 8.38189 0.0361013
70 8.44225 0.03549
71 8.49874 0.0346312
72 8.55705 0.0356234
73 8.62651 0.0366871
74 8.68019 0.0374628
75 8.74569 0.0383715
76 8.8005 0.0377176
77 8.85372 0.0367922
78 8.90843 0.0365581
79 8.96787 0.0372034
80 9.02162 0.037632
81 9.08597 0.0379362
82 9.14905 0.0386114
83 9.20406 0.0388159
84 9.25163 0.0385564
85 9.30232 0.0380668
86 9.36416 0.0373329
87 9.41451 0.0371633
88 9.47163 0.0359823
89 9.52463 0.0356562
90 9.57581 0.0354729
91 9.62334 0.0354024
92 9.67527 0.0351107
93 9.72169 0.0349741
94 9.77246 0.0351396
95 9.81613 0.033929
96 9.86683 0.0345536
97 9.91591 0.0348167
98 9.96726 0.0343224
99 10.007 0.0345753
