0 1 0
1 1.41863 0.0406231
2 1.73676 0.0425831
3 1.99613 0.0426082
4 2.2315 0.0445297
5 2.44383 0.0425234
6 2.64557 0.0411176
7 2.83267 0.0374265
8 3.00617 0.0385869
9 3.17755 0.0393767
10 3.32871 0.041414
11 3.47781 0.0404665
12 3.61939 0.0405577
13 3.75697 0.0404675
14 3.88647 0.0419172
15 4.01965 0.0402496
16 4.14741 0.039566
17 4.27299 0.0412269
18 4.39702 0.0424822
19 4.49606 0.0451329
20 4.6005 0.0453696
21 4.7073 0.0451165
22 4.80881 0.0462135
23 4.9217 0.0458279
24 5.03586 0.0469477
25 5.12842 0.0470812
26 5.22036 0.0456933
27 5.31686 0.0434453
28 5.40522 0.0409864
29 5.50381 0.0395894
30 5.5922 0.0388829
31 5.67809 0.0386763
32 5.7584 0.0385787
33 5.84247 0.0368623
34 5.92621 0.0379928
35 6.00469 0.0387015
36 6.07691 0.0387287
37 6.17169 0.0387356
38 6.26357 0.0390511
39 6.33856 0.0392407
40 6.4133 0.0395726
41 6.48504 0.0403795
42 6.56022 0.040485
43 6.63045 0.0406568
44 6.71163 0.0399599
45 6.77547 0.0388886
46 6.85257 0.0380109
47 6.91556 0.0387248
48 6.98726 0.0390015
49 7.06273 0.0382695
50 7.12237 0.0400768
51 7.18976 0.0414561
52 7.25855 0.0413179
53 7.3264 0.042421
54 7.39862 0.0438306
55 7.46756 0.043195
56 7.53945 0.0448379
57 7.6084 0.0433814
58 7.6643 0.0424471
59 7.7321 0.0430718
60 7.7985 0.0423663
61 7.86473 0.0421807
62 7.93215 0.0421789
63 7.9967 0.0427596
64 8.05045 0.0430286
65 8.11019 0.0435182
66 8.17586 0.0447083
67 8.24188 0.0449548
68 8.29765 0.0440902
69 8.35331 0.0442002
70 8.40672 0.0446905
71 8.4667 0.0449742
72 8.5291 0.0449097
73 8.58886 0.0450486
74 8.65002 0.0450046
75 8.70179 0.0460185
76 8.75932 0.0465142
77 8.81305 0.0467936
78 8.86475 0.0462105
79 8.92326 0.0464573
80 8.97373 0.0461253
81 9.02938 0.0458586
82 9.08373 0.0461646
83 9.14613 0.0466527
84 9.20599 0.0467029
85 9.26324 0.0454405
86 9.32561 0.0456979
87 9.3841 0.0458364
88 9.44469 0.0450839
89 9.49252 0.0449853
90 9.54771 0.0464971
91 9.59463 0.0451378
92 9.64463 0.0446931
93 9.68987 0.0447832
94 9.75073 0.0449709
95 9.80593 0.0451116
96 9.8561 0.0451604
97 9.91347 0.0452222
98 9.96247 0.0458782
99 10.0077 0.0462719
