#     BLOCK:   ACTUAL_KE:    KE_AVE:      ERROR:
           1     1.45529     1.45529           0
           2     1.45716     1.45623 0.000660286
           3     1.46141     1.45795  0.00147757
           4     1.46924     1.46078  0.00268239
           5     1.48308     1.46524   0.0045304
           6     1.50866     1.47247  0.00760891
           7     1.54097     1.48226   0.0111633
           8     1.57581     1.49395   0.0146651
           9     1.60321     1.50609   0.0173471
          10     1.63518       1.519   0.0198426
          11     1.66516     1.53229   0.0220428
          12     1.66727     1.54354   0.0228967
          13     1.66335     1.55275   0.0229153
          14     1.69638     1.56301   0.0234628
          15     1.70907     1.57275   0.0238335
          16     1.70983     1.58132   0.0238342
          17      1.7154      1.5892   0.0237013
          18     1.73055     1.59706   0.0236496
          19     1.72501     1.60379    0.023344
          20     1.74384     1.61079   0.0232033
          21      1.7423     1.61706   0.0229278
          22     1.77054     1.62403   0.0229225
          23     1.78894      1.6312     0.02302
          24     1.80033     1.63825   0.0231143
          25     1.83342     1.64606   0.0234712
          26     1.81343     1.65249   0.0234346
          27     1.82371     1.65883   0.0234089
          28     1.78561     1.66336   0.0230066
          29     1.77455      1.6672   0.0225305
          30     1.77112     1.67066   0.0220442
          31     1.75942     1.67352   0.0215182
          32     1.78011     1.67685    0.021102
          33     1.76219     1.67944   0.0206204
          34     1.79632     1.68288   0.0202984
          35     1.78794     1.68588   0.0199392
          36     1.78829     1.68873   0.0195872
          37     1.77581     1.69108   0.0191987
          38     1.81768     1.69441   0.0189804
          39     1.80066     1.69713   0.0186882
          40     1.80399     1.69981   0.0184109
          41     1.83492      1.7031   0.0182544
          42     1.81386     1.70574   0.0180093
          43     1.80746      1.7081   0.0177451
          44     1.80434     1.71029   0.0174761
          45     1.80412     1.71238   0.0172117
          46     1.78707       1.714   0.0169139
          47      1.7909     1.71564    0.016633
          48     1.79422     1.71727   0.0163668
          49      1.7655     1.71826   0.0160624
          50     1.80364     1.71997   0.0158317
          51     1.78157     1.72117   0.0155673
          52     1.79716     1.72263   0.0153363
          53     1.79111     1.72393   0.0151013
          54     1.80612     1.72545   0.0148981
          55     1.82538     1.72727   0.0147376
          56     1.79036     1.72839   0.0145175
          57     1.78266     1.72934    0.014294
          58     1.76937     1.73003   0.0140642
          59     1.74361     1.73026   0.0138277
          60     1.74188     1.73046   0.0135986
          61     1.72025     1.73029   0.0133767
          62     1.71578     1.73006    0.013163
          63     1.75344     1.73043   0.0129593
          64     1.74751     1.73069   0.0127595
          65      1.7499     1.73099   0.0125666
          66     1.73721     1.73108   0.0123766
          67     1.72629     1.73101   0.0121921
          68     1.71968     1.73085   0.0120139
          69      1.7021     1.73043    0.011847
          70       1.722     1.73031   0.0116784
          71     1.72578     1.73025   0.0115141
          72     1.73596     1.73032   0.0113544
          73     1.74065     1.73047   0.0111998
          74     1.75825     1.73084   0.0110547
          75     1.77668     1.73145   0.0109242
          76     1.74472     1.73163   0.0107819
          77     1.76489     1.73206   0.0106505
          78      1.7606     1.73243   0.0105202
          79     1.78899     1.73314   0.0104114
          80     1.78319     1.73377      0.0103
          81     1.79853     1.73457   0.0102039
          82     1.79296     1.73528   0.0101042
          83     1.80579     1.73613   0.0100181
          84     1.79838     1.73687  0.00992626
          85     1.78758     1.73747   0.0098274
          86      1.7951     1.73814  0.00973595
          87     1.75761     1.73836  0.00962662
          88     1.75985      1.7386  0.00952032
          89     1.78577     1.73913  0.00942809
          90     1.78291     1.73962  0.00933587
          91     1.77593     1.74002   0.0092418
          92     1.80233      1.7407  0.00916613
          93     1.79429     1.74127  0.00908567
          94     1.78444     1.74173  0.00900061
          95     1.83283     1.74269  0.00895681
          96     1.80908     1.74338  0.00889016
          97     1.79818     1.74395  0.00881645
          98     1.83602     1.74489   0.0087764
          99     1.83734     1.74582  0.00873729
         100     1.80502     1.74641  0.00866995
         101     1.83531     1.74729  0.00862867
         102     1.81413     1.74795  0.00856891
         103     1.78241     1.74828  0.00849225
         104     1.77054      1.7485  0.00841329
         105     1.75802     1.74859  0.00833365
         106      1.7537     1.74864  0.00825517
         107     1.75125     1.74866  0.00817806
         108     1.76926     1.74885  0.00810456
         109     1.80663     1.74938  0.00804752
         110     1.78615     1.74972   0.0079813
         111     1.79428     1.75012  0.00791949
         112     1.77606     1.75035  0.00785217
         113     1.75364     1.75038  0.00778273
         114      1.7577     1.75044  0.00771473
         115     1.76201     1.75054   0.0076483
         116      1.8183     1.75113  0.00760464
         117     1.82024     1.75172  0.00756255
         118     1.81346     1.75224  0.00751654
         119     1.82455     1.75285   0.0074779
         120     1.82525     1.75345  0.00743989
         121     1.83245      1.7541  0.00740699
         122     1.82806     1.75471  0.00737104
         123     1.83775     1.75539  0.00734197
         124      1.8326     1.75601  0.00730911
         125     1.80671     1.75641  0.00726189
         126     1.80913     1.75683  0.00721629
         127     1.84858     1.75756  0.00719555
         128     1.81468       1.758  0.00715316
         129     1.86272     1.75881  0.00714362
         130      1.8231     1.75931  0.00710576
         131      1.8311     1.75986  0.00707262
         132     1.81152     1.76025  0.00702986
         133     1.81917     1.76069  0.00699095
         134     1.82171     1.76115   0.0069536
         135     1.83897     1.76172  0.00692595
         136     1.85758     1.76243  0.00691079
         137       1.888     1.76334  0.00692086
         138     1.86603     1.76409   0.0069106
         139     1.87331     1.76487  0.00690541
         140     1.85499     1.76552  0.00688602
         141     1.83556     1.76601  0.00685508
         142     1.81004     1.76632  0.00681382
         143     1.81483     1.76666  0.00677461
         144     1.83946     1.76717  0.00674639
         145     1.86787     1.76786  0.00673552
         146     1.87295     1.76858  0.00672773
         147     1.85194     1.76915  0.00670582
         148     1.87141     1.76984  0.00669601
         149     1.81801     1.77016  0.00665887
         150     1.78764     1.77028  0.00661549
         151     1.79119     1.77042  0.00657313
         152     1.79145     1.77056  0.00653134
         153     1.82452     1.77091  0.00649817
         154     1.86677     1.77153  0.00648572
         155     1.85384     1.77206  0.00646558
         156     1.89751     1.77287  0.00647395
         157     1.86592     1.77346  0.00645979
         158     1.83236     1.77383  0.00642966
         159      1.8314      1.7742   0.0063994
         160     1.77972     1.77423   0.0063595
         161     1.77037     1.77421  0.00632004
         162     1.74035       1.774  0.00628449
         163     1.74195      1.7738  0.00624901
         164     1.77003     1.77378  0.00621094
         165     1.75884     1.77369  0.00617396
         166     1.76665     1.77364  0.00613691
         167     1.79859     1.77379  0.00610198
         168     1.82034     1.77407  0.00607195
         169     1.79196     1.77418  0.00603694
         170     1.80239     1.77434  0.00600371
         171     1.79342     1.77445  0.00596964
         172     1.76548      1.7744  0.00593516
         173     1.76247     1.77433  0.00590125
         174     1.78319     1.77438  0.00586756
         175     1.74782     1.77423  0.00583599
         176     1.75024      1.7741  0.00580443
         177     1.73066     1.77385  0.00577682
         178     1.71346     1.77351  0.00575432
         179     1.73277     1.77328  0.00572667
         180     1.73664     1.77308  0.00569847
         181     1.73609     1.77288  0.00567065
         182     1.75669     1.77279  0.00564019
         183     1.74836     1.77265  0.00561095
         184     1.76153     1.77259  0.00558078
         185     1.77358      1.7726  0.00555062
         186     1.75443      1.7725  0.00552164
         187     1.75322      1.7724  0.00549307
         188     1.74702     1.77226  0.00546551
         189     1.76327     1.77221   0.0054368
         190     1.76763     1.77219  0.00540824
         191     1.77682     1.77221  0.00537998
         192      1.7859     1.77229  0.00535243
         193     1.81254     1.77249  0.00532876
         194     1.77467     1.77251   0.0053013
         195     1.79968     1.77265  0.00527595
         196     1.75896     1.77258  0.00524949
         197     1.77551     1.77259  0.00522287
         198     1.76866     1.77257  0.00519653
         199     1.77516     1.77258  0.00517043
         200     1.73541      1.7724  0.00514792
         201     1.74792     1.77228  0.00512375
         202     1.74891     1.77216  0.00509969
         203     1.74463     1.77202  0.00507637
         204     1.75057     1.77192  0.00505257
         205     1.74565     1.77179  0.00502955
         206     1.74055     1.77164  0.00500742
         207     1.73792     1.77148  0.00498588
         208     1.74432     1.77135  0.00496362
         209     1.71837     1.77109  0.00494634
         210     1.73624     1.77093  0.00492557
         211     1.72967     1.77073   0.0049061
         212     1.73162     1.77055  0.00488643
         213     1.75781     1.77049  0.00486385
         214     1.73644     1.77033  0.00484373
         215     1.78128     1.77038  0.00482147
         216     1.78322     1.77044  0.00479951
         217     1.76979     1.77044  0.00477739
         218     1.77604     1.77046  0.00475555
         219     1.77056     1.77046  0.00473383
         220     1.81189     1.77065  0.00471606
         221     1.82112     1.77088  0.00470025
         222     1.80783     1.77104  0.00468202
         223     1.80044     1.77118  0.00466288
         224     1.74242     1.77105  0.00464383
         225     1.76369     1.77101  0.00462331
         226     1.71709     1.77078    0.004609
         227     1.74732     1.77067  0.00458986
         228      1.7262     1.77048  0.00457387
         229     1.77949     1.77052  0.00455406
         230     1.78036     1.77056  0.00453447
         231     1.78659     1.77063  0.00451537
         232     1.81373     1.77082  0.00449972
         233      1.8014     1.77095  0.00448233
         234        1.81     1.77111  0.00446628
         235     1.81254     1.77129  0.00445075
         236     1.83532     1.77156  0.00444015
         237     1.84383     1.77187  0.00443188
         238     1.86426     1.77225  0.00443022
         239     1.88519     1.77273  0.00443682
         240     1.89131     1.77322  0.00444576
         241     1.87825     1.77366  0.00444862
         242      1.8772     1.77408  0.00445077
         243     1.86634     1.77446  0.00444861
         244     1.88773     1.77493  0.00445454
         245     1.84086      1.7752  0.00444447
         246      1.8256      1.7754  0.00443113
         247     1.82044     1.77558  0.00441694
         248     1.80136     1.77569  0.00440035
         249     1.82207     1.77587  0.00438662
         250     1.79791     1.77596  0.00436996
         251     1.80991      1.7761  0.00435464
         252     1.81738     1.77626  0.00434044
         253     1.80419     1.77637  0.00432469
         254     1.80039     1.77647  0.00430869
         255     1.79415     1.77654  0.00429235
         256     1.79037     1.77659  0.00427593
         257      1.7987     1.77668  0.00426016
         258     1.79154     1.77673  0.00424403
         259     1.80585     1.77685  0.00422913
         260     1.81288     1.77699  0.00421514
         261     1.78703     1.77702  0.00419916
         262     1.79724      1.7771  0.00418385
         263     1.78314     1.77712    0.004168
         264     1.81125     1.77725  0.00415422
         265     1.82479     1.77743  0.00414241
         266     1.81739     1.77758  0.00412956
         267     1.84484     1.77783  0.00412177
         268     1.85156     1.77811  0.00411556
         269      1.8316     1.77831  0.00410507
         270     1.86241     1.77862  0.00410166
         271      1.8423     1.77885  0.00409325
         272     1.83961     1.77908  0.00408429
         273      1.8461     1.77932   0.0040767
         274     1.83302     1.77952  0.00406653
         275     1.83581     1.77972   0.0040569
         276     1.84746     1.77997  0.00404961
         277     1.81214     1.78009  0.00403666
         278     1.85128     1.78034  0.00403025
         279     1.84382     1.78057  0.00402223
         280     1.85396     1.78083  0.00401639
         281     1.84057     1.78104  0.00400772
         282     1.85256      1.7813  0.00400152
         283     1.80526     1.78138  0.00398828
         284     1.82037     1.78152   0.0039766
         285     1.79026     1.78155  0.00396276
         286     1.80052     1.78162  0.00394946
         287      1.8033     1.78169  0.00393642
         288     1.79234     1.78173  0.00392293
         289     1.80898     1.78182  0.00391049
         290     1.81495     1.78194  0.00389867
         291      1.8172     1.78206  0.00388716
         292     1.83702     1.78225   0.0038784
         293     1.84936     1.78248  0.00387192
         294     1.90602      1.7829  0.00388149
         295     1.87832     1.78322  0.00388178
         296     1.89471      1.7836   0.0038869
         297     1.92513     1.78407  0.00390291
         298     1.89541     1.78445  0.00390766
         299     1.87795     1.78476  0.00390708
         300     1.88304     1.78509  0.00390777
         301     1.86442     1.78535  0.00390366
         302     1.86295     1.78561  0.00389919
         303     1.85029     1.78582  0.00389216
         304     1.83413     1.78598   0.0038826
         305     1.84189     1.78616  0.00387419
         306     1.84662     1.78636  0.00386657
         307      1.8333     1.78651  0.00385699
         308     1.84867     1.78672  0.00384975
         309     1.85643     1.78694  0.00384389
         310     1.82539     1.78707  0.00383349
         311     1.87027     1.78733  0.00383049
         312     1.83364     1.78748  0.00382109
         313      1.8579     1.78771   0.0038155
         314     1.81002     1.78778  0.00380401
         315     1.85943       1.788  0.00379873
         316     1.84962      1.7882  0.00379171
         317     1.85536     1.78841  0.00378566
         318     1.84953      1.7886  0.00377863
         319     1.84216     1.78877  0.00377051
         320     1.82166     1.78887  0.00376013
         321     1.82475     1.78899  0.00375008
         322     1.78356     1.78897  0.00373847
         323     1.79307     1.78898  0.00372692
         324     1.78977     1.78898  0.00371541
         325     1.81019     1.78905  0.00370455
         326     1.81282     1.78912  0.00369391
         327     1.80955     1.78919  0.00368314
         328     1.84957     1.78937  0.00367651
         329     1.84095     1.78953  0.00366868
         330     1.85452     1.78972  0.00366284
         331     1.84709      1.7899  0.00365587
         332     1.83693     1.79004  0.00364761
         333     1.84192     1.79019  0.00363998
         334     1.85271     1.79038  0.00363389
         335     1.83933     1.79053  0.00362598
         336     1.84709      1.7907  0.00361909
         337      1.8217     1.79079  0.00360952
         338     1.83945     1.79093  0.00360171
         339     1.79933     1.79096  0.00359117
         340     1.82456     1.79106  0.00358197
         341     1.81208     1.79112    0.003572
         342     1.78809     1.79111  0.00356157
         343      1.8183     1.79119  0.00355206
         344     1.84136     1.79133  0.00354473
         345     1.84951      1.7915  0.00353847
         346     1.84433     1.79165  0.00353153
         347     1.85091     1.79183  0.00352548
         348     1.87787     1.79207  0.00352401
         349     1.85418     1.79225   0.0035184
         350     1.88555     1.79252  0.00351843
         351     1.86684     1.79273  0.00351478
         352      1.8774     1.79297  0.00351301
         353     1.87018     1.79319  0.00350986
         354      1.8277     1.79329   0.0035013
         355     1.82778     1.79338  0.00349279
         356     1.80661     1.79342  0.00348317
         357     1.82007     1.79349  0.00347422
         358     1.82201     1.79357  0.00346543
         359     1.82103     1.79365  0.00345662
         360     1.84039     1.79378  0.00344945
         361     1.85246     1.79394  0.00344372
         362     1.83009     1.79404  0.00343566
         363      1.8467     1.79419  0.00342925
         364      1.8527     1.79435   0.0034236
         365     1.83934     1.79447  0.00341644
         366     1.87886      1.7947  0.00341487
         367     1.85339     1.79486  0.00340931
         368     1.85604     1.79503   0.0034041
         369     1.85682      1.7952  0.00339899
         370     1.83013     1.79529  0.00339111
         371     1.86027     1.79547  0.00338649
         372      1.8606     1.79564  0.00338191
         373     1.85868     1.79581  0.00337707
         374     1.84895     1.79595  0.00337103
         375     1.91041     1.79626  0.00337583
         376     1.90852     1.79656  0.00338003
         377     1.89023      1.7968  0.00338018
         378     1.88798     1.79705  0.00337983
         379     1.85479      1.7972  0.00337435
         380       1.833     1.79729  0.00336678
         381     1.84335     1.79741  0.00336012
         382     1.86391     1.79759  0.00335583
         383     1.85984     1.79775    0.003351
         384     1.87558     1.79795  0.00334839
         385     1.85592      1.7981  0.00334308
         386      1.8374      1.7982  0.00333597
         387     1.84256     1.79832  0.00332932
         388     1.81746     1.79837   0.0033211
         389     1.80061     1.79837  0.00331257
         390     1.84095     1.79848  0.00330587
         391     1.83793     1.79858  0.00329896
         392     1.83687     1.79868  0.00329199
         393     1.85604     1.79883  0.00328685
         394     1.85468     1.79897  0.00328156
         395     1.82776     1.79904  0.00327406
         396      1.8399     1.79915  0.00326742
         397     1.84979     1.79927  0.00326168
         398     1.80253     1.79928  0.00325349
         399     1.81996     1.79933  0.00324575
         400     1.81895     1.79938  0.00323801
         401      1.7891     1.79936  0.00323003
         402     1.76774     1.79928  0.00322296
         403     1.76763      1.7992  0.00321591
         404     1.77253     1.79913  0.00320863
         405     1.76764     1.79906  0.00320165
         406     1.77071     1.79899  0.00319453
         407      1.7333     1.79882  0.00319075
         408      1.7402     1.79868  0.00318616
         409     1.73502     1.79853  0.00318217
         410     1.72956     1.79836  0.00317885
         411     1.74348     1.79822  0.00317392
         412     1.74148     1.79809  0.00316921
         413     1.77493     1.79803  0.00316203
         414      1.7716     1.79797  0.00315503
         415     1.78546     1.79794  0.00314758
         416     1.82174     1.79799  0.00314053
         417     1.83189     1.79807  0.00313405
         418     1.81658     1.79812  0.00312687
         419      1.8513     1.79825  0.00312198
         420     1.86069     1.79839  0.00311808
         421     1.83343     1.79848  0.00311179
         422     1.84409     1.79859  0.00310629
         423     1.83489     1.79867  0.00310013
         424     1.80597     1.79869  0.00309287
         425     1.82904     1.79876  0.00308641
         426     1.83627     1.79885  0.00308043
         427     1.84939     1.79897  0.00307548
         428     1.85116     1.79909  0.00307072
         429     1.87937     1.79928  0.00306925
         430     1.85489      1.7994  0.00306484
         431     1.85646     1.79954  0.00306059
         432     1.82931     1.79961  0.00305428
         433      1.7815     1.79956  0.00304751
         434     1.80504     1.79958  0.00304052
         435     1.77346     1.79952  0.00303412
         436     1.80474     1.79953  0.00302718
         437     1.83192      1.7996  0.00302116
         438     1.81591     1.79964   0.0030145
         439     1.84617     1.79975  0.00300949
         440     1.84393     1.79985  0.00300433
         441     1.81762     1.79989  0.00299778
         442      1.8522     1.80001  0.00299334
         443     1.84354      1.8001  0.00298819
         444     1.88105     1.80029  0.00298702
         445     1.83147     1.80036  0.00298113
         446     1.85979     1.80049  0.00297742
         447     1.83856     1.80057  0.00297198
         448     1.82527     1.80063  0.00296586
         449     1.79222     1.80061  0.00295931
         450     1.80682     1.80062  0.00295277
         451     1.77525     1.80057  0.00294676
         452      1.8027     1.80057  0.00294024
         453     1.77462     1.80052  0.00293431
         454     1.79931     1.80051  0.00292785
         455     1.79846     1.80051  0.00292141
         456     1.80404     1.80052  0.00291502
         457     1.78666     1.80049   0.0029088
         458     1.81062     1.80051  0.00290253
         459     1.81852     1.80055  0.00289647
         460     1.82099     1.80059  0.00289052
         461     1.84355     1.80068  0.00288575
         462     1.86693     1.80083  0.00288306
         463      1.8971     1.80104  0.00288432
         464      1.8739     1.80119  0.00288238
         465     1.85492     1.80131  0.00287849
         466     1.87865     1.80147   0.0028771
         467       1.842     1.80156  0.00287225
         468     1.86332     1.80169  0.00286914
         469     1.82259     1.80174  0.00286337
         470     1.82685     1.80179  0.00285777
         471     1.82802     1.80185  0.00285225
         472     1.83085     1.80191  0.00284687
         473     1.80757     1.80192  0.00284087
         474     1.80919     1.80194  0.00283492
         475     1.78549      1.8019  0.00282916
         476     1.76507     1.80182  0.00282428
         477     1.78585     1.80179  0.00281856
         478     1.73658     1.80165  0.00281596
         479     1.77316     1.80159  0.00281071
         480      1.7428     1.80147  0.00280752
         481     1.75874     1.80138  0.00280309
         482     1.74657     1.80127  0.00279958
         483      1.7803     1.80123  0.00279412
         484     1.78245     1.80119  0.00278862
         485     1.79243     1.80117  0.00278293
         486     1.79239     1.80115  0.00277726
         487     1.79237     1.80113  0.00277161
         488     1.78395      1.8011  0.00276616
         489      1.7868     1.80107  0.00276066
         490     1.76024     1.80099  0.00275628
         491     1.77178     1.80093  0.00275131
         492     1.77961     1.80088  0.00274606
         493     1.75711     1.80079  0.00274192
         494     1.80107     1.80079  0.00273637
         495     1.78827     1.80077  0.00273096
         496     1.81471      1.8008   0.0027256
         497     1.82437     1.80084  0.00272053
         498      1.8523     1.80095  0.00271703
         499     1.84041     1.80103  0.00271273
         500     1.86105     1.80115  0.00270996
         501     1.87584      1.8013  0.00270865
         502     1.86656     1.80143  0.00270637
         503     1.88674      1.8016   0.0027063
         504     1.88497     1.80176  0.00270598
         505     1.91605     1.80199  0.00271007
         506     1.88999     1.80216  0.00271029
         507     1.87015      1.8023  0.00270826
         508     1.85556      1.8024  0.00270496
         509     1.84665     1.80249  0.00270104
         510     1.81196     1.80251  0.00269581
         511      1.8537     1.80261  0.00269239
         512     1.83178     1.80266  0.00268774
         513     1.87355      1.8028  0.00268605
         514     1.88167     1.80295   0.0026852
         515     1.88082     1.80311  0.00268424
         516     1.87326     1.80324  0.00268248
         517     1.88446      1.8034  0.00268189
         518     1.85364      1.8035  0.00267846
         519     1.85198     1.80359  0.00267493
         520     1.82937     1.80364  0.00267025
         521     1.84638     1.80372  0.00266638
         522     1.85146     1.80381  0.00266284
         523     1.84157     1.80388  0.00265873
         524     1.83761     1.80395  0.00265443
         525     1.88042     1.80409  0.00265337
         526     1.83258     1.80415  0.00264888
         527     1.86148     1.80426  0.00264609
         528     1.82189     1.80429  0.00264128
         529     1.83858     1.80436  0.00263709
         530     1.81474     1.80438  0.00263218
         531     1.79503     1.80436  0.00262729
         532     1.79672     1.80434  0.00262239
         533     1.80339     1.80434  0.00261747
         534     1.79394     1.80432  0.00261264
         535     1.80619     1.80433  0.00260776
         536     1.83126     1.80438  0.00260338
         537     1.82506     1.80441  0.00259881
         538      1.8537     1.80451   0.0025956
         539     1.82692     1.80455  0.00259111
         540     1.83148      1.8046   0.0025868
         541       1.771     1.80454  0.00258276
         542     1.75326     1.80444  0.00257973
         543     1.75804     1.80436  0.00257639
         544     1.73824     1.80423  0.00257452
         545     1.76614     1.80416  0.00257074
         546     1.75898     1.80408  0.00256737
         547     1.76757     1.80401  0.00256354
         548     1.75018     1.80392  0.00256075
         549     1.75254     1.80382  0.00255779
         550     1.75452     1.80373  0.00255471
         551     1.75668     1.80365   0.0025515
         552     1.77921      1.8036  0.00254726
         553     1.73754     1.80348  0.00254546
         554     1.77646     1.80343  0.00254133
         555     1.76213     1.80336  0.00253784
         556     1.74437     1.80325  0.00253549
         557     1.74142     1.80314  0.00253337
         558     1.73913     1.80303  0.00253142
         559     1.75303     1.80294  0.00252848
         560     1.73975     1.80283  0.00252648
         561     1.76724     1.80276  0.00252277
         562     1.75013     1.80267  0.00252002
         563     1.78264     1.80263  0.00251579
         564     1.77873     1.80259  0.00251169
         565      1.7726     1.80254  0.00250781
         566     1.79669     1.80253   0.0025034
         567     1.81136     1.80254  0.00249903
         568     1.82095     1.80258  0.00249484
         569     1.82726     1.80262  0.00249083
         570     1.84836      1.8027  0.00248776
         571     1.84473     1.80277  0.00248449
         572     1.81641      1.8028  0.00248026
         573     1.81208     1.80281  0.00247598
         574     1.76772     1.80275  0.00247242
         575     1.78005     1.80271  0.00246844
         576     1.79174     1.80269  0.00246423
         577     1.78715     1.80267   0.0024601
         578     1.79125     1.80265  0.00245593
         579     1.81457     1.80267  0.00245177
         580     1.81976      1.8027  0.00244772
         581     1.79937     1.80269  0.00244352
         582     1.81717     1.80272  0.00243944
         583       1.796      1.8027  0.00243529
         584     1.76177     1.80263  0.00243212
         585     1.78678     1.80261  0.00242812
         586     1.78759     1.80258  0.00242411
         587      1.7705     1.80253   0.0024206
         588     1.78688      1.8025  0.00241663
         589     1.79547     1.80249  0.00241255
         590     1.77457     1.80244  0.00240893
         591     1.77838      1.8024   0.0024052
         592     1.77848     1.80236  0.00240147
         593     1.78688     1.80233  0.00239756
         594       1.793     1.80232  0.00239358
         595     1.78089     1.80228  0.00238983
         596     1.80536     1.80229  0.00238582
         597     1.80194     1.80229  0.00238183
         598     1.77389     1.80224  0.00237832
         599      1.7729     1.80219  0.00237485
         600     1.74575      1.8021  0.00237275
         601     1.78302     1.80206  0.00236902
         602     1.80101     1.80206  0.00236508
         603     1.80589     1.80207  0.00236117
         604      1.8164     1.80209  0.00235738
         605     1.84395     1.80216   0.0023545
         606     1.86406     1.80226  0.00235283
         607      1.8426     1.80233  0.00234989
         608     1.84795     1.80241  0.00234722
         609     1.83258     1.80246  0.00234389
         610     1.78274     1.80242  0.00234027
         611     1.80079     1.80242  0.00233644
         612     1.77632     1.80238  0.00233302
         613     1.75941     1.80231  0.00233026
         614     1.74557     1.80221   0.0023283
         615     1.75665     1.80214  0.00232569
         616     1.76358     1.80208  0.00232276
         617     1.77165     1.80203  0.00231952
         618     1.78577       1.802  0.00231591
         619     1.82234     1.80204   0.0023124
         620     1.80805     1.80205   0.0023087
         621     1.86904     1.80215   0.0023075
         622     1.84094     1.80222  0.00230463
         623     1.85019     1.80229  0.00230222
         624     1.83591     1.80235  0.00229916
         625     1.82617     1.80238  0.00229579
         626     1.82726     1.80242  0.00229247
         627     1.79644     1.80241  0.00228883
         628     1.81539     1.80244  0.00228528
         629     1.81412     1.80245  0.00228173
         630     1.79582     1.80244  0.00227813
         631      1.7818     1.80241  0.00227475
         632     1.79893     1.80241  0.00227116
         633     1.77753     1.80237  0.00226791
         634     1.80081     1.80236  0.00226434
         635     1.79892     1.80236  0.00226078
         636     1.82873      1.8024   0.0022576
         637     1.82509     1.80243  0.00225434
         638     1.78978     1.80242  0.00225089
         639      1.8377     1.80247  0.00224805
         640     1.80975     1.80248  0.00224456
         641     1.85288     1.80256  0.00224244
         642     1.81956     1.80259   0.0022391
         643     1.86051     1.80268  0.00223743
         644     1.85085     1.80275  0.00223521
         645     1.82854     1.80279   0.0022321
         646     1.83655     1.80284  0.00222926
         647     1.81236     1.80286  0.00222586
         648     1.82017     1.80289  0.00222258
         649     1.77228     1.80284  0.00221966
         650     1.77661      1.8028  0.00221661
         651     1.75729     1.80273  0.00221431
         652     1.75588     1.80266  0.00221208
         653     1.76945     1.80261  0.00220927
         654     1.75237     1.80253  0.00220723
         655     1.76101     1.80247  0.00220477
         656     1.77229     1.80242  0.00220189
         657     1.76487     1.80236  0.00219928
         658     1.77313     1.80232  0.00219639
         659     1.78041     1.80228  0.00219331
         660     1.79466     1.80227  0.00219001
         661     1.83378     1.80232  0.00218722
         662     1.82381     1.80235  0.00218416
         663     1.82938     1.80239  0.00218124
         664     1.82914     1.80243  0.00217833
         665     1.80277     1.80243  0.00217505
         666     1.79281     1.80242  0.00217183
         667     1.78936      1.8024  0.00216867
         668     1.78151     1.80237  0.00216565
         669     1.77085     1.80232  0.00216292
         670     1.77533     1.80228  0.00216007
         671     1.74146     1.80219  0.00215875
         672     1.74909     1.80211  0.00215698
         673     1.75136     1.80204   0.0021551
         674      1.7535     1.80196   0.0021531
         675     1.76181     1.80191  0.00215073
         676     1.74772     1.80182  0.00214904
         677      1.7829      1.8018  0.00214605
         678     1.76349     1.80174  0.00214363
         679     1.73899     1.80165  0.00214246
         680     1.75315     1.80158   0.0021405
         681     1.76618     1.80152  0.00213799
         682     1.77444     1.80149  0.00213522
         683     1.78904     1.80147  0.00213217
         684     1.79606     1.80146  0.00212907
         685     1.81857     1.80148  0.00212611
         686     1.79844     1.80148  0.00212301
         687     1.81722      1.8015  0.00212005
         688     1.80988     1.80151    0.002117
         689      1.8113     1.80153  0.00211398
         690     1.81968     1.80156  0.00211108
         691     1.80684     1.80156  0.00210803
         692     1.80736     1.80157  0.00210501
         693     1.82698     1.80161  0.00210229
         694     1.82021     1.80163  0.00209943
         695     1.83953     1.80169  0.00209712
         696     1.81429     1.80171  0.00209418
         697     1.85885     1.80179  0.00209278
         698     1.86762     1.80188  0.00209191
         699     1.84692     1.80195  0.00208991
         700     1.89823     1.80209  0.00209144
         701     1.89862     1.80222  0.00209299
         702     1.90959     1.80238  0.00209559
         703     1.94313     1.80258  0.00210215
         704     1.91767     1.80274  0.00210551
         705     1.89394     1.80287  0.00210649
         706     1.93149     1.80305  0.00211137
         707     1.90302     1.80319  0.00211311
         708     1.90353     1.80333  0.00211488
         709     1.90039     1.80347  0.00211632
         710     1.88741     1.80359  0.00211664
         711      1.9078     1.80374  0.00211873
         712     1.87733     1.80384  0.00211827
         713     1.88477     1.80395  0.00211834
         714     1.88102     1.80406  0.00211812
         715     1.89613     1.80419  0.00211907
         716      1.8915     1.80431  0.00211962
         717     1.88051     1.80442  0.00211932
         718     1.87944     1.80452  0.00211895
         719      1.8531     1.80459  0.00211708
         720     1.84775     1.80465  0.00211498
         721     1.78821     1.80463  0.00211217
         722     1.78734      1.8046  0.00210938
         723     1.77455     1.80456  0.00210687
         724     1.79722     1.80455  0.00210399
         725     1.78347     1.80452  0.00210129
         726     1.79932     1.80452  0.00209841
         727     1.81169     1.80453  0.00209554
         728     1.80881     1.80453  0.00209267
         729     1.84002     1.80458  0.00209037
         730     1.83257     1.80462  0.00208786
         731     1.86238      1.8047   0.0020865
         732      1.9012     1.80483  0.00208781
         733     1.88571     1.80494  0.00208787
         734     1.91035     1.80508  0.00208996
         735     1.88081     1.80519  0.00208965
         736     1.88553     1.80529  0.00208966
         737     1.84513     1.80535  0.00208753
         738     1.83299     1.80539  0.00208504
         739     1.85161     1.80545  0.00208315
         740     1.81929     1.80547  0.00208042
         741     1.81556     1.80548  0.00207766
         742     1.81782      1.8055  0.00207492
         743     1.81124     1.80551  0.00207215
         744      1.7872     1.80548  0.00206951
         745     1.81336     1.80549  0.00206676
         746     1.81923     1.80551  0.00206407
         747     1.82905     1.80554  0.00206155
         748     1.86737     1.80562  0.00206045
         749     1.87963     1.80572  0.00206006
         750     1.91828     1.80587  0.00206277
         751     1.91686     1.80602  0.00206531
         752     1.93229     1.80619  0.00206938
         753     1.92666     1.80635  0.00207281
         754     1.92384      1.8065  0.00207591
         755       1.923     1.80666  0.00207889
         756     1.86126     1.80673  0.00207739
         757     1.87418     1.80682  0.00207656
         758     1.85764     1.80689   0.0020749
         759     1.82106     1.80691  0.00207225
         760     1.84317     1.80695  0.00207007
         761     1.81253     1.80696  0.00206736
         762     1.80883     1.80696  0.00206465
         763     1.80069     1.80696  0.00206196
         764     1.81546     1.80697  0.00205929
         765     1.83051       1.807  0.00205683
         766      1.8168     1.80701  0.00205419
         767     1.84853     1.80706  0.00205222
         768     1.85219     1.80712  0.00205039
         769     1.86589      1.8072  0.00204915
         770     1.89423     1.80731   0.0020496
         771     1.89498     1.80743   0.0020501
         772     1.89169     1.80754  0.00205034
         773     1.90905     1.80767  0.00205189
         774     1.88292     1.80776  0.00205154
         775      1.8952     1.80788    0.002052
         776     1.89909     1.80799  0.00205272
         777     1.86967     1.80807  0.00205161
         778     1.90934      1.8082   0.0020531
         779     1.90373     1.80833  0.00205412
         780     1.85668     1.80839  0.00205242
         781      1.8499     1.80844  0.00205048
         782     1.84363     1.80849  0.00204835
         783     1.83037     1.80851  0.00204593
         784     1.85113     1.80857  0.00204404
         785     1.87335     1.80865   0.0020431
         786     1.88524     1.80875  0.00204282
         787     1.90158     1.80887  0.00204363
         788     1.91427       1.809  0.00204541
         789     1.87211     1.80908  0.00204438
         790     1.90345      1.8092  0.00204528
         791     1.88839      1.8093  0.00204514
         792     1.87525     1.80938  0.00204426
         793     1.88214     1.80947  0.00204374
         794      1.8502     1.80953  0.00204181
         795     1.87524     1.80961  0.00204091
         796     1.84646     1.80966  0.00203887
         797     1.86167     1.80972  0.00203736
         798     1.86001     1.80978  0.00203578
         799     1.87913     1.80987  0.00203508
         800     1.87404     1.80995  0.00203412
         801     1.88877     1.81005  0.00203396
         802     1.90125     1.81016   0.0020346
         803     1.87531     1.81024  0.00203368
         804     1.88764     1.81034  0.00203343
         805     1.86265      1.8104  0.00203194
         806      1.8221     1.81042  0.00202947
         807      1.7957      1.8104  0.00202704
         808     1.80502     1.81039  0.00202454
         809     1.81254      1.8104  0.00202204
         810     1.79895     1.81038  0.00201959
         811     1.79219     1.81036  0.00201722
         812     1.80649     1.81036  0.00201475
         813     1.81404     1.81036  0.00201227
         814     1.79841     1.81035  0.00200985
         815     1.79881     1.81033  0.00200744
         816     1.83832     1.81037  0.00200527
         817     1.81984     1.81038  0.00200285
         818     1.81596     1.81038  0.00200041
         819     1.82765     1.81041  0.00199808
         820     1.80464      1.8104  0.00199566
         821     1.80473     1.81039  0.00199324
         822     1.80632     1.81039  0.00199082
         823     1.80548     1.81038  0.00198841
         824     1.80496     1.81037  0.00198601
         825     1.79984     1.81036  0.00198364
         826     1.78667     1.81033  0.00198145
         827     1.79634     1.81032  0.00197912
         828     1.80953     1.81031  0.00197673
         829     1.82016     1.81033  0.00197439
         830     1.84131     1.81036  0.00197236
         831     1.81953     1.81037  0.00197002
         832     1.83696     1.81041  0.00196791
         833     1.83186     1.81043  0.00196571
         834      1.8128     1.81044  0.00196336
         835     1.80157     1.81042  0.00196104
         836     1.80007     1.81041  0.00195873
         837     1.80439     1.81041   0.0019564
         838     1.81096     1.81041  0.00195407
         839     1.80392      1.8104  0.00195175
         840     1.81717     1.81041  0.00194945
         841     1.82211     1.81042  0.00194718
         842     1.79269      1.8104  0.00194498
         843     1.80203     1.81039   0.0019427
         844      1.8019     1.81038  0.00194042
         845     1.79476     1.81036  0.00193821
         846     1.82766     1.81038  0.00193603
         847     1.83162     1.81041  0.00193391
         848     1.85773     1.81046  0.00193243
         849     1.87545     1.81054  0.00193167
         850     1.89863     1.81064  0.00193218
         851     1.83045     1.81067  0.00193005
         852     1.91105     1.81078  0.00193137
         853     1.85413     1.81083  0.00192978
         854     1.85267     1.81088  0.00192814
         855      1.8148     1.81089  0.00192589
         856     1.81636     1.81089  0.00192365
         857     1.78945     1.81087  0.00192157
         858     1.79364     1.81085  0.00191944
         859     1.78665     1.81082  0.00191741
         860      1.7857     1.81079   0.0019154
         861     1.79686     1.81078  0.00191324
         862      1.7986     1.81076  0.00191108
         863     1.82078     1.81077   0.0019089
         864     1.81389     1.81078  0.00190669
         865     1.80564     1.81077   0.0019045
         866     1.81011     1.81077   0.0019023
         867     1.82385     1.81078  0.00190016
         868     1.82528      1.8108  0.00189805
         869      1.8175     1.81081  0.00189588
         870     1.85202     1.81086  0.00189429
         871      1.8581     1.81091  0.00189289
         872     1.84708     1.81095  0.00189118
         873     1.83644     1.81098  0.00188924
         874     1.79997     1.81097  0.00188712
         875     1.80143     1.81096  0.00188499
         876      1.7893     1.81093    0.001883
         877     1.76759     1.81088   0.0018815
         878     1.76274     1.81083  0.00188016
         879     1.75156     1.81076  0.00187923
         880     1.76026      1.8107  0.00187797
         881     1.75786     1.81064   0.0018768
         882     1.77941     1.81061    0.001875
         883     1.77284     1.81057  0.00187337
         884     1.80242     1.81056  0.00187127
         885      1.8045     1.81055  0.00186917
         886     1.81901     1.81056  0.00186708
         887     1.81469     1.81056  0.00186498
         888     1.83869      1.8106  0.00186315
         889     1.83354     1.81062  0.00186123
         890     1.80475     1.81062  0.00185916
         891      1.8662     1.81068  0.00185812
         892     1.87192     1.81075   0.0018573
         893     1.83465     1.81077  0.00185541
         894      1.8177     1.81078  0.00185335
         895     1.81083     1.81078  0.00185128
         896      1.8196     1.81079  0.00184924
         897     1.81141     1.81079  0.00184718
         898     1.80319     1.81078  0.00184514
         899     1.80922     1.81078  0.00184309
         900     1.78482     1.81075  0.00184127
         901     1.79972     1.81074  0.00183927
         902     1.80074     1.81073  0.00183726
         903     1.79192     1.81071  0.00183534
         904     1.82022     1.81072  0.00183334
         905     1.83148     1.81074  0.00183146
         906     1.83112     1.81076  0.00182958
         907     1.81804     1.81077  0.00182758
         908     1.83482      1.8108  0.00182576
         909     1.78534     1.81077  0.00182397
         910     1.78661     1.81074  0.00182215
         911     1.79136     1.81072  0.00182028
         912     1.78109     1.81069  0.00181857
         913     1.77103     1.81065   0.0018171
         914     1.78911     1.81062  0.00181526
         915     1.80641     1.81062  0.00181329
         916     1.79768      1.8106  0.00181136
         917     1.80522      1.8106   0.0018094
         918      1.8225     1.81061  0.00180747
         919      1.8231     1.81063  0.00180556
         920     1.80619     1.81062   0.0018036
         921     1.82707     1.81064  0.00180173
         922     1.83597     1.81067  0.00179998
         923     1.84867     1.81071  0.00179851
         924     1.83801     1.81074   0.0017968
         925     1.83799     1.81077   0.0017951
         926     1.83063     1.81079  0.00179329
         927     1.81744     1.81079  0.00179137
         928     1.80424     1.81079  0.00178945
         929     1.82186      1.8108  0.00178757
         930     1.78244     1.81077  0.00178591
         931     1.81015     1.81077  0.00178399
         932     1.80892     1.81077  0.00178207
         933     1.79055     1.81074   0.0017803
         934     1.78688     1.81072  0.00177857
         935     1.73817     1.81064  0.00177836
         936     1.76547     1.81059  0.00177712
         937     1.75688     1.81054  0.00177614
         938     1.74838     1.81047  0.00177549
         939     1.74539      1.8104  0.00177495
         940     1.75892     1.81035   0.0017739
         941     1.73272     1.81026  0.00177394
         942     1.74527     1.81019  0.00177339
         943      1.7551     1.81014  0.00177248
         944      1.7847     1.81011   0.0017708
         945     1.78388     1.81008  0.00176915
         946     1.81095     1.81008  0.00176728
         947     1.85127     1.81013  0.00176595
         948     1.80719     1.81012  0.00176409
         949     1.85945     1.81017  0.00176299
         950     1.87218     1.81024  0.00176234
         951     1.88948     1.81032  0.00176246
         952     1.88148      1.8104  0.00176219
         953     1.89096     1.81048  0.00176237
         954     1.89793     1.81057   0.0017629
         955     1.89167     1.81066   0.0017631
         956     1.85851     1.81071  0.00176197
         957      1.8031      1.8107  0.00176015
         958     1.81506     1.81071  0.00175831
         959     1.82026     1.81072  0.00175651
         960     1.79995      1.8107  0.00175471
         961      1.7767     1.81067  0.00175325
         962     1.79895     1.81066  0.00175147
         963     1.79158     1.81064  0.00174976
         964     1.77767      1.8106  0.00174828
         965     1.81221      1.8106  0.00174647
         966      1.8328     1.81063  0.00174481
         967     1.81599     1.81063  0.00174301
         968     1.83627     1.81066  0.00174142
         969     1.84289     1.81069  0.00173994
         970     1.84514     1.81073   0.0017385
         971      1.8521     1.81077  0.00173724
         972      1.8372      1.8108  0.00173566
         973      1.8741     1.81086   0.0017351
         974     1.84791      1.8109  0.00173373
         975     1.87922     1.81097  0.00173337
         976     1.87456     1.81104  0.00173282
         977     1.89747     1.81112   0.0017333
         978     1.92324     1.81124  0.00173531
         979     1.93034     1.81136   0.0017378
         980     1.94029     1.81149    0.001741
         981     1.94512     1.81163  0.00174455
         982     1.92995     1.81175  0.00174693
         983     1.92674     1.81187  0.00174906
         984     1.88556     1.81194  0.00174889
         985     1.87577     1.81201  0.00174831
         986     1.84181     1.81204   0.0017468
         987     1.82474     1.81205  0.00174508
         988     1.82963     1.81207   0.0017434
         989      1.8084     1.81206  0.00174164
         990     1.82792     1.81208  0.00173996
         991     1.81097     1.81208   0.0017382
         992     1.80366     1.81207  0.00173647
         993     1.78679     1.81204  0.00173491
         994     1.77019       1.812  0.00173367
         995     1.74592     1.81194   0.0017332
         996     1.76311     1.81189  0.00173216
         997     1.76665     1.81184  0.00173101
         998     1.77475      1.8118  0.00172968
         999      1.7613     1.81175  0.00172868
        1000     1.76652     1.81171  0.00172755
        1001     1.77432     1.81167  0.00172623
        1002     1.77842     1.81164  0.00172482
        1003     1.79501     1.81162  0.00172318
        1004     1.81858     1.81163  0.00172148
        1005     1.81303     1.81163  0.00171977
        1006      1.8424     1.81166  0.00171833
        1007     1.84819      1.8117  0.00171701
        1008     1.86039     1.81174  0.00171598
        1009     1.86187     1.81179    0.001715
        1010     1.84573     1.81183  0.00171363
        1011     1.90097     1.81192   0.0017142
        1012     1.86291     1.81197  0.00171325
        1013      1.8607     1.81201  0.00171223
        1014     1.86547     1.81207  0.00171136
        1015     1.86054     1.81211  0.00171034
        1016     1.85439     1.81216  0.00170916
        1017      1.8753     1.81222  0.00170861
        1018     1.87003     1.81228  0.00170787
        1019     1.85874     1.81232   0.0017068
        1020     1.86352     1.81237  0.00170587
        1021     1.87041     1.81243  0.00170514
        1022     1.87509     1.81249  0.00170458
        1023     1.84729     1.81252  0.00170325
        1024     1.87104     1.81258  0.00170255
        1025     1.87643     1.81264  0.00170202
        1026     1.84798     1.81268  0.00170071
        1027      1.8739     1.81274   0.0017001
        1028     1.85562     1.81278  0.00169896
        1029     1.87452     1.81284  0.00169837
        1030     1.86489     1.81289  0.00169747
        1031     1.88128     1.81296  0.00169712
        1032     1.91422     1.81305  0.00169831
        1033     1.90025     1.81314  0.00169876
        1034     1.87682      1.8132  0.00169824
        1035     1.87702     1.81326  0.00169771
        1036     1.87484     1.81332  0.00169712
        1037     1.87343     1.81338  0.00169647
        1038     1.84939     1.81341  0.00169519
        1039     1.85981     1.81346  0.00169414
        1040     1.85152     1.81349  0.00169291
        1041     1.85195     1.81353  0.00169169
        1042     1.83927     1.81356  0.00169024
        1043     1.84497     1.81359  0.00168889
        1044     1.85538     1.81363  0.00168775
        1045     1.81795     1.81363  0.00168614
        1046     1.82939     1.81365  0.00168459
        1047      1.8007     1.81363  0.00168303
        1048     1.82585     1.81364  0.00168147
        1049     1.82373     1.81365  0.00167989
        1050     1.83512     1.81367  0.00167841
        1051     1.81757     1.81368  0.00167682
        1052     1.80044     1.81367  0.00167527
        1053     1.80854     1.81366  0.00167369
        1054     1.80812     1.81366  0.00167211
        1055     1.78293     1.81363  0.00167078
        1056     1.79344     1.81361  0.00166931
        1057     1.77218     1.81357  0.00166819
        1058     1.80847     1.81356  0.00166662
        1059     1.80322     1.81355  0.00166507
        1060     1.81606     1.81356   0.0016635
        1061     1.84559     1.81359  0.00166221
        1062     1.83347     1.81361  0.00166075
        1063     1.82999     1.81362  0.00165926
        1064     1.80226     1.81361  0.00165773
        1065     1.83125     1.81363  0.00165626
        1066     1.80027     1.81361  0.00165475
        1067     1.79886      1.8136  0.00165326
        1068      1.8103      1.8136  0.00165172
        1069     1.81618      1.8136  0.00165017
        1070     1.81871      1.8136  0.00164864
        1071      1.8243     1.81361  0.00164713
        1072     1.83997     1.81364  0.00164578
        1073     1.80264     1.81363  0.00164427
        1074     1.80688     1.81362  0.00164275
        1075     1.78348     1.81359  0.00164147
        1076     1.76503     1.81355  0.00164056
        1077     1.76266      1.8135  0.00163972
        1078     1.75408     1.81345  0.00163912
        1079     1.79988     1.81343  0.00163765
        1080     1.80261     1.81342  0.00163617
        1081     1.83993     1.81345  0.00163484
        1082      1.8283     1.81346  0.00163338
        1083     1.82752     1.81348  0.00163193
        1084     1.82993     1.81349  0.00163049
        1085     1.80666     1.81348    0.001629
        1086     1.81598     1.81349   0.0016275
        1087     1.86032     1.81353  0.00162658
        1088     1.83624     1.81355  0.00162521
        1089     1.80585     1.81354  0.00162374
        1090     1.83242     1.81356  0.00162234
        1091     1.82463     1.81357  0.00162088
        1092     1.80511     1.81356  0.00161942
        1093     1.81302     1.81356  0.00161794
        1094     1.80574     1.81356  0.00161647
        1095     1.79401     1.81354   0.0016151
        1096     1.79725     1.81352  0.00161369
        1097     1.79573     1.81351   0.0016123
        1098     1.76169     1.81346  0.00161152
        1099     1.79067     1.81344  0.00161019
        1100     1.77807     1.81341  0.00160905
        1101     1.77693     1.81337  0.00160793
        1102     1.79109     1.81335   0.0016066
        1103     1.79799     1.81334   0.0016052
        1104     1.81152     1.81334  0.00160375
        1105     1.81621     1.81334   0.0016023
        1106     1.80345     1.81333  0.00160087
        1107     1.80954     1.81333  0.00159943
        1108     1.81957     1.81333    0.001598
        1109      1.8173     1.81334  0.00159656
        1110     1.81289     1.81334  0.00159512
        1111     1.82716     1.81335  0.00159373
        1112      1.8065     1.81334  0.00159231
        1113     1.82175     1.81335   0.0015909
        1114       1.836     1.81337   0.0015896
        1115     1.85091      1.8134  0.00158853
        1116     1.84557     1.81343  0.00158737
        1117     1.86096     1.81348  0.00158652
        1118     1.87693     1.81353  0.00158612
        1119     1.87235     1.81358  0.00158557
        1120     1.88853     1.81365  0.00158557
        1121     1.87964     1.81371  0.00158524
        1122     1.86911     1.81376   0.0015846
        1123     1.86608     1.81381  0.00158387
        1124     1.86522     1.81385  0.00158312
        1125     1.84599     1.81388  0.00158197
        1126     1.86013     1.81392   0.0015811
        1127       1.844     1.81395  0.00157993
        1128     1.83971     1.81397  0.00157869
        1129     1.86813     1.81402  0.00157802
        1130     1.88295     1.81408   0.0015778
        1131     1.84984     1.81411  0.00157672
        1132     1.89535     1.81418  0.00157696
        1133     1.89718     1.81426  0.00157727
        1134     1.90783     1.81434  0.00157804
        1135      1.9233     1.81444  0.00157957
        1136     1.94738     1.81455   0.0015825
        1137     1.97253     1.81469   0.0015872
        1138      1.9832     1.81484   0.0015927
        1139     1.97212     1.81498  0.00159728
        1140     1.95011      1.8151  0.00160027
        1141     1.94241     1.81521  0.00160275
        1142      1.9259      1.8153  0.00160427
        1143     1.93414     1.81541  0.00160624
        1144     1.92107      1.8155  0.00160749
        1145     1.91367     1.81559  0.00160837
        1146     1.93854     1.81569  0.00161054
        1147     1.91417     1.81578  0.00161142
        1148     1.90979     1.81586   0.0016121
        1149     1.91675     1.81595  0.00161308
        1150     1.91209     1.81603  0.00161384
        1151     1.90038     1.81611   0.0016141
        1152     1.86869     1.81615  0.00161335
        1153     1.80475     1.81614  0.00161198
        1154     1.88627      1.8162  0.00161173
        1155     1.83936     1.81622  0.00161046
        1156     1.85093     1.81625  0.00160934
        1157     1.83857     1.81627  0.00160807
        1158      1.8364     1.81629  0.00160677
        1159     1.86935     1.81634  0.00160604
        1160     1.83812     1.81635  0.00160476
        1161     1.87941     1.81641   0.0016043
        1162     1.86679     1.81645  0.00160351
        1163     1.86679      1.8165  0.00160271
        1164     1.86047     1.81653  0.00160178
        1165     1.87885     1.81659   0.0016013
        1166      1.8768     1.81664  0.00160076
        1167     1.88966      1.8167  0.00160061
        1168     1.90068     1.81677  0.00160085
        1169     1.87951     1.81683  0.00160038
        1170     1.87396     1.81688  0.00159976
        1171     1.84966      1.8169  0.00159864
        1172     1.82432     1.81691  0.00159729
        1173     1.84584     1.81693  0.00159611
        1174     1.83763     1.81695  0.00159485
        1175     1.85119     1.81698  0.00159376
        1176     1.82296     1.81699  0.00159241
        1177      1.8511     1.81702  0.00159132
        1178     1.83221     1.81703  0.00159003
        1179     1.82266     1.81703  0.00158868
        1180      1.8072     1.81702  0.00158736
        1181     1.80236     1.81701  0.00158606
        1182     1.78822     1.81699  0.00158491
        1183     1.81199     1.81698  0.00158358
        1184     1.82181     1.81699  0.00158224
        1185     1.85735     1.81702  0.00158127
        1186     1.86205     1.81706   0.0015804
        1187      1.8548     1.81709  0.00157939
        1188     1.89162     1.81715   0.0015793
        1189      1.8302     1.81717  0.00157801
        1190     1.85643      1.8172  0.00157703
        1191     1.84495     1.81722  0.00157588
        1192     1.87018     1.81727  0.00157518
        1193     1.86998     1.81731  0.00157448
        1194     1.86255     1.81735  0.00157362
        1195     1.87642      1.8174  0.00157308
        1196     1.88665     1.81746  0.00157283
        1197     1.88938     1.81752  0.00157266
        1198     1.89658     1.81758  0.00157273
        1199     1.88747     1.81764   0.0015725
        1200     1.89895     1.81771  0.00157265
        1201     1.88786     1.81777  0.00157242
        1202     1.85721      1.8178  0.00157146
        1203     1.85688     1.81783  0.00157049
        1204     1.84573     1.81785  0.00156936
        1205      1.8408     1.81787  0.00156817
        1206      1.8373     1.81789  0.00156695
        1207     1.85837     1.81792  0.00156601
        1208     1.86218     1.81796  0.00156514
        1209     1.84538     1.81798  0.00156401
        1210     1.87142     1.81803  0.00156334
        1211     1.86408     1.81806  0.00156252
        1212     1.86588      1.8181  0.00156172
        1213     1.85702     1.81814  0.00156077
        1214     1.83414     1.81815  0.00155954
        1215     1.82153     1.81815  0.00155826
        1216     1.83616     1.81817  0.00155704
        1217     1.83726     1.81818  0.00155584
        1218     1.82973     1.81819   0.0015546
        1219     1.86234     1.81823  0.00155374
        1220      1.8638     1.81827  0.00155292
        1221     1.85119     1.81829  0.00155188
        1222     1.84742     1.81832  0.00155079
        1223     1.85091     1.81834  0.00154975
        1224     1.85061     1.81837  0.00154871
        1225     1.85764      1.8184  0.00154778
        1226     1.82349     1.81841  0.00154652
        1227       1.874     1.81845  0.00154593
        1228     1.87064     1.81849  0.00154525
        1229     1.83923     1.81851  0.00154409
        1230     1.85517     1.81854  0.00154312
        1231     1.85295     1.81857  0.00154212
        1232      1.7886     1.81854  0.00154106
        1233     1.80232     1.81853  0.00153986
        1234     1.79608     1.81851  0.00153872
        1235     1.80287      1.8185  0.00153753
        1236     1.80834     1.81849  0.00153631
        1237     1.78415     1.81846  0.00153532
        1238     1.79594     1.81845  0.00153418
        1239     1.80936     1.81844  0.00153296
        1240     1.79162     1.81842  0.00153188
        1241     1.78334     1.81839  0.00153091
        1242     1.78692     1.81836  0.00152988
        1243     1.78735     1.81834  0.00152886
        1244     1.79038     1.81832  0.00152779
        1245      1.7955      1.8183  0.00152667
        1246     1.79487     1.81828  0.00152557
        1247     1.79529     1.81826  0.00152445
        1248     1.78973     1.81824   0.0015234
        1249     1.77554      1.8182  0.00152257
        1250     1.77768     1.81817  0.00152169
        1251     1.80117     1.81816  0.00152054
        1252     1.79599     1.81814  0.00151943
        1253     1.79369     1.81812  0.00151834
        1254     1.82245     1.81812  0.00151713
        1255     1.79238      1.8181  0.00151606
        1256     1.78068     1.81807  0.00151515
        1257     1.79591     1.81806  0.00151405
        1258     1.79262     1.81803  0.00151298
        1259     1.77714       1.818  0.00151212
        1260      1.7679     1.81796  0.00151145
        1261     1.75836     1.81792  0.00151099
        1262     1.75279     1.81786  0.00151067
        1263     1.77412     1.81783  0.00150987
        1264     1.75202     1.81778  0.00150957
        1265       1.753     1.81773  0.00150925
        1266     1.76774     1.81769  0.00150857
        1267     1.75554     1.81764  0.00150818
        1268     1.75773     1.81759  0.00150773
        1269     1.76562     1.81755   0.0015071
        1270     1.78369     1.81752  0.00150615
        1271     1.75365     1.81747   0.0015058
        1272     1.77788     1.81744  0.00150494
        1273     1.77499     1.81741  0.00150412
        1274     1.76066     1.81736   0.0015036
        1275     1.79047     1.81734  0.00150257
        1276      1.7959     1.81733  0.00150149
        1277      1.8075     1.81732  0.00150033
        1278       1.807     1.81731  0.00149918
        1279     1.78372     1.81728  0.00149824
        1280     1.78405     1.81726  0.00149729
        1281     1.76413     1.81722   0.0014967
        1282     1.77728     1.81718  0.00149585
        1283     1.75051     1.81713  0.00149559
        1284     1.75417     1.81708  0.00149523
        1285     1.79904     1.81707  0.00149413
        1286     1.77219     1.81703  0.00149338
        1287     1.80363     1.81702  0.00149225
        1288     1.80154     1.81701  0.00149114
        1289      1.8141     1.81701  0.00148999
        1290     1.83337     1.81702  0.00148889
        1291     1.81182     1.81702  0.00148774
        1292     1.79384       1.817   0.0014867
        1293     1.79592     1.81698  0.00148564
        1294     1.77275     1.81695  0.00148488
        1295     1.78716     1.81693  0.00148391
        1296     1.76116     1.81688  0.00148339
        1297     1.78362     1.81686  0.00148247
        1298     1.75303     1.81681  0.00148214
        1299     1.78657     1.81679  0.00148118
        1300     1.78831     1.81676  0.00148021
        1301      1.7916     1.81675   0.0014792
        1302     1.82012     1.81675  0.00147806
        1303     1.83216     1.81676  0.00147697
        1304      1.8553     1.81679  0.00147614
        1305      1.8418     1.81681  0.00147513
        1306     1.86617     1.81685  0.00147449
        1307     1.85839     1.81688   0.0014737
        1308     1.83859     1.81689  0.00147267
        1309     1.82778      1.8169  0.00147157
        1310     1.81958      1.8169  0.00147044
        1311      1.8193     1.81691  0.00146932
        1312       1.763     1.81687  0.00146878
        1313     1.79275     1.81685  0.00146777
        1314     1.77109     1.81681  0.00146707
        1315     1.75089     1.81676  0.00146681
        1316     1.75461     1.81671  0.00146646
        1317     1.78582     1.81669  0.00146553
        1318      1.7791     1.81666   0.0014647
        1319     1.78378     1.81664   0.0014638
        1320     1.79317     1.81662   0.0014628
        1321     1.79299      1.8166   0.0014618
        1322     1.77983     1.81657  0.00146096
        1323     1.78285     1.81655  0.00146008
        1324     1.78743     1.81653  0.00145914
        1325     1.77897      1.8165  0.00145831
        1326     1.80211     1.81649  0.00145725
        1327     1.79778     1.81647  0.00145622
        1328     1.79808     1.81646  0.00145519
        1329     1.80912     1.81645  0.00145411
        1330     1.80264     1.81644  0.00145305
        1331     1.81628     1.81644  0.00145196
        1332     1.78909     1.81642  0.00145101
        1333     1.81742     1.81642  0.00144993
        1334     1.77872      1.8164  0.00144911
        1335     1.79034     1.81638  0.00144816
        1336     1.79416     1.81636  0.00144717
        1337     1.81435     1.81636  0.00144609
        1338     1.84309     1.81638  0.00144515
        1339     1.85003      1.8164  0.00144429
        1340     1.86434     1.81644  0.00144365
        1341     1.85425     1.81647  0.00144285
        1342     1.82057     1.81647  0.00144178
        1343     1.76773     1.81643  0.00144116
        1344     1.81839     1.81644  0.00144009
        1345     1.81603     1.81644  0.00143902
        1346     1.77642     1.81641  0.00143826
        1347     1.83504     1.81642  0.00143726
        1348     1.84177     1.81644  0.00143631
        1349     1.81483     1.81644  0.00143525
        1350     1.79251     1.81642   0.0014343
        1351      1.7878      1.8164  0.00143339
        1352     1.78197     1.81637  0.00143256
        1353     1.79541     1.81636  0.00143158
        1354     1.80044     1.81635  0.00143057
        1355     1.81373     1.81634  0.00142952
        1356     1.80431     1.81633  0.00142849
        1357     1.80627     1.81633  0.00142746
        1358     1.81534     1.81633  0.00142641
        1359     1.79151     1.81631  0.00142547
        1360     1.79531     1.81629  0.00142451
        1361     1.79949     1.81628  0.00142352
        1362     1.77465     1.81625   0.0014228
        1363     1.80156     1.81624   0.0014218
        1364      1.7888     1.81622   0.0014209
        1365     1.81755     1.81622  0.00141986
        1366     1.81229     1.81622  0.00141882
        1367     1.79417      1.8162  0.00141787
        1368     1.84706     1.81622  0.00141702
        1369     1.81138     1.81622  0.00141599
        1370     1.82947     1.81623  0.00141498
        1371     1.82517     1.81624  0.00141397
        1372     1.80417     1.81623  0.00141296
        1373     1.76186     1.81619  0.00141249
        1374     1.75897     1.81615  0.00141208
        1375     1.76276     1.81611  0.00141158
        1376      1.7606     1.81607  0.00141113
        1377      1.7715     1.81603  0.00141048
        1378     1.80085     1.81602   0.0014095
        1379     1.81454     1.81602  0.00140848
        1380     1.81957     1.81602  0.00140746
        1381     1.81822     1.81603  0.00140644
        1382     1.82646     1.81603  0.00140544
        1383     1.83719     1.81605  0.00140451
        1384     1.80066     1.81604  0.00140354
        1385     1.79028     1.81602  0.00140265
        1386     1.80427     1.81601  0.00140166
        1387     1.77355     1.81598  0.00140099
        1388      1.7983     1.81597  0.00140004
        1389     1.80283     1.81596  0.00139906
        1390     1.81368     1.81596  0.00139805
        1391     1.81819     1.81596  0.00139705
        1392     1.82837     1.81597  0.00139607
        1393     1.78402     1.81594  0.00139526
        1394     1.78391     1.81592  0.00139445
        1395     1.76431     1.81588  0.00139394
        1396     1.74766     1.81584   0.0013938
        1397     1.76585      1.8158  0.00139326
        1398      1.7735     1.81577  0.00139259
        1399     1.80329     1.81576  0.00139162
        1400     1.80936     1.81576  0.00139064
        1401     1.82659     1.81576  0.00138967
        1402     1.83398     1.81578  0.00138874
        1403     1.83536     1.81579  0.00138782
        1404     1.85671     1.81582  0.00138713
        1405     1.87708     1.81586  0.00138683
        1406     1.87783     1.81591  0.00138655
        1407     1.89029     1.81596  0.00138657
        1408     1.87391       1.816  0.00138619
        1409     1.90268     1.81606  0.00138657
        1410     1.84711     1.81608  0.00138577
        1411     1.88354     1.81613  0.00138561
        1412     1.85097     1.81616  0.00138485
        1413     1.87941      1.8162  0.00138459
        1414     1.83425     1.81621  0.00138367
        1415     1.90992     1.81628  0.00138428
        1416     1.88294     1.81633   0.0013841
        1417     1.87903     1.81637  0.00138383
        1418     1.84819     1.81639  0.00138303
        1419     1.83965     1.81641  0.00138216
        1420     1.84338     1.81643  0.00138131
        1421      1.8081     1.81642  0.00138035
        1422     1.82108     1.81643  0.00137939
        1423     1.82927     1.81644  0.00137845
        1424     1.82665     1.81644   0.0013775
        1425     1.80633     1.81644  0.00137655
        1426     1.80674     1.81643   0.0013756
        1427     1.81286     1.81643  0.00137464
        1428       1.787     1.81641  0.00137383
        1429     1.80769      1.8164  0.00137288
        1430     1.81993      1.8164  0.00137193
        1431     1.80867      1.8164  0.00137098
        1432     1.81628      1.8164  0.00137002
        1433     1.78938     1.81638  0.00136919
        1434     1.80863     1.81637  0.00136825
        1435     1.78533     1.81635  0.00136747
        1436     1.80414     1.81634  0.00136654
        1437     1.78474     1.81632  0.00136577
        1438     1.80796     1.81632  0.00136483
        1439     1.80859     1.81631  0.00136389
        1440     1.80381      1.8163  0.00136297
        1441     1.80196     1.81629  0.00136206
        1442     1.80113     1.81628  0.00136116
        1443     1.78758     1.81626  0.00136036
        1444     1.78552     1.81624  0.00135959
        1445      1.7753     1.81621  0.00135894
        1446     1.80523      1.8162  0.00135802
        1447     1.83843     1.81622  0.00135717
        1448     1.86328     1.81625  0.00135662
        1449     1.89514     1.81631  0.00135678
        1450     1.89564     1.81636  0.00135694
        1451     1.88467     1.81641  0.00135683
        1452     1.85758     1.81644  0.00135619
        1453     1.85587     1.81646  0.00135553
        1454      1.8407     1.81648   0.0013547
        1455     1.81197     1.81648  0.00135377
        1456       1.828     1.81649  0.00135286
        1457     1.80869     1.81648  0.00135194
        1458     1.82421     1.81649  0.00135103
        1459      1.8308     1.81649  0.00135014
        1460     1.79864     1.81648  0.00134927
        1461     1.81312     1.81648  0.00134835
        1462     1.80409     1.81647  0.00134745
        1463     1.80489     1.81646  0.00134655
        1464     1.77995     1.81644  0.00134586
        1465     1.84022     1.81646  0.00134504
        1466     1.83474     1.81647  0.00134418
        1467     1.84252     1.81649  0.00134338
        1468     1.85699     1.81651  0.00134275
        1469      1.8487     1.81653  0.00134202
        1470      1.8593     1.81656  0.00134142
        1471     1.85709     1.81659  0.00134079
        1472     1.83208      1.8166  0.00133992
        1473     1.81707      1.8166  0.00133901
        1474     1.82615     1.81661  0.00133812
        1475     1.81984     1.81661  0.00133721
        1476     1.81822     1.81661  0.00133631
        1477     1.83295     1.81662  0.00133545
        1478     1.80811     1.81662  0.00133456
        1479     1.82153     1.81662  0.00133366
        1480     1.82899     1.81663  0.00133278
        1481     1.82419     1.81663  0.00133189
        1482     1.81579     1.81663  0.00133099
        1483     1.83438     1.81665  0.00133015
        1484     1.81023     1.81664  0.00132926
        1485     1.81651     1.81664  0.00132837
        1486     1.81637     1.81664  0.00132747
        1487     1.80149     1.81663  0.00132662
        1488     1.81907     1.81663  0.00132573
        1489     1.81232     1.81663  0.00132484
        1490     1.82936     1.81664  0.00132398
        1491     1.80715     1.81663  0.00132311
        1492     1.84003     1.81665  0.00132231
        1493     1.81717     1.81665  0.00132143
        1494     1.82875     1.81666  0.00132057
        1495     1.83795     1.81667  0.00131976
        1496     1.83062     1.81668  0.00131891
        1497     1.83523     1.81669  0.00131809
        1498     1.82401      1.8167  0.00131722
        1499     1.83782     1.81671  0.00131642
        1500     1.81253     1.81671  0.00131554
        1501      1.8285     1.81672  0.00131469
        1502     1.81884     1.81672  0.00131381
        1503     1.80886     1.81671  0.00131295
        1504     1.83698     1.81673  0.00131215
        1505     1.83913     1.81674  0.00131136
        1506       1.858     1.81677  0.00131077
        1507     1.83269     1.81678  0.00130995
        1508     1.85153      1.8168  0.00130928
        1509     1.84245     1.81682  0.00130852
        1510     1.83617     1.81683  0.00130772
        1511      1.8254     1.81684  0.00130687
        1512     1.83469     1.81685  0.00130605
        1513     1.81381     1.81685  0.00130519
        1514     1.81467     1.81685  0.00130433
        1515     1.81744     1.81685  0.00130347
        1516     1.81534     1.81684  0.00130261
        1517     1.83985     1.81686  0.00130184
        1518     1.84427     1.81688  0.00130111
        1519     1.81884     1.81688  0.00130025
        1520     1.80038     1.81687  0.00129944
        1521     1.77222     1.81684  0.00129892
        1522     1.75635      1.8168  0.00129867
        1523      1.7389     1.81675  0.00129883
        1524     1.74332      1.8167  0.00129887
        1525      1.7428     1.81665  0.00129892
        1526     1.80284     1.81664   0.0012981
        1527     1.79368     1.81663  0.00129734
        1528     1.80961     1.81662   0.0012965
        1529     1.82335     1.81663  0.00129566
        1530     1.80674     1.81662  0.00129483
        1531     1.81979     1.81662  0.00129398
        1532     1.81303     1.81662  0.00129314
        1533     1.78654      1.8166  0.00129245
        1534     1.76469     1.81657  0.00129205
        1535     1.74547     1.81652  0.00129203
        1536     1.74819     1.81648  0.00129196
        1537     1.73971     1.81643  0.00129208
        1538     1.75096     1.81638  0.00129194
        1539     1.76828     1.81635  0.00129148
        1540     1.78459     1.81633  0.00129081
        1541     1.77694     1.81631  0.00129022
        1542     1.81087      1.8163  0.00128939
        1543     1.80187     1.81629  0.00128859
        1544     1.84184     1.81631  0.00128786
        1545     1.83434     1.81632  0.00128708
        1546     1.85345     1.81635  0.00128647
        1547     1.83564     1.81636   0.0012857
        1548     1.84867     1.81638  0.00128504
        1549     1.85993     1.81641  0.00128452
        1550     1.87091     1.81644  0.00128417
        1551     1.86004     1.81647  0.00128365
        1552     1.87974     1.81651  0.00128347
        1553     1.87264     1.81655  0.00128315
        1554     1.87215     1.81658  0.00128283
        1555     1.86135     1.81661  0.00128232
        1556     1.87392     1.81665  0.00128203
        1557     1.83822     1.81666  0.00128128
        1558     1.84978     1.81668  0.00128063
        1559     1.85271     1.81671  0.00128002
        1560     1.84735     1.81673  0.00127935
        1561     1.86406     1.81676  0.00127889
        1562     1.86127     1.81679  0.00127839
        1563     1.88319     1.81683  0.00127828
        1564     1.89085     1.81688  0.00127834
        1565       1.917     1.81694  0.00127912
        1566     1.93752     1.81702  0.00128062
        1567     1.90642     1.81707  0.00128107
        1568     1.92298     1.81714  0.00128203
        1569      1.8918     1.81719   0.0012821
        1570     1.86112     1.81722  0.00128159
        1571     1.80451     1.81721   0.0012808
        1572     1.81132      1.8172  0.00127999
        1573     1.79206     1.81719  0.00127927
        1574      1.7826     1.81717  0.00127865
        1575     1.78475     1.81715    0.001278
        1576     1.81119     1.81714   0.0012772
        1577      1.8082     1.81714   0.0012764
        1578     1.83775     1.81715  0.00127566
        1579     1.84123     1.81716  0.00127494
        1580     1.79959     1.81715  0.00127418
        1581     1.87456     1.81719   0.0012739
        1582      1.8694     1.81722  0.00127352
        1583     1.84672     1.81724  0.00127285
        1584     1.80953     1.81724  0.00127206
        1585     1.83647     1.81725  0.00127131
        1586     1.83302     1.81726  0.00127055
        1587     1.85175     1.81728  0.00126993
        1588     1.85537      1.8173  0.00126936
        1589     1.86308     1.81733  0.00126889
        1590      1.8638     1.81736  0.00126843
        1591     1.87007      1.8174  0.00126806
        1592     1.86554     1.81743  0.00126763
        1593     1.86757     1.81746  0.00126722
        1594     1.84243     1.81747  0.00126652
        1595     1.82675     1.81748  0.00126574
        1596     1.80649     1.81747  0.00126497
        1597     1.80052     1.81746  0.00126422
        1598     1.82429     1.81747  0.00126344
        1599     1.83122     1.81747  0.00126268
        1600     1.82974     1.81748  0.00126191
        1601     1.82034     1.81748  0.00126112
        1602     1.82168     1.81749  0.00126034
        1603     1.80267     1.81748  0.00125959
        1604      1.8021     1.81747  0.00125884
        1605     1.79125     1.81745  0.00125816
        1606     1.79211     1.81744  0.00125747
        1607     1.78687     1.81742  0.00125684
        1608     1.79422      1.8174  0.00125614
        1609     1.84045     1.81742  0.00125544
        1610     1.84331     1.81743  0.00125476
        1611     1.84646     1.81745  0.00125411
        1612      1.8445     1.81747  0.00125345
        1613     1.83895     1.81748  0.00125274
        1614     1.80683     1.81747  0.00125198
        1615     1.80759     1.81747  0.00125122
        1616      1.8127     1.81746  0.00125045
        1617      1.8132     1.81746  0.00124968
        1618     1.82914     1.81747  0.00124893
        1619       1.858     1.81749  0.00124841
        1620     1.84563     1.81751  0.00124776
        1621     1.82021     1.81751  0.00124699
        1622     1.84693     1.81753  0.00124635
        1623     1.81341     1.81753  0.00124559
        1624     1.81042     1.81752  0.00124483
        1625     1.81256     1.81752  0.00124406
        1626     1.80457     1.81751  0.00124332
        1627     1.81553     1.81751  0.00124256
        1628     1.81804     1.81751   0.0012418
        1629     1.83414     1.81752  0.00124108
        1630     1.85334     1.81754  0.00124051
        1631     1.86204     1.81757  0.00124005
        1632     1.85173     1.81759  0.00123947
        1633     1.86812     1.81762  0.00123909
        1634      1.8693     1.81766  0.00123874
        1635     1.86081     1.81768  0.00123826
        1636     1.83398     1.81769  0.00123755
        1637     1.82075     1.81769  0.00123679
        1638         1.8     1.81768  0.00123608
        1639     1.81761     1.81768  0.00123533
        1640     1.81326     1.81768  0.00123458
        1641      1.8159     1.81768  0.00123383
        1642     1.82143     1.81768  0.00123308
        1643     1.83308     1.81769  0.00123236
        1644     1.81477     1.81769  0.00123161
        1645     1.83759      1.8177  0.00123093
        1646      1.8063     1.81769   0.0012302
        1647     1.85943     1.81772  0.00122971
        1648     1.88615     1.81776  0.00122967
        1649     1.84859     1.81778  0.00122906
        1650     1.87904     1.81782  0.00122888
        1651     1.85783     1.81784  0.00122837
        1652     1.86259     1.81787  0.00122793
        1653     1.84736     1.81789  0.00122731
        1654     1.85292     1.81791  0.00122676
        1655     1.86079     1.81793  0.00122629
        1656      1.8466     1.81795  0.00122567
        1657     1.84718     1.81797  0.00122506
        1658     1.85867     1.81799  0.00122456
        1659     1.81701     1.81799  0.00122383
        1660     1.87013     1.81802  0.00122349
        1661      1.8588     1.81805    0.001223
        1662     1.88498     1.81809  0.00122293
        1663     1.87691     1.81812   0.0012227
        1664        1.88     1.81816  0.00122253
        1665     1.83293     1.81817  0.00122183
        1666     1.83516     1.81818  0.00122114
        1667     1.82439     1.81818  0.00122041
        1668     1.77254     1.81816  0.00121999
        1669     1.80389     1.81815  0.00121929
        1670     1.80015     1.81814  0.00121861
        1671     1.81076     1.81813  0.00121789
        1672     1.80868     1.81813  0.00121717
        1673     1.82998     1.81813  0.00121646
        1674     1.78489     1.81811   0.0012159
        1675     1.82957     1.81812  0.00121519
        1676     1.78859      1.8181  0.00121459
        1677     1.81978      1.8181  0.00121387
        1678     1.79866     1.81809   0.0012132
        1679     1.82594      1.8181  0.00121249
        1680     1.78806     1.81808   0.0012119
        1681     1.77228     1.81805  0.00121148
        1682     1.76909     1.81802  0.00121111
        1683     1.74529     1.81798  0.00121116
        1684     1.75276     1.81794  0.00121106
        1685     1.75881     1.81791  0.00121085
        1686     1.76072     1.81787  0.00121061
        1687     1.78156     1.81785  0.00121008
        1688     1.79267     1.81784  0.00120946
        1689     1.82011     1.81784  0.00120874
        1690     1.82709     1.81784  0.00120804
        1691     1.78626     1.81782  0.00120747
        1692     1.84824     1.81784  0.00120689
        1693     1.85347     1.81786  0.00120636
        1694     1.82622     1.81787  0.00120566
        1695     1.81005     1.81786  0.00120496
        1696     1.81302     1.81786  0.00120425
        1697      1.7865     1.81784  0.00120368
        1698     1.76664     1.81781  0.00120335
        1699     1.76473     1.81778  0.00120305
        1700     1.76517     1.81775  0.00120274
        1701     1.73835      1.8177  0.00120294
        1702     1.77068     1.81768  0.00120255
        1703     1.76014     1.81764  0.00120232
        1704     1.75706     1.81761  0.00120214
        1705      1.7624     1.81757  0.00120187
        1706     1.74287     1.81753  0.00120196
        1707     1.75174     1.81749  0.00120187
        1708     1.76175     1.81746  0.00120161
        1709     1.76541     1.81743   0.0012013
        1710     1.77607      1.8174  0.00120084
        1711     1.77428     1.81738   0.0012004
        1712     1.72065     1.81732  0.00120103
        1713     1.76601     1.81729   0.0012007
        1714     1.74312     1.81725  0.00120078
        1715     1.74118      1.8172   0.0012009
        1716     1.74092     1.81716  0.00120102
        1717     1.75053     1.81712  0.00120095
        1718     1.77914      1.8171  0.00120045
        1719     1.81066      1.8171  0.00119976
        1720     1.80429     1.81709  0.00119909
        1721     1.79498     1.81708  0.00119846
        1722      1.8202     1.81708  0.00119776
        1723     1.80704     1.81707  0.00119708
        1724      1.8601      1.8171  0.00119665
        1725      1.8687     1.81713  0.00119633
        1726      1.9009     1.81717  0.00119662
        1727     1.87868     1.81721  0.00119646
        1728     1.86877     1.81724  0.00119614
        1729     1.88117     1.81728  0.00119601
        1730      1.8409     1.81729   0.0011954
        1731      1.8445     1.81731  0.00119481
        1732     1.84362     1.81732  0.00119422
        1733      1.8218     1.81732  0.00119353
        1734     1.82249     1.81733  0.00119285
        1735     1.80627     1.81732  0.00119218
        1736     1.79817     1.81731  0.00119154
        1737     1.79456      1.8173  0.00119093
        1738     1.79356     1.81728  0.00119032
        1739     1.76811     1.81725  0.00118997
        1740      1.7551     1.81722  0.00118983
        1741     1.74317     1.81718   0.0011899
        1742     1.73342     1.81713  0.00119019
        1743     1.72145     1.81707  0.00119077
        1744     1.71509     1.81702  0.00119153
        1745     1.70339     1.81695  0.00119262
        1746     1.70795     1.81689  0.00119357
        1747     1.71776     1.81683  0.00119424
        1748     1.72131     1.81678   0.0011948
        1749     1.74075     1.81673  0.00119491
        1750     1.76624      1.8167  0.00119457
        1751     1.78389     1.81669  0.00119404
        1752     1.76959     1.81666  0.00119366
        1753     1.79299     1.81664  0.00119306
        1754     1.79469     1.81663  0.00119244
        1755     1.78632     1.81662  0.00119189
        1756     1.80906     1.81661  0.00119122
        1757      1.8058      1.8166  0.00119055
        1758     1.79291     1.81659  0.00118995
        1759     1.81157     1.81659  0.00118928
        1760     1.78208     1.81657  0.00118877
        1761     1.79918     1.81656  0.00118813
        1762     1.78157     1.81654  0.00118762
        1763     1.76663     1.81651  0.00118729
        1764     1.77532     1.81649  0.00118684
        1765     1.76955     1.81646  0.00118647
        1766     1.77143     1.81644  0.00118607
        1767     1.78656     1.81642  0.00118552
        1768     1.75935     1.81639  0.00118529
        1769     1.80938     1.81638  0.00118463
        1770     1.77835     1.81636  0.00118415
        1771     1.80578     1.81635   0.0011835
        1772     1.81215     1.81635  0.00118283
        1773     1.80351     1.81635  0.00118219
        1774     1.83544     1.81636  0.00118157
        1775     1.83617     1.81637  0.00118096
        1776     1.81951     1.81637  0.00118029
        1777     1.84314     1.81638  0.00117973
        1778     1.83165     1.81639  0.00117909
        1779     1.79934     1.81638  0.00117847
        1780     1.81062     1.81638  0.00117781
        1781     1.76449     1.81635  0.00117751
        1782     1.77089     1.81632  0.00117713
        1783     1.76226     1.81629  0.00117686
        1784     1.73529     1.81625  0.00117707
        1785     1.74832     1.81621  0.00117703
        1786     1.73569     1.81617  0.00117723
        1787      1.7348     1.81612  0.00117745
        1788     1.76108     1.81609   0.0011772
        1789     1.75606     1.81606  0.00117702
        1790     1.75916     1.81602  0.00117679
        1791      1.7794       1.816  0.00117631
        1792     1.77492     1.81598  0.00117588
        1793     1.77427     1.81596  0.00117545
        1794     1.78637     1.81594  0.00117491
        1795     1.80867     1.81594  0.00117426
        1796     1.82366     1.81594  0.00117362
        1797     1.85053     1.81596  0.00117312
        1798     1.88329       1.816  0.00117307
        1799     1.88295     1.81604  0.00117301
        1800      1.8698     1.81607  0.00117273
        1801     1.86592     1.81609  0.00117241
        1802     1.81834     1.81609  0.00117176
        1803     1.82043      1.8161  0.00117111
        1804     1.82471      1.8161  0.00117047
        1805     1.80355     1.81609  0.00116984
        1806      1.7997     1.81609  0.00116923
        1807     1.82107     1.81609  0.00116859
        1808     1.82258     1.81609  0.00116795
        1809      1.8208     1.81609  0.00116731
        1810     1.81623     1.81609  0.00116666
        1811     1.83452      1.8161  0.00116606
        1812      1.8026      1.8161  0.00116544
        1813      1.8284      1.8161  0.00116482
        1814     1.81057      1.8161  0.00116418
        1815     1.83388     1.81611  0.00116358
        1816     1.85227     1.81613  0.00116311
        1817     1.84246     1.81615  0.00116256
        1818     1.84312     1.81616  0.00116201
        1819     1.85307     1.81618  0.00116155
        1820     1.83626     1.81619  0.00116097
        1821     1.82461      1.8162  0.00116034
        1822     1.81272     1.81619   0.0011597
        1823     1.81011     1.81619  0.00115907
        1824     1.81022     1.81619  0.00115844
        1825     1.79536     1.81618  0.00115786
        1826     1.78294     1.81616  0.00115737
        1827     1.78396     1.81614  0.00115687
        1828     1.75798     1.81611  0.00115668
        1829     1.75494     1.81607  0.00115653
        1830     1.77039     1.81605  0.00115616
        1831     1.75132     1.81601  0.00115607
        1832     1.77129     1.81599   0.0011557
        1833     1.74602     1.81595   0.0011557
        1834     1.76305     1.81592  0.00115543
        1835     1.76716      1.8159  0.00115511
        1836     1.78132     1.81588  0.00115463
        1837     1.78037     1.81586  0.00115416
        1838     1.79934     1.81585  0.00115357
        1839     1.82296     1.81585  0.00115295
        1840     1.80995     1.81585  0.00115233
        1841     1.80533     1.81584  0.00115172
        1842      1.8189     1.81585  0.00115109
        1843     1.83994     1.81586  0.00115054
        1844     1.83328     1.81587  0.00114996
        1845     1.83839     1.81588   0.0011494
        1846     1.82976     1.81589   0.0011488
        1847     1.85367     1.81591  0.00114836
        1848     1.82252     1.81591  0.00114774
        1849     1.86686     1.81594  0.00114745
        1850     1.84258     1.81595  0.00114692
        1851     1.84781     1.81597  0.00114643
        1852      1.8493     1.81599  0.00114596
        1853     1.81545     1.81599  0.00114534
        1854     1.79078     1.81598   0.0011448
        1855      1.7855     1.81596   0.0011443
        1856     1.77765     1.81594  0.00114387
        1857      1.7634     1.81591   0.0011436
        1858      1.7827     1.81589  0.00114313
        1859     1.79131     1.81588  0.00114259
        1860     1.81525     1.81588  0.00114198
        1861     1.80593     1.81587  0.00114137
        1862     1.80891     1.81587  0.00114077
        1863      1.7777     1.81585  0.00114034
        1864     1.77647     1.81583  0.00113992
        1865     1.77912     1.81581  0.00113948
        1866     1.79426      1.8158  0.00113893
        1867     1.79157     1.81578  0.00113839
        1868     1.79884     1.81577  0.00113782
        1869     1.79813     1.81577  0.00113725
        1870     1.76984     1.81574  0.00113691
        1871      1.7684     1.81572  0.00113658
        1872     1.74777     1.81568  0.00113655
        1873     1.78266     1.81566  0.00113608
        1874      1.8029     1.81565   0.0011355
        1875     1.76548     1.81563  0.00113521
        1876     1.81533     1.81563   0.0011346
        1877     1.83277     1.81564  0.00113404
        1878     1.84269     1.81565  0.00113352
        1879     1.84495     1.81567  0.00113303
        1880     1.83277     1.81568  0.00113246
        1881      1.8221     1.81568  0.00113186
        1882      1.8245     1.81568  0.00113127
        1883     1.80692     1.81568  0.00113068
        1884     1.80613     1.81567  0.00113009
        1885     1.79925     1.81567  0.00112953
        1886     1.78932     1.81565  0.00112901
        1887     1.81337     1.81565  0.00112842
        1888     1.82013     1.81565  0.00112782
        1889     1.80778     1.81565  0.00112723
        1890     1.81535     1.81565  0.00112663
        1891     1.81313     1.81565  0.00112604
        1892     1.79942     1.81564  0.00112548
        1893     1.78585     1.81562  0.00112499
        1894     1.81229     1.81562   0.0011244
        1895     1.79309     1.81561  0.00112387
        1896     1.76526     1.81558  0.00112359
        1897     1.76863     1.81556  0.00112327
        1898     1.78535     1.81554  0.00112279
        1899     1.76073     1.81551  0.00112257
        1900     1.79427      1.8155  0.00112204
        1901     1.78722     1.81549  0.00112154
        1902     1.83382      1.8155    0.001121
        1903     1.82029      1.8155  0.00112041
        1904     1.81576      1.8155  0.00111982
        1905     1.83512     1.81551  0.00111928
        1906     1.84011     1.81552  0.00111877
        1907     1.84762     1.81554  0.00111831
        1908     1.85547     1.81556  0.00111792
        1909     1.88722      1.8156  0.00111796
        1910     1.88008     1.81563  0.00111789
        1911     1.86726     1.81566  0.00111763
        1912     1.86924     1.81569  0.00111739
        1913     1.86616     1.81571  0.00111712
        1914     1.84901     1.81573  0.00111667
        1915      1.8728     1.81576  0.00111649
        1916     1.85128     1.81578  0.00111606
        1917     1.89017     1.81582  0.00111615
        1918     1.90483     1.81586  0.00111653
        1919     1.90926     1.81591  0.00111701
        1920      1.9285     1.81597  0.00111797
        1921     1.86369       1.816  0.00111766
        1922     1.87998     1.81603  0.00111758
        1923      1.8398     1.81604  0.00111706
        1924     1.83117     1.81605  0.00111651
        1925     1.84452     1.81606  0.00111603
        1926      1.8235     1.81607  0.00111546
        1927     1.82209     1.81607  0.00111488
        1928     1.82934     1.81608  0.00111433
        1929     1.81419     1.81608  0.00111375
        1930     1.84463     1.81609  0.00111327
        1931     1.84707     1.81611  0.00111281
        1932     1.85746     1.81613  0.00111244
        1933     1.87179     1.81616  0.00111224
        1934     1.81691     1.81616  0.00111166
        1935     1.82867     1.81617   0.0011111
        1936     1.82668     1.81617  0.00111054
        1937     1.83429     1.81618  0.00111001
        1938     1.84426     1.81619  0.00110953
        1939     1.87519     1.81622  0.00110938
        1940     1.87166     1.81625  0.00110917
        1941     1.87383     1.81628    0.001109
        1942     1.84785      1.8163  0.00110855
        1943     1.85287     1.81632  0.00110814
        1944     1.83147     1.81633  0.00110759
        1945     1.83399     1.81634  0.00110706
        1946     1.83537     1.81634  0.00110653
        1947     1.85298     1.81636  0.00110613
        1948     1.82795     1.81637  0.00110557
        1949      1.8501     1.81639  0.00110514
        1950     1.85388     1.81641  0.00110474
        1951     1.86032     1.81643  0.00110441
        1952     1.85901     1.81645  0.00110406
        1953     1.83682     1.81646  0.00110354
        1954     1.87339     1.81649  0.00110336
        1955     1.83774      1.8165  0.00110285
        1956     1.87984     1.81653  0.00110276
        1957     1.85433     1.81655  0.00110237
        1958     1.87466     1.81658   0.0011022
        1959     1.86703     1.81661  0.00110194
        1960     1.86027     1.81663   0.0011016
        1961     1.83862     1.81664   0.0011011
        1962     1.78728     1.81663  0.00110064
        1963     1.82527     1.81663  0.00110009
        1964     1.80342     1.81662  0.00109955
        1965     1.81831     1.81663  0.00109899
        1966     1.79344     1.81661  0.00109849
        1967     1.81096     1.81661  0.00109794
        1968     1.80735     1.81661  0.00109739
        1969     1.80661      1.8166  0.00109684
        1970     1.79495     1.81659  0.00109634
        1971     1.81133     1.81659  0.00109579
        1972     1.82323     1.81659  0.00109524
        1973     1.86555     1.81662  0.00109497
        1974     1.87921     1.81665  0.00109487
        1975     1.88446     1.81668  0.00109485
        1976     1.85826      1.8167   0.0010945
        1977     1.88522     1.81674   0.0010945
        1978     1.86591     1.81676  0.00109423
        1979     1.86005     1.81678  0.00109389
        1980     1.85839      1.8168  0.00109354
        1981     1.85158     1.81682  0.00109313
        1982     1.84157     1.81683  0.00109265
        1983       1.842     1.81685  0.00109217
        1984     1.85232     1.81687  0.00109177
        1985     1.84229     1.81688  0.00109129
        1986     1.83682     1.81689  0.00109079
        1987     1.85973     1.81691  0.00109045
        1988     1.83896     1.81692  0.00108996
        1989     1.84298     1.81693  0.00108949
        1990     1.84829     1.81695  0.00108906
        1991     1.82392     1.81695  0.00108852
        1992     1.80356     1.81695  0.00108799
        1993      1.8033     1.81694  0.00108747
        1994     1.81256     1.81694  0.00108692
        1995     1.81046     1.81693  0.00108638
        1996     1.83127     1.81694  0.00108586
        1997     1.84745     1.81696  0.00108543
        1998     1.78748     1.81694  0.00108498
        1999     1.78938     1.81693  0.00108453
        2000     1.76022      1.8169  0.00108436
