#     BLOCK:  ACTUAL_PE:     PE_AVE:      ERROR:
           1  -0.0321464  -0.0321464           0
           2  -0.0342632  -0.0332048 0.000748421
           3  -0.0388253  -0.0350783  0.00160902
           4  -0.0468342  -0.0380173  0.00281682
           5  -0.0607945  -0.0425727  0.00465616
           6     -0.0865  -0.0498939  0.00772802
           7   -0.118738  -0.0597288   0.0112598
           8   -0.153874  -0.0714969   0.0147731
           9   -0.181073   -0.083672   0.0174415
          10   -0.213014  -0.0966062   0.0199241
          11     -0.2429   -0.109906   0.0221104
          12   -0.245064   -0.121169   0.0229581
          13   -0.241216   -0.130403   0.0229743
          14    -0.27426   -0.140679   0.0235192
          15   -0.286726   -0.150415   0.0238817
          16   -0.287781   -0.159001   0.0238825
          17   -0.293143   -0.166891   0.0237455
          18   -0.308271   -0.174746   0.0236897
          19    -0.30297   -0.181494   0.0233844
          20   -0.321584   -0.188499   0.0232406
          21   -0.320076   -0.194764   0.0229629
          22   -0.348535   -0.201754   0.0229583
          23   -0.366496   -0.208917   0.0230504
          24   -0.378475   -0.215982   0.0231473
          25   -0.411265   -0.223793   0.0235025
          26   -0.391235   -0.230233   0.0234643
          27   -0.401389   -0.236572   0.0234359
          28   -0.363331   -0.241099    0.023032
          29   -0.352245   -0.244932   0.0225545
          30      -0.349   -0.248401   0.0220678
          31   -0.337279   -0.251268   0.0215414
          32   -0.357899     -0.2546   0.0211244
          33   -0.340229   -0.257195    0.020643
          34   -0.374072   -0.260632     0.02032
          35   -0.365826   -0.263638   0.0199605
          36    -0.36616   -0.266486   0.0196081
          37   -0.353831   -0.268847   0.0192198
          38   -0.395548   -0.272181    0.019001
          39   -0.378621    -0.27491   0.0187088
          40   -0.381865   -0.277584   0.0184311
          41   -0.412857   -0.280883   0.0182745
          42   -0.391732   -0.283522    0.018029
          43   -0.385239   -0.285888   0.0177642
          44   -0.382181   -0.288076   0.0174948
          45   -0.381996   -0.290164     0.01723
          46   -0.364806   -0.291786   0.0169317
          47   -0.368878   -0.293426   0.0166507
          48   -0.372047   -0.295064   0.0163842
          49   -0.343438   -0.296052   0.0160795
          50   -0.381393   -0.297758   0.0158483
          51   -0.359431   -0.298968   0.0155836
          52   -0.375173   -0.300433   0.0153527
          53   -0.368986   -0.301727   0.0151174
          54   -0.384008    -0.30325    0.014914
          55   -0.403393   -0.305071   0.0147536
          56   -0.367998   -0.306195   0.0145329
          57   -0.360537   -0.307148   0.0143091
          58   -0.347185   -0.307839   0.0140791
          59    -0.32141   -0.308069   0.0138423
          60   -0.319682   -0.308262    0.013613
          61   -0.297988   -0.308094   0.0133908
          62   -0.293542   -0.307859   0.0131769
          63   -0.331622   -0.308236   0.0129732
          64    -0.32538   -0.308504   0.0127732
          65   -0.327758     -0.3088   0.0125801
          66   -0.314961   -0.308894   0.0123899
          67   -0.304082   -0.308822   0.0122052
          68   -0.297524   -0.308656   0.0120268
          69   -0.279929   -0.308239   0.0118597
          70   -0.299796   -0.308119   0.0116909
          71   -0.303564   -0.308055   0.0115264
          72   -0.313852   -0.308135   0.0113666
          73   -0.318524   -0.308277   0.0112118
          74   -0.336252   -0.308655   0.0110666
          75   -0.354438   -0.309266   0.0109359
          76   -0.322496    -0.30944   0.0107934
          77   -0.342867   -0.309874    0.010662
          78   -0.338496   -0.310241   0.0105316
          79   -0.366996   -0.310959   0.0104227
          80   -0.360958   -0.311584   0.0103112
          81   -0.376483   -0.312386    0.010215
          82   -0.370993     -0.3131   0.0101154
          83   -0.383426   -0.313948   0.0100289
          84   -0.376344    -0.31469    0.009937
          85   -0.365306   -0.315286  0.00983792
          86   -0.373103   -0.315958  0.00974647
          87   -0.335239    -0.31618  0.00963696
          88   -0.337868   -0.316426   0.0095306
          89   -0.363603   -0.316956  0.00943824
          90    -0.36077   -0.317443  0.00934592
          91   -0.353925   -0.317844  0.00925181
          92   -0.380022    -0.31852   0.0091759
          93   -0.372126   -0.319096  0.00909532
          94   -0.362499   -0.319558  0.00901028
          95   -0.410653   -0.320517  0.00896631
          96   -0.386882   -0.321208  0.00889952
          97   -0.376081   -0.321774  0.00882573
          98   -0.413981   -0.322715  0.00878568
          99   -0.415074   -0.323648  0.00874633
         100   -0.382768   -0.324239  0.00867883
         101   -0.413283   -0.325121  0.00863756
         102   -0.391881   -0.325775  0.00857764
         103   -0.359942   -0.326107  0.00850077
         104   -0.348409   -0.326321  0.00842174
         105   -0.335777   -0.326411  0.00834201
         106    -0.33134   -0.326458  0.00826344
         107   -0.329233   -0.326484  0.00818626
         108   -0.347051   -0.326674  0.00811267
         109   -0.384559   -0.327205  0.00805561
         110   -0.363887   -0.327539  0.00798927
         111   -0.372073    -0.32794  0.00792737
         112   -0.353737    -0.32817  0.00785993
         113   -0.331491     -0.3282  0.00779043
         114    -0.33559   -0.328264  0.00772236
         115    -0.34002   -0.328367  0.00765589
         116   -0.396521   -0.328954   0.0076124
         117   -0.398055   -0.329545  0.00757021
         118   -0.391533    -0.33007  0.00752426
         119   -0.402225   -0.330677  0.00748543
         120   -0.403442   -0.331283  0.00744757
         121   -0.410148   -0.331935  0.00741448
         122    -0.40625   -0.332544  0.00737869
         123   -0.415742    -0.33322  0.00734964
         124   -0.410451   -0.333843  0.00731671
         125   -0.384594   -0.334249  0.00726943
         126   -0.387296    -0.33467  0.00722392
         127   -0.426785   -0.335395  0.00720336
         128     -0.3925   -0.335842  0.00716088
         129   -0.440763   -0.336655  0.00715141
         130   -0.401035    -0.33715  0.00711353
         131   -0.408906   -0.337698  0.00708028
         132   -0.389476    -0.33809   0.0070375
         133   -0.397315   -0.338535  0.00699866
         134   -0.399643   -0.338991  0.00696128
         135   -0.417186   -0.339571  0.00693377
         136   -0.435663   -0.340277  0.00691869
         137    -0.46597   -0.341195  0.00692875
         138   -0.444048    -0.34194  0.00691851
         139   -0.450983   -0.342724  0.00691307
         140   -0.433088    -0.34337  0.00689376
         141   -0.413335   -0.343866   0.0068627
         142   -0.387928   -0.344176  0.00682139
         143   -0.392607   -0.344515  0.00678209
         144   -0.417455   -0.345022  0.00675388
         145   -0.445746   -0.345716  0.00674293
         146   -0.450788   -0.346436  0.00673504
         147   -0.429805   -0.347003  0.00671306
         148   -0.449001   -0.347692  0.00670298
         149   -0.395721   -0.348015  0.00666574
         150    -0.36525   -0.348129  0.00662229
         151   -0.369109   -0.348268  0.00657989
         152   -0.369203   -0.348406  0.00653805
         153   -0.402474    -0.34876  0.00650486
         154    -0.44469   -0.349382  0.00649238
         155    -0.43176   -0.349914  0.00647221
         156   -0.475224   -0.350717  0.00648037
         157   -0.443628   -0.351309  0.00646606
         158   -0.410056   -0.351681  0.00643582
         159   -0.409063   -0.352042  0.00640545
         160   -0.357308   -0.352075   0.0063655
         161   -0.347976   -0.352049  0.00632602
         162   -0.317972   -0.351839  0.00629046
         163   -0.319834   -0.351642  0.00625493
         164   -0.347881    -0.35162  0.00621684
         165   -0.336675   -0.351529  0.00617982
         166   -0.344597   -0.351487  0.00614273
         167   -0.376406   -0.351636  0.00610776
         168   -0.398093   -0.351913  0.00607766
         169   -0.369676   -0.352018  0.00604261
         170   -0.380206   -0.352184  0.00600934
         171     -0.3712   -0.352295  0.00597522
         172   -0.343092   -0.352242  0.00594072
         173   -0.340384   -0.352173  0.00590678
         174   -0.361059   -0.352224  0.00587305
         175   -0.325471   -0.352071  0.00584148
         176    -0.32808   -0.351935  0.00580988
         177   -0.308407   -0.351689  0.00578226
         178   -0.291381    -0.35135  0.00575969
         179   -0.310673   -0.351123    0.005732
         180   -0.314652    -0.35092  0.00570373
         181   -0.314167   -0.350717  0.00567583
         182   -0.334724   -0.350629  0.00564533
         183   -0.326256   -0.350496  0.00561605
         184   -0.339579   -0.350437  0.00558584
         185   -0.351637   -0.350443  0.00555565
         186    -0.33237   -0.350346  0.00552663
         187   -0.331118   -0.350243  0.00549804
         188   -0.325083   -0.350109  0.00547042
         189   -0.341263   -0.350063  0.00544168
         190   -0.345778    -0.35004  0.00541308
         191   -0.354604   -0.350064  0.00538479
         192   -0.364004   -0.350137  0.00535724
         193   -0.390576   -0.350346  0.00533358
         194   -0.352517   -0.350357  0.00530609
         195   -0.377661   -0.350497  0.00528073
         196   -0.336642   -0.350427  0.00525426
         197   -0.353639   -0.350443  0.00522762
         198   -0.346474   -0.350423  0.00520125
         199    -0.35305   -0.350436  0.00517513
         200   -0.313212    -0.35025   0.0051526
         201   -0.325885   -0.350129  0.00512839
         202   -0.326892   -0.350014  0.00510429
         203   -0.322436   -0.349878  0.00508096
         204   -0.328311   -0.349772  0.00505715
         205   -0.323828   -0.349646  0.00503407
         206   -0.318129   -0.349493  0.00501195
         207   -0.315976   -0.349331  0.00499035
         208   -0.322051     -0.3492  0.00496809
         209   -0.296113   -0.348946   0.0049508
         210   -0.314365   -0.348781  0.00492997
         211   -0.307192   -0.348584  0.00491054
         212   -0.309692     -0.3484   0.0048908
         213   -0.335575    -0.34834  0.00486821
         214   -0.314327   -0.348181  0.00484806
         215   -0.359383   -0.348233  0.00482579
         216   -0.360788   -0.348291   0.0048038
         217   -0.348019    -0.34829  0.00478166
         218   -0.353559   -0.348314  0.00475979
         219    -0.34848   -0.348315  0.00473805
         220   -0.389994   -0.348505   0.0047203
         221   -0.398849   -0.348732  0.00470444
         222   -0.385543   -0.348898  0.00468617
         223   -0.378182   -0.349029  0.00466699
         224   -0.320284   -0.348901  0.00464792
         225   -0.341522   -0.348868  0.00462738
         226   -0.294733   -0.348629   0.0046131
         227   -0.325317   -0.348526  0.00459392
         228   -0.304248   -0.348332  0.00457787
         229   -0.357509   -0.348372  0.00455806
         230   -0.358164   -0.348415  0.00453844
         231    -0.36463   -0.348485  0.00451934
         232   -0.391743   -0.348671   0.0045037
         233   -0.379262   -0.348803  0.00448629
         234   -0.387833   -0.348969  0.00447021
         235   -0.390631   -0.349147   0.0044547
         236   -0.413062   -0.349417  0.00444405
         237   -0.422112   -0.349724  0.00443588
         238   -0.442118   -0.350112  0.00443419
         239   -0.462737   -0.350584  0.00444061
         240    -0.46956   -0.351079  0.00444969
         241   -0.456076   -0.351515   0.0044525
         242   -0.454959   -0.351942  0.00445458
         243   -0.444292   -0.352322  0.00445243
         244   -0.465526   -0.352786  0.00445829
         245   -0.418513   -0.353055  0.00444815
         246   -0.403477    -0.35326  0.00443479
         247    -0.39805   -0.353441  0.00442054
         248   -0.379231   -0.353545  0.00440394
         249   -0.399984   -0.353732   0.0043902
         250    -0.37557   -0.353819  0.00437351
         251   -0.387784   -0.353954  0.00435818
         252   -0.395158   -0.354118  0.00434395
         253    -0.38199   -0.354228  0.00432818
         254   -0.378226   -0.354322  0.00431217
         255   -0.371856   -0.354391  0.00429581
         256   -0.368082   -0.354445  0.00427936
         257   -0.376679   -0.354531  0.00426358
         258    -0.36947   -0.354589  0.00424745
         259     -0.3837   -0.354701  0.00423254
         260   -0.390795    -0.35484  0.00421853
         261   -0.364944   -0.354879  0.00420255
         262   -0.375091   -0.354956  0.00418722
         263   -0.361216    -0.35498  0.00417136
         264   -0.389465    -0.35511  0.00415761
         265   -0.402521   -0.355289  0.00414576
         266   -0.395891   -0.355442  0.00413299
         267   -0.422736   -0.355694  0.00412519
         268   -0.429602    -0.35597    0.004119
         269   -0.409787    -0.35617  0.00410855
         270   -0.440561   -0.356482   0.0041052
         271   -0.420171   -0.356717  0.00409677
         272   -0.417816   -0.356942  0.00408787
         273   -0.424059   -0.357188  0.00408028
         274   -0.411181   -0.357385  0.00407014
         275   -0.413687    -0.35759  0.00406049
         276   -0.425812   -0.357837  0.00405329
         277   -0.389834   -0.357952   0.0040403
         278   -0.429691   -0.358211    0.004034
         279   -0.421876   -0.358439  0.00402599
         280   -0.432004   -0.358701  0.00402018
         281   -0.418666   -0.358915  0.00401153
         282   -0.430516   -0.359169  0.00400533
         283    -0.38301   -0.359253  0.00399207
         284   -0.398397   -0.359391  0.00398039
         285   -0.367833    -0.35942  0.00396653
         286   -0.378901   -0.359489  0.00395325
         287    -0.38106   -0.359564  0.00394019
         288   -0.370454   -0.359602  0.00392669
         289   -0.386827   -0.359696  0.00391423
         290   -0.392942    -0.35981  0.00390241
         291   -0.395248   -0.359932   0.0038909
         292   -0.415249   -0.360122  0.00388219
         293   -0.427368   -0.360351  0.00387571
         294     -0.4843   -0.360773  0.00388539
         295   -0.456153   -0.361096  0.00388565
         296   -0.473066   -0.361474  0.00389089
         297   -0.502933   -0.361951  0.00390684
         298    -0.47363   -0.362325  0.00391166
         299   -0.455791   -0.362638  0.00391105
         300   -0.460913   -0.362966  0.00391171
         301   -0.442453    -0.36323  0.00390761
         302   -0.440853   -0.363487  0.00390312
         303   -0.428242     -0.3637  0.00389608
         304   -0.412135    -0.36386  0.00388652
         305   -0.420007   -0.364044  0.00387814
         306   -0.424606   -0.364242  0.00387051
         307   -0.411398   -0.364395  0.00386095
         308   -0.426768   -0.364598  0.00385372
         309   -0.434434   -0.364824  0.00384787
         310   -0.403475   -0.364948  0.00383748
         311   -0.448408   -0.365217  0.00383451
         312   -0.411732   -0.365366  0.00382512
         313   -0.435764   -0.365591  0.00381951
         314   -0.388177   -0.365663  0.00380802
         315   -0.437486   -0.365891  0.00380275
         316   -0.427736   -0.366086  0.00379575
         317   -0.433418   -0.366299  0.00378971
         318   -0.427405   -0.366491  0.00378266
         319    -0.42021   -0.366659  0.00377455
         320   -0.399622   -0.366762  0.00376416
         321   -0.402606   -0.366874  0.00375409
         322   -0.361387   -0.366857  0.00374247
         323   -0.371016    -0.36687  0.00373091
         324   -0.367722   -0.366873  0.00371939
         325   -0.388134   -0.366938  0.00370852
         326    -0.39076   -0.367011  0.00369787
         327   -0.387647   -0.367074   0.0036871
         328   -0.427462   -0.367258  0.00368045
         329   -0.419007   -0.367416  0.00367262
         330   -0.432224   -0.367612  0.00366674
         331   -0.425216   -0.367786  0.00365979
         332   -0.414782   -0.367928   0.0036515
         333   -0.419795   -0.368083  0.00364386
         334   -0.430476    -0.36827  0.00363773
         335   -0.417235   -0.368416  0.00362981
         336    -0.42496   -0.368585  0.00362291
         337   -0.399665   -0.368677  0.00361333
         338   -0.417214    -0.36882  0.00360549
         339   -0.377214   -0.368845  0.00359494
         340   -0.402497   -0.368944  0.00358573
         341   -0.389702   -0.369005  0.00357573
         342   -0.366031   -0.368996  0.00356529
         343   -0.396307   -0.369076  0.00355578
         344   -0.419233   -0.369222  0.00354843
         345   -0.427433    -0.36939  0.00354216
         346   -0.422169   -0.369543   0.0035352
         347   -0.428988   -0.369714  0.00352916
         348   -0.455737   -0.369961  0.00352767
         349   -0.431968   -0.370139  0.00352203
         350   -0.463633   -0.370406  0.00352208
         351   -0.444412   -0.370617  0.00351835
         352   -0.455301   -0.370858  0.00351657
         353   -0.447932   -0.371076  0.00351338
         354   -0.405374   -0.371173   0.0035048
         355    -0.40548    -0.37127  0.00349625
         356    -0.38452   -0.371307  0.00348663
         357   -0.398143   -0.371382  0.00347768
         358   -0.399655   -0.371461  0.00346886
         359   -0.399166   -0.371538  0.00346005
         360   -0.417981   -0.371667  0.00345285
         361   -0.430283   -0.371829   0.0034471
         362    -0.40756   -0.371928  0.00343899
         363   -0.424826   -0.372074   0.0034326
         364   -0.430328   -0.372234   0.0034269
         365   -0.417254   -0.372357  0.00341973
         366   -0.456606   -0.372587  0.00341812
         367   -0.431296   -0.372747  0.00341255
         368   -0.433855   -0.372914  0.00340732
         369   -0.434659   -0.373081  0.00340219
         370   -0.407987   -0.373175   0.0033943
         371   -0.438213    -0.37335  0.00338968
         372   -0.438392   -0.373525  0.00338507
         373    -0.43667   -0.373695  0.00338023
         374   -0.427049   -0.373837   0.0033742
         375   -0.488444   -0.374143  0.00337901
         376   -0.486219   -0.374441  0.00338315
         377   -0.468384    -0.37469  0.00338334
         378   -0.465733   -0.374931  0.00338295
         379    -0.43265   -0.375083  0.00337745
         380   -0.410767   -0.375177  0.00336987
         381   -0.421518   -0.375299  0.00336321
         382   -0.441922   -0.375473  0.00335893
         383   -0.437714   -0.375636  0.00335409
         384   -0.453336   -0.375838  0.00335145
         385   -0.433868   -0.375989  0.00334613
         386   -0.415203    -0.37609  0.00333901
         387   -0.420461   -0.376205  0.00333235
         388   -0.395291   -0.376254  0.00332412
         389   -0.378526    -0.37626  0.00331558
         390   -0.418963    -0.37637  0.00330889
         391   -0.415818    -0.37647  0.00330196
         392   -0.414643   -0.376568  0.00329497
         393   -0.434071   -0.376714  0.00328984
         394   -0.432465   -0.376856  0.00328453
         395   -0.405512   -0.376928  0.00327702
         396   -0.417791   -0.377031  0.00327036
         397   -0.427431   -0.377158  0.00326459
         398   -0.380324   -0.377166   0.0032564
         399   -0.397691   -0.377218  0.00324864
         400   -0.396469   -0.377266  0.00324088
         401   -0.366753    -0.37724   0.0032329
         402   -0.345511   -0.377161  0.00322582
         403   -0.345415   -0.377082  0.00321878
         404    -0.35027   -0.377016   0.0032115
         405   -0.345559   -0.376938  0.00320451
         406   -0.348427   -0.376868  0.00319738
         407   -0.310932   -0.376706  0.00319363
         408   -0.318015   -0.376562  0.00318904
         409   -0.312844   -0.376406  0.00318504
         410   -0.307493   -0.376238  0.00318171
         411   -0.321321   -0.376104  0.00317677
         412   -0.319267   -0.375966  0.00317205
         413   -0.352793    -0.37591  0.00316487
         414   -0.349709   -0.375847  0.00315786
         415   -0.363226   -0.375817   0.0031504
         416   -0.399786   -0.375874  0.00314335
         417   -0.409555   -0.375955  0.00313685
         418   -0.394484   -0.375999  0.00312966
         419   -0.428923   -0.376126  0.00312474
         420   -0.438505   -0.376274  0.00312082
         421   -0.411195   -0.376357  0.00311451
         422   -0.421767   -0.376465  0.00310899
         423    -0.41244    -0.37655   0.0031028
         424   -0.383744   -0.376567  0.00309553
         425   -0.406775   -0.376638  0.00308906
         426   -0.414028   -0.376726  0.00308306
         427   -0.427102   -0.376844   0.0030781
         428   -0.429106   -0.376966  0.00307333
         429   -0.457061   -0.377152  0.00307183
         430    -0.43253   -0.377281  0.00306738
         431   -0.434133   -0.377413   0.0030631
         432   -0.406899   -0.377481  0.00305677
         433   -0.359142   -0.377439     0.00305
         434   -0.382695   -0.377451    0.003043
         435   -0.351277   -0.377391   0.0030366
         436   -0.382682   -0.377403  0.00302966
         437   -0.409695   -0.377477  0.00302363
         438   -0.393819   -0.377514  0.00301695
         439   -0.423958    -0.37762  0.00301194
         440   -0.421821    -0.37772  0.00300677
         441   -0.395396   -0.377761  0.00300022
         442   -0.430237   -0.377879  0.00299578
         443   -0.421151   -0.377977   0.0029906
         444   -0.459118    -0.37816  0.00298945
         445    -0.40917   -0.378229  0.00298354
         446   -0.437464   -0.378362  0.00297981
         447   -0.416335   -0.378447  0.00297435
         448   -0.403096   -0.378502  0.00296822
         449   -0.370112   -0.378484  0.00296167
         450   -0.384431   -0.378497  0.00295512
         451    -0.35327   -0.378441  0.00294909
         452   -0.380535   -0.378445  0.00294257
         453   -0.352499   -0.378388  0.00293664
         454   -0.377112   -0.378385  0.00293017
         455   -0.376427   -0.378381  0.00292373
         456   -0.381731   -0.378388  0.00291733
         457   -0.364539   -0.378358   0.0029111
         458   -0.388509    -0.37838  0.00290483
         459   -0.396364   -0.378419  0.00289877
         460   -0.398856   -0.378464  0.00289281
         461   -0.421469   -0.378557  0.00288803
         462   -0.445104   -0.378701  0.00288537
         463   -0.474964   -0.378909  0.00288662
         464    -0.45177   -0.379066  0.00288467
         465   -0.432705   -0.379181  0.00288077
         466   -0.456363   -0.379347  0.00287935
         467   -0.419997   -0.379434   0.0028745
         468   -0.441182   -0.379566  0.00287138
         469   -0.400257    -0.37961   0.0028656
         470   -0.404791   -0.379664     0.00286
         471   -0.405931    -0.37972  0.00285447
         472   -0.408411    -0.37978  0.00284907
         473   -0.385578   -0.379793  0.00284307
         474   -0.386991   -0.379808  0.00283712
         475   -0.363189   -0.379773  0.00283136
         476   -0.342989   -0.379696  0.00282647
         477   -0.363734   -0.379662  0.00282074
         478   -0.314249   -0.379525  0.00281815
         479    -0.35101   -0.379466   0.0028129
         480   -0.320446   -0.379343  0.00280973
         481   -0.336737   -0.379254  0.00280528
         482    -0.32411    -0.37914  0.00280179
         483   -0.358273   -0.379097  0.00279632
         484   -0.360301   -0.379058  0.00279082
         485   -0.370168   -0.379039  0.00278512
         486   -0.370302   -0.379021  0.00277945
         487   -0.370026   -0.379003   0.0027738
         488   -0.361829   -0.378968  0.00276834
         489   -0.364409   -0.378938  0.00276284
         490   -0.338291   -0.378855  0.00275845
         491   -0.349462   -0.378795  0.00275348
         492   -0.357559   -0.378752  0.00274822
         493   -0.335059   -0.378663  0.00274408
         494   -0.378889   -0.378664  0.00273852
         495    -0.36621   -0.378639   0.0027331
         496   -0.392531   -0.378667  0.00272774
         497   -0.402192   -0.378714  0.00272266
         498   -0.430135   -0.378817  0.00271915
         499   -0.418341   -0.378896  0.00271485
         500   -0.438833   -0.379016  0.00271207
         501   -0.453813   -0.379166  0.00271076
         502   -0.444432   -0.379296  0.00270848
         503    -0.46477   -0.379466  0.00270842
         504   -0.463009   -0.379631  0.00270811
         505   -0.493674   -0.379857  0.00271215
         506   -0.468215   -0.380032  0.00271241
         507   -0.447866   -0.380166  0.00271035
         508   -0.433423    -0.38027  0.00270704
         509   -0.424384   -0.380357  0.00270311
         510   -0.389993   -0.380376  0.00269788
         511   -0.431626   -0.380476  0.00269446
         512    -0.40964   -0.380533   0.0026898
         513    -0.45137   -0.380671   0.0026881
         514   -0.459702   -0.380825  0.00268727
         515    -0.45866   -0.380976  0.00268629
         516   -0.451243   -0.381112  0.00268454
         517   -0.462189   -0.381269  0.00268392
         518   -0.431699   -0.381367  0.00268051
         519   -0.429686    -0.38146  0.00267696
         520   -0.407339   -0.381509  0.00267227
         521   -0.424171   -0.381591   0.0026684
         522   -0.429352   -0.381683  0.00266485
         523   -0.419677   -0.381755  0.00266075
         524   -0.415302   -0.381819  0.00265644
         525   -0.458248   -0.381965  0.00265537
         526   -0.410522   -0.382019  0.00265087
         527   -0.439257   -0.382128  0.00264807
         528   -0.399676   -0.382161  0.00264326
         529   -0.416483   -0.382226  0.00263906
         530   -0.392304   -0.382245  0.00263415
         531    -0.37314   -0.382228  0.00262924
         532   -0.374658   -0.382214  0.00262434
         533   -0.381075   -0.382212  0.00261942
         534   -0.371874   -0.382192  0.00261458
         535   -0.384262   -0.382196   0.0026097
         536   -0.409172   -0.382246  0.00260532
         537   -0.402916   -0.382285  0.00260075
         538   -0.431599   -0.382377  0.00259753
         539   -0.404958   -0.382418  0.00259305
         540   -0.409079   -0.382468  0.00258872
         541   -0.348704   -0.382405  0.00258468
         542   -0.331089   -0.382311  0.00258165
         543   -0.335888   -0.382225  0.00257831
         544   -0.316091   -0.382104  0.00257643
         545   -0.343875   -0.382034  0.00257266
         546   -0.336957   -0.381951  0.00256927
         547   -0.345368   -0.381884  0.00256545
         548   -0.327914   -0.381786  0.00256265
         549   -0.330467   -0.381692  0.00255969
         550   -0.332135   -0.381602  0.00255662
         551   -0.334687   -0.381517   0.0025534
         552   -0.356949   -0.381472  0.00254916
         553   -0.315327   -0.381353  0.00254736
         554   -0.354263   -0.381304  0.00254323
         555   -0.339947   -0.381229  0.00253974
         556   -0.322136   -0.381123  0.00253739
         557   -0.319362   -0.381012  0.00253526
         558   -0.316856   -0.380897  0.00253332
         559   -0.331077   -0.380808  0.00253036
         560   -0.317457   -0.380695  0.00252836
         561   -0.345364   -0.380632  0.00252464
         562   -0.328064   -0.380538  0.00252188
         563    -0.36059   -0.380503  0.00251765
         564   -0.356654   -0.380461  0.00251354
         565   -0.350716   -0.380408  0.00250964
         566   -0.374641   -0.380398  0.00250523
         567    -0.38937   -0.380414  0.00250086
         568   -0.398951   -0.380446  0.00249667
         569   -0.405185    -0.38049  0.00249266
         570   -0.426551   -0.380571   0.0024896
         571   -0.422462   -0.380644  0.00248632
         572   -0.394439   -0.380668  0.00248209
         573    -0.38992   -0.380684  0.00247781
         574   -0.345614   -0.380623  0.00247425
         575   -0.358045   -0.380584  0.00247026
         576   -0.369683   -0.380565  0.00246604
         577   -0.365199   -0.380538  0.00246191
         578   -0.369196   -0.380519  0.00245773
         579    -0.39244   -0.380539  0.00245357
         580   -0.397579   -0.380569  0.00244952
         581   -0.377242   -0.380563  0.00244531
         582   -0.394978   -0.380588  0.00244123
         583   -0.373592   -0.380576  0.00243707
         584   -0.339921   -0.380506  0.00243389
         585   -0.364627   -0.380479  0.00242988
         586   -0.365538   -0.380453  0.00242587
         587   -0.348259   -0.380399  0.00242236
         588   -0.364785   -0.380372  0.00241839
         589   -0.373293    -0.38036  0.00241431
         590   -0.352481   -0.380313  0.00241068
         591   -0.355891   -0.380271  0.00240695
         592   -0.356489   -0.380231  0.00240322
         593   -0.364735   -0.380205  0.00239931
         594   -0.370609   -0.380189  0.00239533
         595   -0.358803   -0.380153  0.00239157
         596   -0.383233   -0.380158  0.00238757
         597   -0.379504   -0.380157  0.00238357
         598   -0.351543   -0.380109  0.00238006
         599   -0.350696    -0.38006  0.00237659
         600   -0.323485   -0.379966   0.0023745
         601    -0.36109   -0.379934  0.00237076
         602   -0.378843   -0.379933  0.00236682
         603   -0.383784   -0.379939  0.00236291
         604   -0.394276   -0.379963  0.00235911
         605   -0.422196   -0.380033  0.00235625
         606    -0.44179   -0.380135  0.00235456
         607   -0.420413   -0.380201  0.00235162
         608   -0.425895   -0.380276  0.00234895
         609   -0.410347   -0.380325  0.00234561
         610     -0.3606   -0.380293  0.00234199
         611   -0.378641    -0.38029  0.00233816
         612    -0.35412   -0.380248  0.00233473
         613   -0.337247   -0.380177  0.00233197
         614   -0.323447   -0.380085     0.00233
         615   -0.334646   -0.380011  0.00232739
         616   -0.341582   -0.379949  0.00232444
         617   -0.349407   -0.379899   0.0023212
         618   -0.364021   -0.379874  0.00231759
         619   -0.400277   -0.379907  0.00231408
         620    -0.38616   -0.379917  0.00231037
         621   -0.446855   -0.380024  0.00230916
         622    -0.41875   -0.380087  0.00230629
         623    -0.42803   -0.380164  0.00230387
         624   -0.413558   -0.380217   0.0023008
         625   -0.404187   -0.380256  0.00229744
         626   -0.404605   -0.380294   0.0022941
         627   -0.374592   -0.380285  0.00229046
         628   -0.393147   -0.380306   0.0022869
         629   -0.391697   -0.380324  0.00228334
         630   -0.373825   -0.380314  0.00227974
         631   -0.359491   -0.380281  0.00227636
         632   -0.376856   -0.380275  0.00227277
         633   -0.355252   -0.380236  0.00226952
         634   -0.378741   -0.380233  0.00226594
         635   -0.376842   -0.380228  0.00226238
         636   -0.406715    -0.38027  0.00225921
         637   -0.402878   -0.380305  0.00225594
         638   -0.367664   -0.380285  0.00225249
         639   -0.415235    -0.38034  0.00224963
         640   -0.387879   -0.380352  0.00224614
         641   -0.430698    -0.38043  0.00224401
         642   -0.397295   -0.380457  0.00224067
         643   -0.438409   -0.380547    0.002239
         644   -0.428445   -0.380621  0.00223676
         645   -0.406531   -0.380661  0.00223365
         646   -0.414112   -0.380713  0.00223079
         647   -0.390134   -0.380728  0.00222739
         648   -0.397863   -0.380754  0.00222411
         649   -0.349812   -0.380706   0.0022212
         650   -0.354458   -0.380666  0.00221814
         651   -0.334882   -0.380596  0.00221585
         652   -0.333683   -0.380524  0.00221362
         653    -0.34721   -0.380473  0.00221082
         654   -0.330012   -0.380396  0.00220878
         655   -0.338795   -0.380332  0.00220633
         656   -0.350131   -0.380286  0.00220344
         657   -0.342561   -0.380229  0.00220084
         658   -0.350902   -0.380184  0.00219794
         659   -0.358088    -0.38015  0.00219486
         660   -0.372638   -0.380139  0.00219157
         661   -0.411497   -0.380186  0.00218877
         662   -0.401575   -0.380219   0.0021857
         663   -0.407099   -0.380259  0.00218278
         664   -0.406707   -0.380299  0.00217985
         665   -0.380344   -0.380299  0.00217658
         666   -0.370558   -0.380285  0.00217336
         667   -0.367073   -0.380265  0.00217019
         668   -0.359331   -0.380233  0.00216717
         669   -0.348506   -0.380186  0.00216445
         670   -0.353138   -0.380146  0.00216159
         671   -0.319091   -0.380055  0.00216028
         672   -0.326963   -0.379976  0.00215851
         673   -0.329084     -0.3799  0.00215663
         674   -0.331174   -0.379828  0.00215464
         675   -0.339481   -0.379768  0.00215228
         676   -0.325594   -0.379688  0.00215059
         677   -0.360809    -0.37966  0.00214759
         678   -0.341183   -0.379603  0.00214517
         679   -0.316521    -0.37951  0.00214402
         680   -0.331307   -0.379439  0.00214204
         681   -0.343885   -0.379387  0.00213953
         682   -0.352346   -0.379348  0.00213676
         683   -0.366901   -0.379329  0.00213371
         684    -0.37394   -0.379321  0.00213061
         685   -0.396242   -0.379346  0.00212764
         686   -0.376245   -0.379342  0.00212454
         687   -0.395083   -0.379365  0.00212158
         688   -0.387544   -0.379376  0.00211852
         689   -0.389039    -0.37939   0.0021155
         690   -0.397529   -0.379417  0.00211259
         691   -0.384715   -0.379424  0.00210955
         692   -0.385209   -0.379433  0.00210652
         693   -0.404865   -0.379469   0.0021038
         694   -0.398033   -0.379496  0.00210094
         695   -0.417574   -0.379551  0.00209863
         696    -0.39222   -0.379569  0.00209569
         697   -0.436912   -0.379651   0.0020943
         698   -0.445744   -0.379746  0.00209344
         699   -0.424812   -0.379811  0.00209144
         700   -0.476466   -0.379949    0.002093
         701   -0.476495   -0.380086  0.00209454
         702   -0.487859    -0.38024  0.00209718
         703   -0.521239   -0.380441  0.00210376
         704   -0.495575   -0.380604  0.00210712
         705   -0.472206   -0.380734  0.00210814
         706   -0.509494   -0.380916  0.00211302
         707   -0.481178   -0.381058  0.00211479
         708   -0.481543     -0.3812  0.00211656
         709   -0.478578   -0.381337  0.00211802
         710   -0.465609   -0.381456  0.00211836
         711   -0.485772   -0.381603  0.00212046
         712   -0.455417   -0.381707  0.00212001
         713   -0.462931    -0.38182   0.0021201
         714   -0.459028   -0.381929  0.00211989
         715   -0.474372   -0.382058  0.00212086
         716   -0.469412    -0.38218   0.0021214
         717   -0.458653   -0.382287  0.00212113
         718   -0.457569   -0.382391  0.00212076
         719   -0.431116   -0.382459  0.00211889
         720   -0.425517   -0.382519  0.00211679
         721   -0.366057   -0.382496  0.00211398
         722   -0.365581   -0.382473  0.00211118
         723   -0.352559   -0.382431  0.00210867
         724   -0.375319   -0.382422  0.00210578
         725   -0.361332   -0.382392  0.00210308
         726   -0.377597   -0.382386  0.00210019
         727   -0.389607   -0.382396  0.00209732
         728   -0.386874   -0.382402  0.00209445
         729    -0.41831   -0.382451  0.00209216
         730   -0.410514    -0.38249  0.00208965
         731    -0.44025   -0.382569  0.00208828
         732    -0.47954   -0.382701  0.00208963
         733   -0.463343   -0.382811  0.00208967
         734   -0.488387   -0.382955  0.00209177
         735   -0.458498   -0.383058  0.00209144
         736   -0.463305   -0.383167  0.00209144
         737   -0.422797   -0.383221   0.0020893
         738   -0.411078   -0.383258  0.00208681
         739   -0.429369   -0.383321  0.00208491
         740   -0.397016   -0.383339  0.00208218
         741   -0.393565   -0.383353  0.00207941
         742   -0.395757    -0.38337  0.00207668
         743   -0.388883   -0.383377   0.0020739
         744   -0.365091   -0.383353  0.00207126
         745   -0.391233   -0.383363   0.0020685
         746   -0.397213   -0.383382  0.00206581
         747    -0.40707   -0.383413  0.00206329
         748   -0.445088   -0.383496  0.00206218
         749   -0.457735   -0.383595  0.00206181
         750   -0.496259   -0.383745  0.00206452
         751     -0.4948   -0.383893  0.00206706
         752   -0.510102   -0.384061  0.00207112
         753   -0.504613   -0.384221  0.00207454
         754   -0.501796   -0.384377  0.00207764
         755    -0.50065   -0.384531  0.00208059
         756   -0.439042   -0.384603  0.00207909
         757   -0.452125   -0.384692  0.00207826
         758   -0.435482   -0.384759  0.00207659
         759   -0.398933   -0.384778  0.00207394
         760   -0.421074   -0.384826  0.00207176
         761   -0.390616   -0.384833  0.00206905
         762   -0.386582   -0.384836  0.00206634
         763   -0.378839   -0.384828  0.00206365
         764   -0.393647   -0.384839  0.00206098
         765   -0.408193    -0.38487  0.00205851
         766   -0.395186   -0.384883  0.00205587
         767   -0.426457   -0.384937   0.0020539
         768   -0.430259   -0.384996  0.00205207
         769    -0.44417   -0.385073  0.00205085
         770    -0.47224   -0.385187  0.00205131
         771   -0.472981   -0.385301   0.0020518
         772   -0.469902    -0.38541  0.00205207
         773   -0.486773   -0.385541   0.0020536
         774   -0.461175   -0.385639  0.00205327
         775   -0.473211   -0.385752  0.00205373
         776   -0.476984    -0.38587  0.00205445
         777   -0.447571   -0.385949  0.00205334
         778   -0.487732    -0.38608  0.00205486
         779   -0.481694   -0.386202  0.00205588
         780   -0.434586   -0.386265  0.00205418
         781   -0.427857   -0.386318  0.00205224
         782   -0.421704   -0.386363  0.00205012
         783   -0.408384   -0.386391  0.00204769
         784   -0.429448   -0.386446  0.00204582
         785   -0.451508   -0.386529  0.00204489
         786   -0.463434   -0.386627  0.00204463
         787   -0.479525   -0.386745  0.00204543
         788   -0.492445   -0.386879  0.00204723
         789   -0.450137   -0.386959  0.00204621
         790   -0.481393   -0.387079   0.0020471
         791   -0.466504   -0.387179  0.00204698
         792   -0.453107   -0.387262  0.00204609
         793   -0.460282   -0.387354  0.00204558
         794   -0.428157   -0.387406  0.00204364
         795   -0.452916   -0.387488  0.00204274
         796   -0.424531   -0.387535   0.0020407
         797   -0.439485     -0.3876  0.00203918
         798   -0.438334   -0.387663  0.00203761
         799   -0.457229   -0.387751  0.00203692
         800   -0.451988   -0.387831  0.00203596
         801   -0.466857    -0.38793  0.00203581
         802   -0.479394   -0.388044  0.00203646
         803   -0.453222   -0.388125  0.00203554
         804   -0.465691   -0.388221  0.00203529
         805   -0.440614   -0.388286  0.00203381
         806   -0.399678     -0.3883  0.00203133
         807   -0.373971   -0.388283  0.00202889
         808   -0.383056   -0.388276  0.00202639
         809   -0.390605   -0.388279  0.00202389
         810   -0.376878   -0.388265  0.00202144
         811   -0.370139   -0.388243  0.00201907
         812   -0.384639   -0.388238  0.00201659
         813     -0.3921   -0.388243  0.00201411
         814   -0.376446   -0.388228  0.00201169
         815    -0.37682   -0.388214  0.00200927
         816   -0.416496   -0.388249  0.00200711
         817    -0.39764   -0.388261  0.00200468
         818    -0.39416   -0.388268  0.00200225
         819   -0.405497   -0.388289  0.00199991
         820   -0.382656   -0.388282  0.00199749
         821   -0.382521   -0.388275  0.00199507
         822   -0.384408    -0.38827  0.00199264
         823   -0.383441   -0.388264  0.00199023
         824   -0.382883   -0.388258  0.00198783
         825   -0.377727   -0.388245  0.00198546
         826   -0.364688   -0.388217  0.00198326
         827   -0.374281     -0.3882  0.00198093
         828   -0.387498   -0.388199  0.00197854
         829    -0.39816   -0.388211  0.00197619
         830   -0.419234   -0.388248  0.00197416
         831   -0.397489   -0.388259  0.00197182
         832   -0.415135   -0.388292  0.00196971
         833    -0.40977   -0.388318  0.00196752
         834   -0.390747    -0.38832  0.00196516
         835     -0.3793    -0.38831  0.00196284
         836   -0.378225   -0.388298  0.00196053
         837   -0.382304    -0.38829   0.0019582
         838   -0.388912   -0.388291  0.00195586
         839   -0.382068   -0.388284  0.00195354
         840   -0.394731   -0.388291  0.00195123
         841   -0.400324   -0.388306  0.00194896
         842   -0.370411   -0.388284  0.00194677
         843   -0.380112   -0.388275  0.00194448
         844   -0.379783   -0.388265   0.0019422
         845   -0.372743   -0.388246  0.00193999
         846   -0.405851   -0.388267  0.00193781
         847   -0.409304   -0.388292  0.00193568
         848   -0.436022   -0.388348  0.00193422
         849   -0.453409   -0.388425  0.00193346
         850   -0.476411   -0.388528  0.00193395
         851   -0.408425   -0.388552  0.00193182
         852   -0.489063    -0.38867  0.00193315
         853   -0.431806    -0.38872  0.00193154
         854   -0.430657   -0.388769  0.00192991
         855   -0.392395   -0.388774  0.00192765
         856   -0.394118    -0.38878  0.00192541
         857   -0.367453   -0.388755  0.00192333
         858   -0.371338   -0.388735  0.00192119
         859     -0.3648   -0.388707  0.00191916
         860   -0.363477   -0.388678  0.00191715
         861   -0.375041   -0.388662  0.00191499
         862   -0.376437   -0.388647  0.00191282
         863   -0.398777   -0.388659  0.00191064
         864   -0.391644   -0.388663  0.00190843
         865   -0.383559   -0.388657  0.00190623
         866   -0.387964   -0.388656  0.00190403
         867   -0.401731   -0.388671   0.0019019
         868   -0.402909   -0.388687  0.00189978
         869   -0.395607   -0.388695  0.00189761
         870   -0.429803   -0.388743  0.00189601
         871   -0.435812   -0.388797  0.00189461
         872   -0.424876   -0.388838  0.00189289
         873   -0.414184   -0.388867  0.00189094
         874   -0.377469   -0.388854  0.00188882
         875   -0.379194   -0.388843   0.0018867
         876   -0.366997   -0.388818  0.00188471
         877   -0.345373   -0.388769  0.00188321
         878    -0.34048   -0.388714  0.00188187
         879   -0.329391   -0.388646  0.00188094
         880   -0.337911   -0.388588  0.00187968
         881   -0.335928   -0.388529   0.0018785
         882   -0.357209   -0.388493   0.0018767
         883   -0.350632    -0.38845  0.00187507
         884   -0.380286   -0.388441  0.00187297
         885   -0.382278   -0.388434  0.00187087
         886   -0.396934   -0.388444  0.00186878
         887    -0.39254   -0.388448  0.00186668
         888   -0.416593    -0.38848  0.00186485
         889   -0.411364   -0.388506  0.00186293
         890    -0.38231   -0.388499  0.00186084
         891   -0.444456   -0.388562  0.00185982
         892   -0.449438    -0.38863  0.00185898
         893   -0.412546   -0.388657  0.00185709
         894   -0.395193   -0.388664  0.00185503
         895   -0.388973   -0.388664  0.00185296
         896    -0.39736   -0.388674  0.00185092
         897   -0.389341   -0.388675  0.00184885
         898   -0.381182   -0.388666  0.00184681
         899   -0.387021   -0.388665  0.00184476
         900   -0.362829   -0.388636  0.00184293
         901   -0.377704   -0.388624  0.00184093
         902   -0.378494   -0.388612  0.00183892
         903   -0.369839   -0.388592    0.001837
         904   -0.398599   -0.388603    0.001835
         905   -0.409248   -0.388626  0.00183312
         906   -0.409346   -0.388648  0.00183124
         907   -0.395996   -0.388657  0.00182924
         908   -0.412544   -0.388683  0.00182741
         909    -0.36371   -0.388655  0.00182561
         910   -0.364609   -0.388629  0.00182379
         911   -0.369389   -0.388608  0.00182191
         912    -0.35919   -0.388576   0.0018202
         913   -0.349127   -0.388532  0.00181872
         914   -0.367258   -0.388509  0.00181688
         915   -0.384491   -0.388505   0.0018149
         916   -0.375716   -0.388491  0.00181297
         917   -0.383451   -0.388485    0.001811
         918   -0.400402   -0.388498  0.00180907
         919   -0.401113   -0.388512  0.00180716
         920   -0.384294   -0.388507   0.0018052
         921   -0.405258   -0.388526  0.00180333
         922   -0.413958   -0.388553  0.00180159
         923   -0.426688   -0.388594  0.00180011
         924   -0.415832   -0.388624   0.0017984
         925   -0.416151   -0.388654   0.0017967
         926    -0.40809   -0.388675  0.00179489
         927   -0.395542   -0.388682  0.00179296
         928   -0.382066   -0.388675  0.00179105
         929   -0.399785   -0.388687  0.00178916
         930   -0.360184   -0.388656   0.0017875
         931   -0.387917   -0.388655  0.00178558
         932   -0.386808   -0.388653  0.00178366
         933   -0.368272   -0.388632  0.00178188
         934    -0.36458   -0.388606  0.00178016
         935   -0.315977   -0.388528  0.00177995
         936   -0.343417    -0.38848   0.0017787
         937    -0.33468   -0.388423  0.00177773
         938   -0.326136   -0.388356  0.00177708
         939   -0.323276   -0.388287  0.00177653
         940   -0.336756   -0.388232  0.00177549
         941   -0.310654    -0.38815  0.00177552
         942   -0.322943    -0.38808  0.00177498
         943   -0.333059   -0.388022  0.00177406
         944   -0.362718   -0.387995  0.00177238
         945   -0.361545   -0.387967  0.00177073
         946   -0.389178   -0.387969  0.00176885
         947   -0.428952   -0.388012  0.00176752
         948   -0.385033   -0.388009  0.00176565
         949   -0.437424   -0.388061  0.00176456
         950   -0.449826   -0.388126   0.0017639
         951   -0.467122   -0.388209    0.001764
         952   -0.459751   -0.388284  0.00176375
         953   -0.468753   -0.388368  0.00176392
         954   -0.475734    -0.38846  0.00176444
         955   -0.469237   -0.388545  0.00176462
         956   -0.436225   -0.388594  0.00176348
         957   -0.380579   -0.388586  0.00176166
         958   -0.393211   -0.388591  0.00175983
         959   -0.397994   -0.388601  0.00175802
         960   -0.377608   -0.388589  0.00175623
         961   -0.354659   -0.388554  0.00175475
         962    -0.37688   -0.388542  0.00175297
         963   -0.369139   -0.388522  0.00175127
         964   -0.355948   -0.388488  0.00174978
         965   -0.390219    -0.38849  0.00174796
         966   -0.410847   -0.388513  0.00174631
         967   -0.393937   -0.388518  0.00174451
         968   -0.414221   -0.388545  0.00174291
         969   -0.420836   -0.388578  0.00174143
         970   -0.423076   -0.388614     0.00174
         971    -0.43003   -0.388657  0.00173873
         972   -0.415177   -0.388684  0.00173715
         973   -0.452085   -0.388749  0.00173659
         974   -0.425935   -0.388787  0.00173523
         975   -0.457031   -0.388857  0.00173486
         976   -0.452733   -0.388923  0.00173431
         977   -0.475557   -0.389011   0.0017348
         978   -0.501134   -0.389126  0.00173681
         979   -0.508275   -0.389248   0.0017393
         980   -0.518342   -0.389379  0.00174251
         981   -0.522602   -0.389515  0.00174601
         982   -0.508161   -0.389636  0.00174841
         983   -0.504264   -0.389753  0.00175052
         984   -0.463417   -0.389827  0.00175034
         985   -0.453556   -0.389892  0.00174976
         986   -0.419494   -0.389922  0.00174824
         987   -0.402552   -0.389935  0.00174651
         988   -0.407567   -0.389953  0.00174484
         989   -0.386254   -0.389949  0.00174308
         990    -0.40561   -0.389965  0.00174139
         991   -0.388835   -0.389964  0.00173963
         992   -0.381398   -0.389955   0.0017379
         993   -0.364532   -0.389929  0.00173634
         994   -0.347918   -0.389887  0.00173511
         995   -0.323726   -0.389821  0.00173464
         996   -0.340942   -0.389772  0.00173359
         997   -0.344463   -0.389726  0.00173244
         998   -0.352659   -0.389689  0.00173111
         999   -0.338972   -0.389638  0.00173012
        1000   -0.344515   -0.389593  0.00172898
        1001   -0.352182   -0.389556  0.00172765
        1002   -0.356206   -0.389523  0.00172625
        1003   -0.373113   -0.389506  0.00172461
        1004   -0.396666   -0.389513   0.0017229
        1005   -0.391039   -0.389515  0.00172119
        1006   -0.420306   -0.389545  0.00171975
        1007   -0.426266   -0.389582  0.00171843
        1008   -0.438357    -0.38963  0.00171741
        1009   -0.439829    -0.38968  0.00171642
        1010    -0.42385   -0.389714  0.00171506
        1011   -0.478976   -0.389802  0.00171563
        1012   -0.440759   -0.389852  0.00171468
        1013   -0.438777   -0.389901  0.00171366
        1014   -0.443371   -0.389954  0.00171278
        1015   -0.438552   -0.390001  0.00171177
        1016   -0.432566   -0.390043  0.00171059
        1017   -0.453405   -0.390106  0.00171005
        1018   -0.448049   -0.390163  0.00170931
        1019   -0.436625   -0.390208  0.00170824
        1020   -0.441595   -0.390258  0.00170731
        1021   -0.448578   -0.390316  0.00170659
        1022   -0.452909   -0.390377  0.00170602
        1023    -0.42525   -0.390411   0.0017047
        1024   -0.449165   -0.390468    0.001704
        1025   -0.454166    -0.39053  0.00170347
        1026   -0.426033   -0.390565  0.00170216
        1027   -0.451801   -0.390625  0.00170155
        1028    -0.43359   -0.390666   0.0017004
        1029   -0.452319   -0.390726  0.00169981
        1030   -0.443189   -0.390777  0.00169892
        1031   -0.459257   -0.390844  0.00169857
        1032   -0.492446   -0.390942  0.00169977
        1033   -0.478043   -0.391027  0.00170022
        1034   -0.454821   -0.391088  0.00169969
        1035   -0.454978    -0.39115  0.00169917
        1036   -0.452878    -0.39121  0.00169858
        1037   -0.451385   -0.391268  0.00169793
        1038   -0.427371   -0.391302  0.00169665
        1039   -0.437908   -0.391347  0.00169561
        1040   -0.429398   -0.391384  0.00169437
        1041   -0.430029   -0.391421  0.00169315
        1042   -0.417294   -0.391446  0.00169171
        1043   -0.422955   -0.391476  0.00169036
        1044   -0.433363   -0.391516  0.00168921
        1045   -0.395807    -0.39152   0.0016876
        1046   -0.407057   -0.391535  0.00168605
        1047   -0.378688   -0.391523  0.00168449
        1048   -0.403787   -0.391534  0.00168292
        1049   -0.401546   -0.391544  0.00168134
        1050    -0.41291   -0.391564  0.00167987
        1051   -0.395407   -0.391568  0.00167827
        1052   -0.378196   -0.391555  0.00167673
        1053   -0.386309    -0.39155  0.00167514
        1054   -0.385883   -0.391545  0.00167356
        1055   -0.360543   -0.391516  0.00167223
        1056   -0.371257   -0.391496  0.00167076
        1057   -0.349857   -0.391457  0.00166964
        1058   -0.386222   -0.391452  0.00166807
        1059      -0.381   -0.391442  0.00166652
        1060   -0.393876   -0.391444  0.00166495
        1061   -0.423306   -0.391474  0.00166366
        1062   -0.411004   -0.391493  0.00166219
        1063   -0.407644   -0.391508   0.0016607
        1064   -0.380001   -0.391497  0.00165917
        1065   -0.408729   -0.391513  0.00165769
        1066   -0.377979   -0.391501  0.00165619
        1067   -0.376541   -0.391487  0.00165469
        1068   -0.388058   -0.391484  0.00165315
        1069   -0.393938   -0.391486   0.0016516
        1070   -0.396494    -0.39149  0.00165006
        1071    -0.40208     -0.3915  0.00164855
        1072   -0.417553   -0.391525  0.00164719
        1073   -0.380643   -0.391515  0.00164569
        1074   -0.384465   -0.391508  0.00164417
        1075   -0.361172    -0.39148  0.00164288
        1076   -0.342879   -0.391435  0.00164198
        1077   -0.340489   -0.391387  0.00164113
        1078   -0.331966   -0.391332  0.00164054
        1079    -0.37775    -0.39132  0.00163907
        1080   -0.380582    -0.39131  0.00163758
        1081   -0.417781   -0.391334  0.00163625
        1082   -0.406077   -0.391348  0.00163479
        1083   -0.405467   -0.391361  0.00163333
        1084   -0.407743   -0.391376   0.0016319
        1085   -0.384356   -0.391369  0.00163041
        1086   -0.394067   -0.391372  0.00162891
        1087   -0.438132   -0.391415  0.00162798
        1088   -0.414204   -0.391436  0.00162661
        1089    -0.38334   -0.391428  0.00162514
        1090   -0.410444   -0.391446  0.00162374
        1091   -0.402508   -0.391456  0.00162228
        1092   -0.382856   -0.391448  0.00162082
        1093   -0.391036   -0.391448  0.00161933
        1094   -0.383658   -0.391441  0.00161787
        1095   -0.371759   -0.391423  0.00161649
        1096   -0.375229   -0.391408  0.00161508
        1097   -0.373523   -0.391392  0.00161369
        1098   -0.339595   -0.391344  0.00161291
        1099   -0.368662   -0.391324  0.00161158
        1100   -0.356076   -0.391292  0.00161043
        1101   -0.354761   -0.391259  0.00160931
        1102   -0.369064   -0.391238  0.00160798
        1103   -0.375941   -0.391225  0.00160658
        1104   -0.389296   -0.391223  0.00160512
        1105   -0.394245   -0.391226  0.00160367
        1106   -0.381393   -0.391217  0.00160225
        1107   -0.387318   -0.391213  0.00160081
        1108   -0.397654   -0.391219  0.00159937
        1109   -0.395103   -0.391222  0.00159793
        1110    -0.39075   -0.391222  0.00159649
        1111   -0.405215   -0.391235  0.00159511
        1112   -0.384218   -0.391228  0.00159368
        1113   -0.399551   -0.391236  0.00159227
        1114   -0.414117   -0.391256  0.00159097
        1115    -0.42882    -0.39129   0.0015899
        1116   -0.423374   -0.391319  0.00158874
        1117   -0.439128   -0.391362  0.00158789
        1118   -0.454842   -0.391418  0.00158749
        1119   -0.450345   -0.391471  0.00158694
        1120   -0.466528   -0.391538  0.00158694
        1121   -0.457412   -0.391597  0.00158661
        1122   -0.447121   -0.391646  0.00158597
        1123   -0.443892   -0.391693  0.00158524
        1124    -0.44306   -0.391738  0.00158449
        1125   -0.423854   -0.391767  0.00158333
        1126   -0.438264   -0.391808  0.00158247
        1127   -0.421736   -0.391835  0.00158129
        1128   -0.417962   -0.391858  0.00158005
        1129   -0.445993   -0.391906  0.00157938
        1130    -0.46115   -0.391967  0.00157917
        1131   -0.427627   -0.391999  0.00157809
        1132   -0.473636   -0.392071  0.00157834
        1133   -0.474932   -0.392144  0.00157864
        1134   -0.485987   -0.392227  0.00157942
        1135    -0.50145   -0.392323  0.00158096
        1136    -0.52543    -0.39244   0.0015839
        1137   -0.550771   -0.392579  0.00158862
        1138   -0.561108   -0.392728  0.00159411
        1139    -0.54993   -0.392866  0.00159867
        1140    -0.52799   -0.392984  0.00160166
        1141   -0.520526   -0.393096  0.00160415
        1142   -0.503628   -0.393193  0.00160566
        1143   -0.512128   -0.393297  0.00160763
        1144   -0.498923   -0.393389  0.00160887
        1145   -0.491767   -0.393475  0.00160976
        1146   -0.516436   -0.393582  0.00161193
        1147   -0.491969   -0.393668   0.0016128
        1148   -0.488104    -0.39375  0.00161349
        1149   -0.494554   -0.393838  0.00161447
        1150   -0.489967   -0.393922  0.00161523
        1151   -0.478478   -0.393995   0.0016155
        1152    -0.44635   -0.394041  0.00161473
        1153   -0.382965   -0.394031  0.00161336
        1154   -0.464216   -0.394092  0.00161311
        1155   -0.417352   -0.394112  0.00161184
        1156   -0.428811   -0.394142  0.00161072
        1157   -0.416453   -0.394161  0.00160945
        1158   -0.414703   -0.394179  0.00160815
        1159   -0.447358   -0.394225  0.00160742
        1160   -0.415932   -0.394244  0.00160615
        1161   -0.457558   -0.394298  0.00160569
        1162   -0.444802   -0.394342  0.00160489
        1163    -0.44466   -0.394385   0.0016041
        1164   -0.438344   -0.394423  0.00160316
        1165   -0.456858   -0.394476  0.00160268
        1166   -0.454801   -0.394528  0.00160214
        1167   -0.467894   -0.394591    0.001602
        1168    -0.47836   -0.394662  0.00160224
        1169   -0.457658   -0.394716  0.00160177
        1170   -0.451733   -0.394765  0.00160114
        1171   -0.427564   -0.394793  0.00160002
        1172   -0.402288     -0.3948  0.00159867
        1173   -0.423844   -0.394824   0.0015975
        1174    -0.41555   -0.394842  0.00159623
        1175   -0.429305   -0.394871  0.00159515
        1176   -0.400958   -0.394876   0.0015938
        1177   -0.428982   -0.394905  0.00159271
        1178    -0.41007   -0.394918  0.00159141
        1179   -0.400599   -0.394923  0.00159006
        1180   -0.385259   -0.394915  0.00158874
        1181   -0.380046   -0.394902  0.00158744
        1182   -0.366259   -0.394878  0.00158628
        1183    -0.38999   -0.394874  0.00158495
        1184   -0.399944   -0.394878  0.00158362
        1185   -0.435621   -0.394913  0.00158265
        1186   -0.439585    -0.39495  0.00158177
        1187   -0.433208   -0.394983  0.00158076
        1188   -0.469442   -0.395045  0.00158067
        1189   -0.408057   -0.395056  0.00157938
        1190   -0.434432   -0.395089   0.0015784
        1191   -0.422981   -0.395113  0.00157725
        1192   -0.448374   -0.395157  0.00157656
        1193   -0.447915   -0.395202  0.00157586
        1194   -0.440461   -0.395239  0.00157499
        1195   -0.454613   -0.395289  0.00157446
        1196   -0.464495   -0.395347  0.00157421
        1197   -0.467206   -0.395407  0.00157404
        1198   -0.474868   -0.395473  0.00157412
        1199   -0.465363   -0.395532  0.00157388
        1200   -0.476864   -0.395599  0.00157403
        1201   -0.465631   -0.395658   0.0015738
        1202   -0.435057   -0.395691  0.00157283
        1203   -0.434856   -0.395723  0.00157186
        1204   -0.423559   -0.395746  0.00157073
        1205   -0.418935   -0.395765  0.00156954
        1206    -0.41517   -0.395782  0.00156832
        1207   -0.436559   -0.395815  0.00156739
        1208   -0.440052   -0.395852  0.00156652
        1209   -0.423428   -0.395875  0.00156539
        1210   -0.449501   -0.395919  0.00156472
        1211   -0.441986   -0.395957  0.00156389
        1212   -0.443678   -0.395996   0.0015631
        1213   -0.435039   -0.396029  0.00156214
        1214   -0.411839   -0.396042  0.00156091
        1215   -0.399554   -0.396045  0.00155962
        1216   -0.414171   -0.396059  0.00155841
        1217   -0.415385   -0.396075  0.00155721
        1218   -0.407801   -0.396085  0.00155596
        1219   -0.440123   -0.396121  0.00155511
        1220   -0.441591   -0.396158  0.00155428
        1221   -0.429195   -0.396185  0.00155324
        1222   -0.425457   -0.396209  0.00155216
        1223   -0.428758   -0.396236  0.00155111
        1224   -0.428603   -0.396262  0.00155007
        1225   -0.435526   -0.396295  0.00154914
        1226   -0.401324   -0.396299  0.00154788
        1227   -0.452197   -0.396344  0.00154729
        1228   -0.448508   -0.396387  0.00154661
        1229   -0.416987   -0.396403  0.00154544
        1230   -0.433076   -0.396433  0.00154448
        1231   -0.430837   -0.396461  0.00154347
        1232   -0.366136   -0.396437  0.00154242
        1233     -0.3803   -0.396423  0.00154122
        1234   -0.374177   -0.396405  0.00154008
        1235   -0.380603   -0.396393  0.00153888
        1236   -0.386308   -0.396384  0.00153766
        1237   -0.361894   -0.396357  0.00153667
        1238   -0.373913   -0.396338  0.00153554
        1239   -0.387329   -0.396331  0.00153431
        1240   -0.369267   -0.396309  0.00153323
        1241   -0.361253   -0.396281  0.00153226
        1242   -0.364695   -0.396256  0.00153123
        1243   -0.365169   -0.396231  0.00153021
        1244   -0.368341   -0.396208  0.00152914
        1245   -0.373179    -0.39619  0.00152802
        1246   -0.372633   -0.396171  0.00152691
        1247   -0.373029   -0.396152   0.0015258
        1248   -0.367683   -0.396129  0.00152475
        1249   -0.353127   -0.396095  0.00152392
        1250   -0.355782   -0.396063  0.00152304
        1251   -0.378954   -0.396049  0.00152188
        1252   -0.373887   -0.396031  0.00152077
        1253   -0.371368   -0.396012  0.00151969
        1254   -0.400151   -0.396015  0.00151848
        1255   -0.370295   -0.395995  0.00151741
        1256   -0.358215   -0.395964   0.0015165
        1257   -0.373777   -0.395947  0.00151539
        1258   -0.370335   -0.395926  0.00151432
        1259   -0.354706   -0.395894  0.00151348
        1260   -0.345682   -0.395854   0.0015128
        1261   -0.336104   -0.395806  0.00151234
        1262   -0.330612   -0.395755  0.00151202
        1263   -0.351825    -0.39572  0.00151123
        1264   -0.329789   -0.395668  0.00151093
        1265   -0.330784   -0.395617  0.00151061
        1266   -0.345529   -0.395577  0.00150993
        1267   -0.333361   -0.395528  0.00150954
        1268   -0.335259    -0.39548   0.0015091
        1269   -0.343509   -0.395439  0.00150846
        1270   -0.361258   -0.395413  0.00150752
        1271   -0.331431   -0.395362  0.00150717
        1272   -0.355668   -0.395331  0.00150631
        1273   -0.352648   -0.395297   0.0015055
        1274   -0.338407   -0.395253  0.00150498
        1275   -0.368292   -0.395232  0.00150395
        1276   -0.373488   -0.395215  0.00150286
        1277   -0.385474   -0.395207  0.00150171
        1278   -0.384525   -0.395199  0.00150055
        1279    -0.36143   -0.395172  0.00149961
        1280   -0.361612   -0.395146  0.00149867
        1281   -0.341954   -0.395104  0.00149808
        1282   -0.355051   -0.395073  0.00149723
        1283   -0.328135   -0.395021  0.00149698
        1284   -0.331977   -0.394972  0.00149661
        1285   -0.376833   -0.394958  0.00149552
        1286   -0.349778   -0.394923  0.00149477
        1287   -0.381579   -0.394912  0.00149364
        1288   -0.379281     -0.3949  0.00149253
        1289   -0.391793   -0.394898  0.00149137
        1290   -0.411192    -0.39491  0.00149027
        1291   -0.389398   -0.394906  0.00148912
        1292    -0.37172   -0.394888  0.00148808
        1293   -0.373292   -0.394872  0.00148702
        1294   -0.350858   -0.394838  0.00148626
        1295   -0.364714   -0.394814   0.0014853
        1296   -0.339014   -0.394771  0.00148477
        1297   -0.361314   -0.394745  0.00148385
        1298   -0.330931   -0.394696  0.00148352
        1299    -0.36447   -0.394673  0.00148256
        1300   -0.366078   -0.394651  0.00148159
        1301    -0.36976   -0.394632  0.00148057
        1302   -0.397867   -0.394634  0.00147944
        1303   -0.410202   -0.394646  0.00147835
        1304   -0.433138   -0.394676  0.00147751
        1305   -0.419457   -0.394695   0.0014765
        1306     -0.4442   -0.394733  0.00147586
        1307   -0.436143   -0.394764  0.00147507
        1308   -0.416248   -0.394781  0.00147403
        1309   -0.405584   -0.394789  0.00147293
        1310   -0.397472   -0.394791  0.00147181
        1311   -0.397113   -0.394793  0.00147068
        1312   -0.340689   -0.394752  0.00147014
        1313   -0.370605   -0.394733  0.00146914
        1314   -0.348717   -0.394698  0.00146844
        1315   -0.328609   -0.394648  0.00146818
        1316   -0.332542   -0.394601  0.00146782
        1317   -0.363641   -0.394577   0.0014669
        1318   -0.356626   -0.394548  0.00146606
        1319   -0.361749   -0.394524  0.00146516
        1320   -0.370872   -0.394506  0.00146416
        1321   -0.370695   -0.394488  0.00146317
        1322   -0.357642    -0.39446  0.00146232
        1323   -0.360613   -0.394434  0.00146144
        1324   -0.365243   -0.394412  0.00146051
        1325   -0.356829   -0.394384  0.00145968
        1326   -0.379813   -0.394373  0.00145862
        1327   -0.375564   -0.394359  0.00145759
        1328   -0.375818   -0.394345  0.00145656
        1329   -0.386921   -0.394339  0.00145547
        1330   -0.380395   -0.394329  0.00145442
        1331   -0.393998   -0.394328  0.00145332
        1332   -0.366846   -0.394308  0.00145238
        1333    -0.39512   -0.394308  0.00145129
        1334   -0.356558    -0.39428  0.00145048
        1335   -0.368043    -0.39426  0.00144952
        1336   -0.371992   -0.394244  0.00144854
        1337   -0.392335   -0.394242  0.00144745
        1338   -0.420919   -0.394262  0.00144651
        1339   -0.427931   -0.394287  0.00144565
        1340   -0.442274   -0.394323  0.00144501
        1341   -0.431849   -0.394351   0.0014442
        1342   -0.398136   -0.394354  0.00144313
        1343   -0.345591   -0.394318  0.00144251
        1344    -0.39607   -0.394319  0.00144144
        1345   -0.393845   -0.394319  0.00144037
        1346   -0.354188   -0.394289  0.00143961
        1347    -0.41307   -0.394303  0.00143861
        1348   -0.419486   -0.394321  0.00143766
        1349   -0.392525    -0.39432  0.00143659
        1350     -0.3701   -0.394302  0.00143564
        1351   -0.365603   -0.394281  0.00143474
        1352    -0.35978   -0.394255   0.0014339
        1353   -0.373362    -0.39424  0.00143293
        1354   -0.378323   -0.394228  0.00143192
        1355   -0.391521   -0.394226  0.00143086
        1356   -0.382171   -0.394217  0.00142983
        1357   -0.384057    -0.39421   0.0014288
        1358   -0.393156   -0.394209  0.00142775
        1359   -0.369197   -0.394191  0.00142682
        1360   -0.373203   -0.394175  0.00142585
        1361   -0.377292   -0.394163  0.00142486
        1362   -0.352492   -0.394132  0.00142414
        1363   -0.379511   -0.394121  0.00142313
        1364    -0.36662   -0.394101  0.00142223
        1365   -0.395493   -0.394102  0.00142119
        1366   -0.389961   -0.394099  0.00142015
        1367   -0.372189   -0.394083  0.00141921
        1368   -0.425145   -0.394106  0.00141835
        1369   -0.388859   -0.394102  0.00141732
        1370   -0.407506   -0.394112  0.00141632
        1371   -0.402921   -0.394118   0.0014153
        1372   -0.381689   -0.394109   0.0014143
        1373   -0.339887    -0.39407  0.00141382
        1374   -0.336836   -0.394028   0.0014134
        1375     -0.3404   -0.393989  0.00141291
        1376    -0.33874   -0.393949  0.00141246
        1377   -0.349258   -0.393917   0.0014118
        1378   -0.379056   -0.393906  0.00141082
        1379   -0.392609   -0.393905   0.0014098
        1380   -0.397431   -0.393907  0.00140878
        1381   -0.396163   -0.393909  0.00140776
        1382   -0.404595   -0.393917  0.00140676
        1383   -0.414953   -0.393932  0.00140583
        1384   -0.378505   -0.393921  0.00140486
        1385   -0.368351   -0.393902  0.00140396
        1386   -0.382104   -0.393894  0.00140298
        1387   -0.351377   -0.393863   0.0014023
        1388   -0.376476   -0.393851  0.00140134
        1389   -0.380953   -0.393841  0.00140037
        1390   -0.391637    -0.39384  0.00139936
        1391    -0.39626   -0.393842  0.00139835
        1392   -0.406218    -0.39385  0.00139738
        1393   -0.361896   -0.393827  0.00139656
        1394   -0.361831   -0.393805  0.00139575
        1395   -0.342056   -0.393767  0.00139524
        1396   -0.325725   -0.393719  0.00139509
        1397    -0.34385   -0.393683  0.00139455
        1398   -0.351564   -0.393653  0.00139388
        1399   -0.381269   -0.393644  0.00139291
        1400   -0.387421    -0.39364  0.00139192
        1401   -0.404598   -0.393647  0.00139095
        1402   -0.412023    -0.39366  0.00139002
        1403   -0.413183   -0.393674   0.0013891
        1404   -0.434857   -0.393704  0.00138842
        1405   -0.454974   -0.393747  0.00138812
        1406   -0.455992   -0.393792  0.00138784
        1407   -0.467876   -0.393844  0.00138785
        1408   -0.452149   -0.393886  0.00138748
        1409   -0.480208   -0.393947  0.00138785
        1410   -0.425102   -0.393969  0.00138704
        1411   -0.461166   -0.394017  0.00138687
        1412   -0.428918   -0.394041  0.00138611
        1413    -0.45707   -0.394086  0.00138585
        1414   -0.412149   -0.394099  0.00138493
        1415   -0.487906   -0.394165  0.00138553
        1416   -0.460523   -0.394212  0.00138535
        1417   -0.456536   -0.394256  0.00138507
        1418   -0.425939   -0.394278  0.00138427
        1419   -0.417463   -0.394295  0.00138339
        1420   -0.421164   -0.394313  0.00138255
        1421   -0.385543   -0.394307  0.00138159
        1422   -0.399142   -0.394311  0.00138062
        1423   -0.406966    -0.39432  0.00137968
        1424   -0.404245   -0.394327  0.00137873
        1425   -0.384192   -0.394319  0.00137778
        1426   -0.384533   -0.394313  0.00137683
        1427   -0.390614    -0.39431  0.00137587
        1428    -0.36473   -0.394289  0.00137506
        1429   -0.385685   -0.394283  0.00137411
        1430   -0.397662   -0.394286  0.00137315
        1431   -0.386587    -0.39428   0.0013722
        1432   -0.394016    -0.39428  0.00137124
        1433   -0.367297   -0.394261  0.00137042
        1434   -0.386482   -0.394256  0.00136947
        1435   -0.363195   -0.394234  0.00136869
        1436   -0.382109   -0.394226  0.00136776
        1437   -0.362663   -0.394204  0.00136699
        1438   -0.385883   -0.394198  0.00136605
        1439   -0.386488   -0.394193  0.00136511
        1440   -0.381665   -0.394184  0.00136419
        1441    -0.37976   -0.394174  0.00136328
        1442   -0.379169   -0.394164  0.00136237
        1443   -0.365406   -0.394144  0.00136157
        1444   -0.363439   -0.394122   0.0013608
        1445   -0.353365   -0.394094  0.00136015
        1446   -0.383357   -0.394087  0.00135923
        1447   -0.416574   -0.394102  0.00135838
        1448    -0.44117   -0.394135  0.00135783
        1449   -0.473462   -0.394189  0.00135799
        1450   -0.473428   -0.394244  0.00135816
        1451    -0.46245   -0.394291  0.00135803
        1452   -0.435729    -0.39432   0.0013574
        1453   -0.433609   -0.394347  0.00135673
        1454   -0.418462   -0.394363   0.0013559
        1455   -0.390072    -0.39436  0.00135497
        1456   -0.406052   -0.394368  0.00135407
        1457   -0.386505   -0.394363  0.00135315
        1458   -0.402481   -0.394369  0.00135223
        1459   -0.408553   -0.394378  0.00135134
        1460   -0.376891   -0.394366  0.00135047
        1461   -0.390953   -0.394364  0.00134954
        1462   -0.382136   -0.394356  0.00134865
        1463   -0.383032   -0.394348  0.00134775
        1464   -0.358052   -0.394323  0.00134706
        1465   -0.418337   -0.394339  0.00134624
        1466   -0.412723   -0.394352  0.00134538
        1467   -0.420505    -0.39437  0.00134458
        1468   -0.435052   -0.394398  0.00134395
        1469   -0.426848    -0.39442  0.00134321
        1470   -0.437347   -0.394449  0.00134262
        1471   -0.434837   -0.394476  0.00134198
        1472   -0.410037   -0.394487  0.00134111
        1473   -0.394961   -0.394487   0.0013402
        1474   -0.404147   -0.394494  0.00133931
        1475   -0.397767   -0.394496   0.0013384
        1476   -0.396228   -0.394497   0.0013375
        1477   -0.410886   -0.394508  0.00133664
        1478   -0.386024   -0.394502  0.00133575
        1479   -0.399227   -0.394506  0.00133485
        1480   -0.407338   -0.394514  0.00133397
        1481   -0.401898   -0.394519  0.00133308
        1482    -0.39387   -0.394519  0.00133218
        1483   -0.412208   -0.394531  0.00133134
        1484   -0.388292   -0.394527  0.00133045
        1485   -0.394468   -0.394527  0.00132955
        1486   -0.394363   -0.394526  0.00132866
        1487   -0.379498   -0.394516   0.0013278
        1488   -0.397125   -0.394518  0.00132691
        1489    -0.39047   -0.394515  0.00132602
        1490   -0.407168   -0.394524  0.00132516
        1491   -0.385419   -0.394518  0.00132428
        1492   -0.417996   -0.394534  0.00132349
        1493   -0.395124   -0.394534   0.0013226
        1494   -0.406877   -0.394542  0.00132174
        1495   -0.415901   -0.394556  0.00132094
        1496   -0.408665   -0.394566  0.00132009
        1497   -0.413172   -0.394578  0.00131927
        1498   -0.402057   -0.394583  0.00131839
        1499   -0.415618   -0.394597  0.00131759
        1500   -0.390564   -0.394595  0.00131671
        1501   -0.406562   -0.394603  0.00131586
        1502   -0.396906   -0.394604  0.00131499
        1503   -0.386869   -0.394599  0.00131412
        1504   -0.415069   -0.394613  0.00131332
        1505    -0.41726   -0.394628  0.00131253
        1506   -0.436032   -0.394655  0.00131195
        1507   -0.410598   -0.394666  0.00131112
        1508    -0.42971   -0.394689  0.00131046
        1509    -0.42055   -0.394706   0.0013097
        1510   -0.414138   -0.394719   0.0013089
        1511   -0.403468   -0.394725  0.00130804
        1512   -0.412703   -0.394737  0.00130723
        1513     -0.3919   -0.394735  0.00130637
        1514   -0.392732   -0.394733  0.00130551
        1515   -0.395563   -0.394734  0.00130464
        1516   -0.393447   -0.394733  0.00130378
        1517    -0.41793   -0.394748  0.00130301
        1518   -0.422344   -0.394767  0.00130228
        1519   -0.396681   -0.394768  0.00130143
        1520   -0.378193   -0.394757  0.00130062
        1521   -0.350155   -0.394728  0.00130009
        1522   -0.334244   -0.394688  0.00129984
        1523   -0.316777   -0.394637      0.0013
        1524   -0.321189   -0.394589  0.00130004
        1525    -0.32101    -0.39454  0.00130008
        1526   -0.380907   -0.394531  0.00129926
        1527   -0.371615   -0.394516  0.00129849
        1528   -0.387612   -0.394512  0.00129765
        1529   -0.401375   -0.394516  0.00129681
        1530   -0.384716    -0.39451  0.00129598
        1531   -0.397707   -0.394512  0.00129513
        1532   -0.391023    -0.39451  0.00129429
        1533   -0.364417    -0.39449   0.0012936
        1534   -0.342564   -0.394456   0.0012932
        1535   -0.323251    -0.39441  0.00129318
        1536   -0.326222   -0.394366   0.0012931
        1537   -0.317586   -0.394316  0.00129323
        1538   -0.328839   -0.394273  0.00129309
        1539   -0.346475   -0.394242  0.00129262
        1540   -0.362421   -0.394221  0.00129195
        1541   -0.354986   -0.394196  0.00129136
        1542   -0.388723   -0.394192  0.00129053
        1543    -0.38004   -0.394183  0.00128972
        1544   -0.419737     -0.3942  0.00128899
        1545   -0.412491   -0.394211  0.00128821
        1546   -0.431354   -0.394235   0.0012876
        1547   -0.413589   -0.394248  0.00128683
        1548    -0.42648   -0.394269  0.00128617
        1549   -0.438159   -0.394297  0.00128565
        1550    -0.44888   -0.394332   0.0012853
        1551   -0.437943    -0.39436  0.00128478
        1552   -0.457742   -0.394401   0.0012846
        1553   -0.450673   -0.394438  0.00128429
        1554   -0.450136   -0.394473  0.00128396
        1555   -0.439413   -0.394502  0.00128346
        1556   -0.451687   -0.394539  0.00128316
        1557   -0.416429   -0.394553  0.00128241
        1558   -0.427493   -0.394574  0.00128177
        1559   -0.430916   -0.394598  0.00128116
        1560   -0.425069   -0.394617  0.00128048
        1561   -0.442341   -0.394648  0.00128003
        1562   -0.439079   -0.394676  0.00127952
        1563   -0.461329   -0.394719  0.00127942
        1564   -0.468726   -0.394766  0.00127947
        1565   -0.495199    -0.39483  0.00128026
        1566      -0.515   -0.394907  0.00128174
        1567   -0.484345   -0.394964   0.0012822
        1568   -0.500776   -0.395032  0.00128315
        1569   -0.469439   -0.395079  0.00128321
        1570   -0.438795   -0.395107   0.0012827
        1571   -0.382246   -0.395099  0.00128191
        1572   -0.389133   -0.395095   0.0012811
        1573   -0.369788   -0.395079  0.00128038
        1574   -0.360464   -0.395057  0.00127976
        1575   -0.362747   -0.395036  0.00127911
        1576   -0.389045   -0.395032   0.0012783
        1577   -0.386323   -0.395027   0.0012775
        1578   -0.415633    -0.39504  0.00127676
        1579   -0.419102   -0.395055  0.00127604
        1580   -0.377711   -0.395044  0.00127528
        1581   -0.452322    -0.39508  0.00127499
        1582   -0.447402   -0.395114  0.00127461
        1583   -0.424521   -0.395132  0.00127394
        1584   -0.387355   -0.395127  0.00127315
        1585    -0.41453   -0.395139  0.00127241
        1586   -0.410988   -0.395149  0.00127164
        1587   -0.429752   -0.395171  0.00127103
        1588   -0.433461   -0.395195  0.00127046
        1589   -0.441106   -0.395224  0.00126999
        1590   -0.441775   -0.395254  0.00126952
        1591    -0.44815   -0.395287  0.00126916
        1592   -0.443449   -0.395317  0.00126872
        1593   -0.445685   -0.395349  0.00126832
        1594   -0.420258   -0.395364  0.00126762
        1595   -0.404782    -0.39537  0.00126684
        1596   -0.384267   -0.395363  0.00126607
        1597   -0.378604   -0.395353  0.00126532
        1598   -0.402444   -0.395357  0.00126453
        1599   -0.409196   -0.395366  0.00126377
        1600   -0.407623   -0.395373  0.00126301
        1601   -0.398408   -0.395375  0.00126222
        1602   -0.399686   -0.395378  0.00126143
        1603   -0.380513   -0.395369  0.00126068
        1604   -0.380018   -0.395359  0.00125993
        1605   -0.369115   -0.395343  0.00125925
        1606   -0.370193   -0.395327  0.00125857
        1607   -0.364755   -0.395308  0.00125793
        1608   -0.372358   -0.395294  0.00125722
        1609   -0.418598   -0.395308  0.00125653
        1610   -0.421314   -0.395325  0.00125585
        1611   -0.424455   -0.395343   0.0012552
        1612   -0.422409   -0.395359  0.00125453
        1613     -0.4168   -0.395373  0.00125383
        1614   -0.384702   -0.395366  0.00125307
        1615   -0.385511    -0.39536  0.00125231
        1616   -0.390637   -0.395357  0.00125153
        1617   -0.391375   -0.395355  0.00125076
        1618   -0.407155   -0.395362  0.00125001
        1619   -0.436005   -0.395387  0.00124949
        1620    -0.42363   -0.395404  0.00124884
        1621   -0.398263   -0.395406  0.00124807
        1622   -0.424988   -0.395424  0.00124744
        1623   -0.391177   -0.395422  0.00124667
        1624   -0.388661   -0.395418  0.00124591
        1625   -0.390479   -0.395415  0.00124515
        1626    -0.38274   -0.395407  0.00124441
        1627   -0.393714   -0.395406  0.00124364
        1628   -0.395923   -0.395406  0.00124288
        1629   -0.412517   -0.395417  0.00124216
        1630   -0.431393   -0.395439  0.00124159
        1631   -0.440201   -0.395466  0.00124113
        1632   -0.429988   -0.395487  0.00124055
        1633    -0.44609   -0.395518  0.00124018
        1634    -0.44737    -0.39555  0.00123983
        1635   -0.438799   -0.395576  0.00123935
        1636   -0.412081   -0.395587  0.00123864
        1637   -0.398505   -0.395588  0.00123788
        1638   -0.378166   -0.395578  0.00123717
        1639   -0.395749   -0.395578  0.00123642
        1640   -0.391353   -0.395575  0.00123566
        1641   -0.393887   -0.395574  0.00123491
        1642    -0.39941   -0.395577  0.00123416
        1643   -0.410948   -0.395586  0.00123345
        1644   -0.392812   -0.395584   0.0012327
        1645   -0.415697   -0.395596  0.00123201
        1646   -0.384224    -0.39559  0.00123128
        1647   -0.437614   -0.395615   0.0012308
        1648   -0.464091   -0.395657  0.00123075
        1649   -0.426368   -0.395675  0.00123015
        1650   -0.457212   -0.395713  0.00122996
        1651   -0.435901   -0.395737  0.00122946
        1652   -0.440423   -0.395764  0.00122901
        1653   -0.425343   -0.395782   0.0012284
        1654   -0.430928   -0.395803  0.00122784
        1655   -0.438714   -0.395829  0.00122737
        1656   -0.424477   -0.395846  0.00122675
        1657   -0.425325   -0.395864  0.00122614
        1658   -0.436367   -0.395888  0.00122565
        1659   -0.395226   -0.395888  0.00122491
        1660   -0.448144    -0.39592  0.00122457
        1661   -0.436875   -0.395944  0.00122409
        1662   -0.462915   -0.395985  0.00122401
        1663   -0.455141    -0.39602  0.00122379
        1664   -0.457871   -0.396057  0.00122362
        1665   -0.410975   -0.396066  0.00122292
        1666    -0.41305   -0.396076  0.00122223
        1667   -0.402368    -0.39608   0.0012215
        1668   -0.350519   -0.396053  0.00122107
        1669   -0.382105   -0.396045  0.00122037
        1670   -0.378215   -0.396034  0.00121969
        1671   -0.388897    -0.39603  0.00121896
        1672   -0.386664   -0.396024  0.00121825
        1673   -0.408004   -0.396031  0.00121754
        1674   -0.363018   -0.396011  0.00121697
        1675   -0.407462   -0.396018  0.00121627
        1676   -0.366669   -0.396001  0.00121567
        1677   -0.397884   -0.396002  0.00121494
        1678   -0.376657    -0.39599  0.00121427
        1679   -0.403763   -0.395995  0.00121356
        1680   -0.366105   -0.395977  0.00121297
        1681    -0.35022    -0.39595  0.00121255
        1682   -0.346861   -0.395921  0.00121218
        1683   -0.323155   -0.395878  0.00121223
        1684   -0.330707   -0.395839  0.00121213
        1685   -0.336697   -0.395804  0.00121192
        1686   -0.338531    -0.39577  0.00121167
        1687   -0.359684   -0.395748  0.00121115
        1688   -0.370654   -0.395734  0.00121052
        1689   -0.398076   -0.395735   0.0012098
        1690   -0.404914    -0.39574   0.0012091
        1691   -0.364278   -0.395722  0.00120853
        1692   -0.426051    -0.39574  0.00120795
        1693   -0.431224   -0.395761  0.00120741
        1694   -0.403984   -0.395765  0.00120671
        1695   -0.387743   -0.395761  0.00120601
        1696   -0.390789   -0.395758   0.0012053
        1697   -0.364144   -0.395739  0.00120473
        1698   -0.344586   -0.395709   0.0012044
        1699   -0.342479   -0.395678   0.0012041
        1700   -0.343001   -0.395647  0.00120379
        1701   -0.316356     -0.3956  0.00120399
        1702   -0.348351   -0.395572   0.0012036
        1703   -0.338213   -0.395539  0.00120336
        1704   -0.334855   -0.395503  0.00120318
        1705   -0.340401   -0.395471  0.00120291
        1706   -0.320708   -0.395427    0.001203
        1707   -0.329563   -0.395388  0.00120292
        1708    -0.33942   -0.395356  0.00120266
        1709   -0.343318   -0.395325  0.00120234
        1710   -0.353958   -0.395301  0.00120188
        1711   -0.351767   -0.395275  0.00120145
        1712   -0.298818   -0.395219  0.00120207
        1713    -0.34375   -0.395189  0.00120174
        1714   -0.321101   -0.395146  0.00120182
        1715   -0.319003   -0.395101  0.00120194
        1716   -0.318813   -0.395057  0.00120206
        1717    -0.32858   -0.395018  0.00120198
        1718   -0.357172   -0.394996  0.00120148
        1719   -0.388621   -0.394993  0.00120079
        1720    -0.38219   -0.394985  0.00120011
        1721   -0.372792   -0.394972  0.00119949
        1722   -0.398179   -0.394974  0.00119879
        1723   -0.384917   -0.394968  0.00119811
        1724   -0.438256   -0.394993  0.00119768
        1725    -0.44642   -0.395023  0.00119735
        1726   -0.478959   -0.395072  0.00119765
        1727   -0.456445   -0.395107  0.00119748
        1728   -0.446614   -0.395137  0.00119716
        1729   -0.459024   -0.395174  0.00119704
        1730   -0.418626   -0.395188  0.00119642
        1731   -0.422357   -0.395203  0.00119583
        1732   -0.421419   -0.395218  0.00119524
        1733   -0.399573   -0.395221  0.00119455
        1734   -0.400177   -0.395224  0.00119387
        1735   -0.384105   -0.395217   0.0011932
        1736   -0.375783   -0.395206  0.00119256
        1737   -0.372436   -0.395193  0.00119195
        1738    -0.37115   -0.395179  0.00119134
        1739    -0.34582   -0.395151  0.00119099
        1740   -0.332898   -0.395115  0.00119085
        1741   -0.320993   -0.395073  0.00119092
        1742   -0.311156   -0.395024  0.00119121
        1743   -0.299315   -0.394969   0.0011918
        1744   -0.292877   -0.394911  0.00119255
        1745   -0.281318   -0.394846  0.00119364
        1746   -0.285657   -0.394783  0.00119459
        1747   -0.295831   -0.394727  0.00119525
        1748   -0.299384   -0.394672  0.00119581
        1749   -0.318485   -0.394629  0.00119592
        1750   -0.344473     -0.3946  0.00119558
        1751   -0.361566   -0.394581  0.00119505
        1752   -0.347622   -0.394554  0.00119467
        1753   -0.370792   -0.394541  0.00119406
        1754   -0.372679   -0.394528  0.00119345
        1755   -0.364386   -0.394511  0.00119289
        1756    -0.38681   -0.394507  0.00119222
        1757   -0.383642     -0.3945  0.00119156
        1758   -0.370729   -0.394487  0.00119096
        1759   -0.389376   -0.394484  0.00119028
        1760   -0.359976   -0.394464  0.00118977
        1761   -0.377141   -0.394455  0.00118913
        1762   -0.359314   -0.394435  0.00118862
        1763   -0.344336   -0.394406  0.00118829
        1764   -0.353287   -0.394383  0.00118784
        1765   -0.347314   -0.394356  0.00118747
        1766   -0.349367   -0.394331  0.00118707
        1767   -0.364365   -0.394314  0.00118652
        1768   -0.337062   -0.394281  0.00118629
        1769   -0.387289   -0.394277  0.00118563
        1770   -0.356167   -0.394256  0.00118515
        1771   -0.383645    -0.39425   0.0011845
        1772   -0.390031   -0.394248  0.00118383
        1773   -0.381235    -0.39424  0.00118319
        1774   -0.413597   -0.394251  0.00118257
        1775   -0.413943   -0.394262  0.00118196
        1776   -0.397277   -0.394264  0.00118129
        1777   -0.420996   -0.394279  0.00118072
        1778   -0.409588   -0.394288  0.00118009
        1779   -0.377105   -0.394278  0.00117947
        1780    -0.38832   -0.394275  0.00117881
        1781   -0.342246   -0.394245  0.00117851
        1782   -0.348513    -0.39422  0.00117813
        1783   -0.340198   -0.394189  0.00117786
        1784   -0.313137   -0.394144  0.00117807
        1785   -0.326128   -0.394106  0.00117803
        1786   -0.313446   -0.394061  0.00117823
        1787   -0.312774   -0.394015  0.00117845
        1788   -0.338914   -0.393984   0.0011782
        1789   -0.333823   -0.393951  0.00117802
        1790   -0.337169   -0.393919  0.00117779
        1791   -0.357091   -0.393898  0.00117731
        1792   -0.352766   -0.393876  0.00117688
        1793   -0.352171   -0.393852  0.00117645
        1794   -0.364138   -0.393836  0.00117591
        1795   -0.386801   -0.393832  0.00117526
        1796   -0.401419   -0.393836  0.00117461
        1797   -0.428631   -0.393855  0.00117412
        1798   -0.461247   -0.393893  0.00117407
        1799   -0.460631    -0.39393    0.001174
        1800   -0.447601    -0.39396  0.00117372
        1801   -0.443528   -0.393987   0.0011734
        1802   -0.396062   -0.393988  0.00117275
        1803   -0.398279   -0.393991   0.0011721
        1804   -0.402316   -0.393995  0.00117146
        1805   -0.381564   -0.393989  0.00117083
        1806    -0.37757   -0.393979  0.00117021
        1807    -0.39889   -0.393982  0.00116957
        1808   -0.400489   -0.393986  0.00116893
        1809   -0.398612   -0.393988  0.00116829
        1810   -0.393884   -0.393988  0.00116764
        1811   -0.412389   -0.393998  0.00116704
        1812   -0.380272   -0.393991  0.00116642
        1813   -0.406296   -0.393998   0.0011658
        1814   -0.388085   -0.393994  0.00116516
        1815   -0.411792   -0.394004  0.00116456
        1816    -0.43016   -0.394024  0.00116409
        1817   -0.420328   -0.394039  0.00116354
        1818   -0.420753   -0.394053  0.00116299
        1819   -0.430963   -0.394074  0.00116253
        1820   -0.413916   -0.394084  0.00116194
        1821    -0.40243   -0.394089  0.00116131
        1822   -0.390399   -0.394087  0.00116067
        1823   -0.387876   -0.394084  0.00116004
        1824   -0.387923    -0.39408  0.00115941
        1825   -0.372997   -0.394069  0.00115883
        1826   -0.360796    -0.39405  0.00115834
        1827   -0.361624   -0.394033  0.00115784
        1828   -0.335671   -0.394001  0.00115765
        1829    -0.33287   -0.393967   0.0011575
        1830   -0.348138   -0.393942  0.00115714
        1831    -0.32915   -0.393907  0.00115705
        1832   -0.348939   -0.393882  0.00115668
        1833   -0.323886   -0.393844  0.00115668
        1834   -0.340913   -0.393815   0.0011564
        1835   -0.344974   -0.393789  0.00115608
        1836    -0.35909    -0.39377  0.00115561
        1837   -0.358198    -0.39375  0.00115514
        1838   -0.377227   -0.393741  0.00115455
        1839   -0.400811   -0.393745  0.00115392
        1840   -0.387678   -0.393742   0.0011533
        1841   -0.383212   -0.393736  0.00115269
        1842   -0.396708   -0.393738  0.00115206
        1843   -0.417919   -0.393751  0.00115151
        1844    -0.41101    -0.39376  0.00115093
        1845   -0.416196   -0.393773  0.00115037
        1846   -0.407691    -0.39378  0.00114977
        1847   -0.431407     -0.3938  0.00114933
        1848   -0.400264   -0.393804  0.00114871
        1849   -0.444884   -0.393832  0.00114842
        1850   -0.420248   -0.393846  0.00114789
        1851   -0.425788   -0.393863   0.0011474
        1852   -0.427014   -0.393881  0.00114692
        1853   -0.393279   -0.393881   0.0011463
        1854   -0.368253   -0.393867  0.00114577
        1855   -0.363475   -0.393851  0.00114527
        1856   -0.355322    -0.39383  0.00114484
        1857   -0.341089   -0.393801  0.00114457
        1858   -0.360803   -0.393784  0.00114409
        1859   -0.368932    -0.39377  0.00114356
        1860   -0.393265    -0.39377  0.00114294
        1861   -0.383711   -0.393765  0.00114234
        1862   -0.386713   -0.393761  0.00114173
        1863   -0.355201    -0.39374  0.00114131
        1864   -0.354374   -0.393719  0.00114089
        1865   -0.356986   -0.393699  0.00114045
        1866   -0.371986   -0.393688   0.0011399
        1867   -0.369507   -0.393675  0.00113936
        1868   -0.376534   -0.393665  0.00113879
        1869   -0.375906   -0.393656  0.00113822
        1870   -0.347475   -0.393631  0.00113788
        1871   -0.346266   -0.393606  0.00113755
        1872   -0.325516    -0.39357  0.00113752
        1873   -0.360651   -0.393552  0.00113705
        1874   -0.380888   -0.393545  0.00113647
        1875   -0.343022   -0.393518  0.00113618
        1876   -0.393462   -0.393518  0.00113557
        1877   -0.410605   -0.393527    0.001135
        1878   -0.420566   -0.393542  0.00113449
        1879   -0.422762   -0.393557  0.00113399
        1880   -0.410534   -0.393566  0.00113343
        1881   -0.399856    -0.39357  0.00113283
        1882   -0.402125   -0.393574  0.00113224
        1883    -0.38484    -0.39357  0.00113165
        1884   -0.383815   -0.393564  0.00113106
        1885   -0.377183   -0.393556  0.00113049
        1886   -0.367047   -0.393542  0.00112998
        1887   -0.391239    -0.39354  0.00112938
        1888   -0.398133   -0.393543  0.00112878
        1889   -0.385492   -0.393539  0.00112819
        1890   -0.393368   -0.393539   0.0011276
        1891   -0.390703   -0.393537    0.001127
        1892   -0.377404   -0.393529  0.00112644
        1893   -0.363851   -0.393513  0.00112595
        1894   -0.390155   -0.393511  0.00112536
        1895   -0.370889   -0.393499  0.00112483
        1896   -0.343347   -0.393473  0.00112455
        1897   -0.346588   -0.393448  0.00112423
        1898   -0.363178   -0.393432  0.00112375
        1899   -0.338852   -0.393403  0.00112352
        1900   -0.372366   -0.393392  0.00112299
        1901   -0.365306   -0.393377  0.00112249
        1902   -0.411996   -0.393387  0.00112194
        1903   -0.398323    -0.39339  0.00112136
        1904   -0.393761    -0.39339  0.00112077
        1905   -0.413262     -0.3934  0.00112023
        1906    -0.41814   -0.393413  0.00111972
        1907    -0.42575    -0.39343  0.00111926
        1908   -0.433525   -0.393451  0.00111887
        1909   -0.465353   -0.393489  0.00111892
        1910   -0.458006   -0.393523  0.00111884
        1911   -0.445049    -0.39355  0.00111858
        1912   -0.447275   -0.393578  0.00111835
        1913    -0.44401   -0.393604  0.00111807
        1914   -0.427074   -0.393622  0.00111763
        1915   -0.450718   -0.393652  0.00111744
        1916   -0.429432    -0.39367  0.00111701
        1917   -0.467913   -0.393709   0.0011171
        1918   -0.483058   -0.393756  0.00111749
        1919   -0.487265   -0.393804  0.00111797
        1920    -0.50626   -0.393863  0.00111892
        1921   -0.441633   -0.393888  0.00111861
        1922   -0.457897   -0.393921  0.00111853
        1923   -0.417482   -0.393933  0.00111801
        1924   -0.409226   -0.393941  0.00111746
        1925   -0.422384   -0.393956  0.00111698
        1926   -0.401529    -0.39396   0.0011164
        1927   -0.400021   -0.393963  0.00111583
        1928   -0.407246    -0.39397  0.00111527
        1929   -0.392104   -0.393969  0.00111469
        1930   -0.422714   -0.393984  0.00111422
        1931   -0.424968      -0.394  0.00111375
        1932    -0.43563   -0.394021  0.00111339
        1933   -0.449566    -0.39405  0.00111318
        1934   -0.394752   -0.394051  0.00111261
        1935   -0.406702   -0.394057  0.00111205
        1936   -0.404652   -0.394063  0.00111149
        1937   -0.412333   -0.394072  0.00111096
        1938   -0.422192   -0.394087  0.00111048
        1939   -0.453355   -0.394117  0.00111032
        1940     -0.4495   -0.394146  0.00111012
        1941   -0.451867   -0.394175  0.00110995
        1942   -0.425662   -0.394192  0.00110949
        1943   -0.430846    -0.39421  0.00110908
        1944    -0.40965   -0.394218  0.00110854
        1945   -0.411859   -0.394227  0.00110801
        1946   -0.413448   -0.394237  0.00110748
        1947   -0.431141   -0.394256  0.00110707
        1948   -0.406036   -0.394262  0.00110652
        1949   -0.428067    -0.39428  0.00110609
        1950   -0.431978   -0.394299  0.00110569
        1951   -0.438657   -0.394322  0.00110536
        1952   -0.436904   -0.394344  0.00110501
        1953   -0.415111   -0.394354  0.00110449
        1954   -0.451402   -0.394383  0.00110431
        1955   -0.416006   -0.394394  0.00110381
        1956      -0.458   -0.394427  0.00110372
        1957   -0.432415   -0.394446  0.00110333
        1958   -0.452654   -0.394476  0.00110316
        1959   -0.445329   -0.394502  0.00110291
        1960   -0.438364   -0.394524  0.00110257
        1961   -0.416529   -0.394536  0.00110207
        1962   -0.365316   -0.394521   0.0011016
        1963   -0.403555   -0.394525  0.00110105
        1964   -0.381318   -0.394519  0.00110051
        1965   -0.396541    -0.39452  0.00109995
        1966    -0.37126   -0.394508  0.00109946
        1967   -0.389178   -0.394505   0.0010989
        1968   -0.385185     -0.3945  0.00109835
        1969   -0.384502   -0.394495  0.00109781
        1970   -0.372951   -0.394484   0.0010973
        1971   -0.389281   -0.394482  0.00109675
        1972   -0.401196   -0.394485   0.0010962
        1973   -0.443617    -0.39451  0.00109593
        1974   -0.456903   -0.394542  0.00109583
        1975   -0.462428   -0.394576  0.00109581
        1976   -0.436064   -0.394597  0.00109546
        1977   -0.463048   -0.394632  0.00109545
        1978   -0.443641   -0.394656  0.00109518
        1979   -0.437902   -0.394678  0.00109484
        1980   -0.436234   -0.394699  0.00109449
        1981   -0.429359   -0.394717  0.00109408
        1982   -0.419483   -0.394729   0.0010936
        1983   -0.419882   -0.394742  0.00109312
        1984   -0.430156    -0.39476  0.00109271
        1985   -0.420319   -0.394773  0.00109224
        1986   -0.414618   -0.394783  0.00109173
        1987   -0.437658   -0.394804   0.0010914
        1988   -0.416556   -0.394815   0.0010909
        1989   -0.420929   -0.394828  0.00109044
        1990   -0.426122   -0.394844     0.00109
        1991   -0.401626   -0.394847  0.00108946
        1992   -0.381473   -0.394841  0.00108893
        1993   -0.381045   -0.394834  0.00108841
        1994   -0.390507   -0.394832  0.00108786
        1995   -0.388184   -0.394828  0.00108732
        1996   -0.409327   -0.394836   0.0010868
        1997   -0.425036   -0.394851  0.00108636
        1998   -0.365219   -0.394836  0.00108592
        1999   -0.367056   -0.394822  0.00108547
        2000   -0.337945   -0.394794   0.0010853
