#     BLOCK:   ACTUAL_P:     P_AVE:       ERROR:
           1   0.0484801   0.0484801           0
           2   0.0485404   0.0485102 2.13205e-05
           3   0.0486778   0.0485661 4.77745e-05
           4   0.0489314   0.0486574 8.68408e-05
           5   0.0493805    0.048802 0.000146818
           6   0.0502123   0.0490371 0.000246992
           7   0.0513084   0.0493615 0.000367507
           8   0.0525084   0.0497549 0.000488671
           9   0.0534447   0.0501649 0.000581456
          10   0.0544666    0.050595 0.000663622
          11   0.0554043   0.0510323 0.000733303
          12   0.0555014   0.0514047 0.000760916
          13   0.0553853   0.0517109 0.000761503
          14   0.0563979   0.0520457 0.000777228
          15    0.056889   0.0523686  0.00078964
          16   0.0570007   0.0526581 0.000791581
          17   0.0571408   0.0529218 0.000787714
          18   0.0576049   0.0531819 0.000785746
          19   0.0574242   0.0534052 0.000775465
          20   0.0579873   0.0536343 0.000769791
          21   0.0579852   0.0538415 0.000760504
          22   0.0588858   0.0540708 0.000759714
          23   0.0595132   0.0543074 0.000762644
          24   0.0599621    0.054543 0.000766399
          25   0.0610548   0.0548035 0.000778748
          26   0.0604513   0.0550207 0.000778503
          27   0.0606585   0.0552295 0.000777168
          28   0.0593915   0.0553782 0.000763494
          29   0.0589871   0.0555026  0.00074724
          30     0.05884   0.0556139 0.000730566
          31   0.0584868   0.0557065 0.000712854
          32   0.0591755   0.0558149 0.000698771
          33   0.0586997   0.0559024 0.000683042
          34   0.0597979   0.0560169 0.000672494
          35      0.0596   0.0561193 0.000661026
          36   0.0595718   0.0562152 0.000649584
          37   0.0591076   0.0562934 0.000636714
          38   0.0604101   0.0564017 0.000629107
          39   0.0600171   0.0564944 0.000619768
          40   0.0601405   0.0565856  0.00061094
          41   0.0609896    0.056693 0.000605409
          42   0.0603083   0.0567791 0.000597082
          43   0.0601587   0.0568577 0.000588347
          44   0.0600718   0.0569307 0.000579492
          45   0.0600032    0.056999 0.000570623
          46   0.0594791   0.0570529 0.000560759
          47   0.0596066   0.0571072 0.000551454
          48   0.0597502   0.0571623 0.000542708
          49   0.0588778   0.0571973  0.00053276
          50   0.0599695   0.0572528 0.000524982
          51   0.0592835   0.0572926 0.000516196
          52   0.0597771   0.0573404 0.000508476
          53   0.0596342   0.0573836  0.00050072
          54    0.060152   0.0574349 0.000494065
          55    0.060779   0.0574957 0.000488809
          56   0.0597465   0.0575359  0.00048173
          57   0.0594641   0.0575697 0.000474465
          58   0.0588928   0.0575925 0.000466833
          59   0.0580001   0.0575994 0.000458971
          60   0.0579282   0.0576049 0.000451354
          61   0.0573123   0.0576001 0.000443981
          62   0.0572164   0.0575939 0.000436863
          63   0.0584001   0.0576067 0.000430116
          64   0.0582384   0.0576166 0.000423508
          65   0.0582883   0.0576269 0.000417119
          66   0.0578444   0.0576302 0.000410812
          67   0.0574587   0.0576277 0.000404689
          68   0.0572363   0.0576219 0.000398778
          69   0.0566982   0.0576085 0.000393223
          70   0.0572823   0.0576039 0.000387634
          71   0.0574034    0.057601 0.000382184
          72   0.0577661   0.0576033 0.000376883
          73   0.0579709   0.0576084 0.000371754
          74   0.0585407    0.057621 0.000366944
          75   0.0591401   0.0576412  0.00036261
          76   0.0581696   0.0576482 0.000357905
          77   0.0587261   0.0576622 0.000353531
          78   0.0585676   0.0576738 0.000349189
          79   0.0594493   0.0576963 0.000345491
          80   0.0593551    0.057717 0.000341794
          81   0.0599083    0.057744 0.000338643
          82   0.0597762   0.0577688 0.000335419
          83   0.0601632   0.0577977 0.000332616
          84   0.0598816   0.0578225  0.00032958
          85   0.0594869   0.0578421 0.000326284
          86   0.0596701   0.0578633 0.000323182
          87   0.0585521   0.0578712 0.000319564
          88   0.0586283   0.0578798 0.000316048
          89   0.0594274   0.0578972 0.000312975
          90   0.0593768   0.0579137 0.000309929
          91   0.0591746   0.0579275 0.000306833
          92   0.0599433   0.0579494 0.000304279
          93   0.0597174   0.0579684   0.0003016
          94   0.0594405   0.0579841 0.000298798
          95   0.0609694   0.0580155 0.000297301
          96   0.0603569   0.0580399 0.000295203
          97   0.0600205   0.0580603 0.000292865
          98   0.0610619    0.058091 0.000291473
          99   0.0610567   0.0581209 0.000290064
         100   0.0601562   0.0581413 0.000287877
         101   0.0610946   0.0581705 0.000286508
         102   0.0604005   0.0581924 0.000284532
         103   0.0593517   0.0582036 0.000281992
         104   0.0589028   0.0582104 0.000279361
         105     0.05847   0.0582128 0.000276711
         106    0.058326   0.0582139 0.000274103
         107   0.0582685   0.0582144 0.000271541
         108   0.0588853   0.0582206 0.000269098
         109   0.0601238   0.0582381 0.000267195
         110   0.0595553   0.0582501 0.000265034
         111   0.0597223   0.0582633 0.000262978
         112   0.0590361   0.0582702 0.000260721
         113   0.0583056   0.0582705 0.000258414
         114   0.0584759   0.0582723 0.000256153
         115   0.0586871   0.0582759 0.000253951
         116   0.0604805   0.0582949 0.000252472
         117   0.0606802   0.0583153 0.000251136
         118   0.0604611   0.0583335 0.000249665
         119   0.0607011   0.0583534 0.000248359
         120   0.0606921   0.0583729 0.000247052
         121   0.0609767   0.0583944 0.000245946
         122   0.0609099    0.058415 0.000244793
         123   0.0611664   0.0584374 0.000243823
         124   0.0609158   0.0584574 0.000242674
         125   0.0600869   0.0584704 0.000241083
         126   0.0601652   0.0584839 0.000239544
         127   0.0614369   0.0585071 0.000238784
         128   0.0605326    0.058523 0.000237442
         129   0.0620827   0.0585505   0.0002372
         130   0.0607936   0.0585678 0.000236002
         131    0.060893   0.0585856 0.000234867
         132    0.060249   0.0585982 0.000233425
         133   0.0605137   0.0586126 0.000232114
         134   0.0606481   0.0586277 0.000230878
         135   0.0612319    0.058647 0.000229973
         136    0.061836   0.0586705 0.000229474
         137   0.0627972   0.0587006 0.000229767
         138   0.0621425   0.0587255 0.000229452
         139   0.0623353   0.0587515 0.000229266
         140   0.0617037   0.0587726 0.000228596
         141   0.0610549   0.0587888 0.000227547
         142   0.0602636   0.0587992 0.000226182
         143   0.0604258   0.0588106 0.000224886
         144   0.0611965   0.0588271 0.000223934
         145   0.0621381     0.05885 0.000223551
         146   0.0624421   0.0588746 0.000223369
         147   0.0618165   0.0588946 0.000222744
         148   0.0622531   0.0589173 0.000222392
         149   0.0604484   0.0589275 0.000221137
         150   0.0594018   0.0589307 0.000219685
         151   0.0594919   0.0589344 0.000218262
         152   0.0596148   0.0589389 0.000216872
         153   0.0607624   0.0589508 0.000215782
         154   0.0621563   0.0589716 0.000215382
         155   0.0618268     0.05899 0.000214779
         156   0.0631571   0.0590168 0.000215057
         157    0.062213   0.0590371 0.000214648
         158   0.0611342   0.0590504   0.0002137
         159   0.0609186   0.0590621 0.000212679
         160   0.0592046    0.059063 0.000211351
         161   0.0588461   0.0590617 0.000210043
         162   0.0579054   0.0590545 0.000208867
         163   0.0579274   0.0590476   0.0002077
         164   0.0588118   0.0590462 0.000206439
         165   0.0585921   0.0590434 0.000205206
         166   0.0588881   0.0590425 0.000203972
         167   0.0598765   0.0590475 0.000202812
         168   0.0605947   0.0590567 0.000201814
         169   0.0597576   0.0590609 0.000200662
         170   0.0599402    0.059066 0.000199548
         171   0.0595794    0.059069 0.000198404
         172   0.0587905   0.0590674 0.000197257
         173   0.0587525   0.0590656 0.000196125
         174   0.0593417   0.0590672 0.000195005
         175   0.0582086   0.0590623 0.000193952
         176   0.0582286   0.0590575 0.000192908
         177   0.0576153   0.0590494  0.00019199
         178   0.0570854   0.0590384 0.000191228
         179   0.0576575   0.0590306 0.000190315
         180   0.0577726   0.0590237 0.000189386
         181   0.0577514   0.0590166  0.00018847
         182   0.0583853   0.0590132 0.000187467
         183   0.0582014   0.0590087 0.000186495
         184   0.0586705   0.0590069  0.00018549
         185   0.0590602   0.0590072 0.000184488
         186   0.0584335   0.0590041 0.000183522
         187    0.058308   0.0590004 0.000182578
         188   0.0580857   0.0589955 0.000181672
         189   0.0586382   0.0589936  0.00018072
         190   0.0588842    0.058993  0.00017977
         191    0.059247   0.0589944 0.000178834
         192   0.0595213   0.0589971 0.000177923
         193   0.0602474   0.0590036 0.000177119
         194   0.0590672   0.0590039 0.000176207
         195   0.0598223   0.0590081 0.000175353
         196   0.0586197   0.0590061  0.00017447
         197   0.0591306   0.0590068 0.000173585
         198   0.0588889   0.0590062  0.00017271
         199   0.0590092   0.0590062 0.000171842
         200   0.0577433   0.0589999 0.000171098
         201   0.0581028   0.0589954 0.000170305
         202    0.058154   0.0589912 0.000169513
         203   0.0580928   0.0589868 0.000168736
         204   0.0583374   0.0589836 0.000167939
         205   0.0581864   0.0589797 0.000167165
         206   0.0579775   0.0589749 0.000166424
         207   0.0578115   0.0589692 0.000165715
         208   0.0579818   0.0589645 0.000164986
         209   0.0572535   0.0589563   0.0001644
         210   0.0577836   0.0589507 0.000163712
         211   0.0575678   0.0589442 0.000163067
         212   0.0576342    0.058938 0.000162415
         213   0.0584566   0.0589357 0.000161668
         214   0.0578885   0.0589308 0.000160987
         215    0.059254   0.0589323 0.000160245
         216   0.0593193   0.0589341 0.000159513
         217   0.0589364   0.0589341 0.000158778
         218   0.0592395   0.0589356 0.000158056
         219    0.059149   0.0589365 0.000157337
         220   0.0603837   0.0589431 0.000156759
         221   0.0606966    0.058951 0.000156251
         222   0.0602729    0.058957  0.00015566
         223   0.0599532   0.0589615 0.000155026
         224   0.0580798   0.0589575 0.000154384
         225   0.0586377   0.0589561 0.000153705
         226   0.0572079   0.0589484 0.000153219
         227   0.0581513   0.0589449 0.000152584
         228   0.0575147   0.0589386 0.000152044
         229    0.059135   0.0589394 0.000151382
         230    0.059246   0.0589408  0.00015073
         231   0.0595243   0.0589433 0.000150099
         232   0.0603456   0.0589493 0.000149573
         233   0.0599522   0.0589536 0.000148993
         234    0.060213    0.058959 0.000148454
         235   0.0603301   0.0589649 0.000147937
         236   0.0610836   0.0589738 0.000147582
         237   0.0613981   0.0589841 0.000147313
         238   0.0620922   0.0589971 0.000147272
         239   0.0628191   0.0590131 0.000147522
         240   0.0629908   0.0590297 0.000147835
         241   0.0625526   0.0590443 0.000147942
         242   0.0625241   0.0590587 0.000148028
         243   0.0621848   0.0590716 0.000147977
         244    0.062789   0.0590868 0.000148153
         245   0.0613335    0.059096 0.000147832
         246   0.0608215    0.059103 0.000147397
         247   0.0605902    0.059109 0.000146923
         248   0.0599678   0.0591125 0.000146372
         249   0.0605754   0.0591183 0.000145902
         250   0.0599085   0.0591215 0.000145352
         251   0.0603055   0.0591262  0.00014485
         252   0.0604891   0.0591316 0.000144376
         253   0.0600449   0.0591352  0.00014385
         254    0.059881   0.0591382 0.000143314
         255   0.0596717   0.0591403 0.000142767
         256   0.0595764    0.059142  0.00014222
         257   0.0598586   0.0591448 0.000141694
         258   0.0596502   0.0591467 0.000141158
         259   0.0600521   0.0591502 0.000140656
         260   0.0602403   0.0591544 0.000140178
         261   0.0594668   0.0591556 0.000139646
         262    0.059769   0.0591579 0.000139132
         263   0.0593234   0.0591586 0.000138605
         264    0.060197   0.0591625 0.000138135
         265   0.0607383   0.0591684 0.000137742
         266   0.0606065   0.0591739  0.00013733
         267    0.061416   0.0591823 0.000137073
         268   0.0615999   0.0591913 0.000136858
         269   0.0609807   0.0591979  0.00013651
         270    0.061921    0.059208 0.000136377
         271   0.0613824    0.059216 0.000136109
         272   0.0612888   0.0592237 0.000135822
         273   0.0614176   0.0592317 0.000135562
         274   0.0610062   0.0592382 0.000135222
         275     0.06108   0.0592449 0.000134896
         276   0.0614237   0.0592528 0.000134638
         277    0.060389   0.0592569 0.000134215
         278   0.0616059   0.0592653 0.000133998
         279   0.0613912   0.0592729 0.000133734
         280   0.0617158   0.0592817  0.00013354
         281   0.0612775   0.0592888 0.000133254
         282   0.0615934   0.0592969 0.000133032
         283   0.0601393   0.0592999 0.000132595
         284   0.0605309   0.0593042 0.000132199
         285   0.0595674   0.0593052 0.000131738
         286   0.0598554   0.0593071 0.000131292
         287   0.0599857   0.0593095 0.000130856
         288   0.0596964   0.0593108 0.000130408
         289   0.0601812   0.0593138 0.000129992
         290   0.0603841   0.0593175 0.000129596
         291   0.0605238   0.0593216 0.000129217
         292   0.0612066   0.0593281 0.000128935
         293   0.0616159   0.0593359 0.000128731
         294   0.0633343   0.0593495  0.00012901
         295   0.0625708   0.0593604 0.000129034
         296   0.0631235   0.0593731 0.000129223
         297   0.0640621   0.0593889 0.000129749
         298   0.0631392   0.0594015 0.000129922
         299   0.0625508    0.059412 0.000129914
         300   0.0626871    0.059423 0.000129939
         301   0.0620744   0.0594318 0.000129805
         302   0.0619427   0.0594401 0.000129641
         303   0.0615241    0.059447 0.000129396
         304   0.0610635   0.0594523 0.000129079
         305   0.0613033   0.0594584 0.000128799
         306   0.0614309   0.0594648 0.000128539
         307   0.0610045   0.0594698 0.000128218
         308   0.0614345   0.0594762  0.00012796
         309   0.0617249   0.0594835 0.000127753
         310   0.0608511   0.0594879 0.000127417
         311   0.0621836   0.0594965 0.000127302
         312    0.061008   0.0595014 0.000126986
         313   0.0617427   0.0595086 0.000126782
         314    0.060313   0.0595111 0.000126404
         315   0.0618174   0.0595184 0.000126215
         316   0.0615503   0.0595249 0.000125979
         317   0.0617574   0.0595319 0.000125778
         318   0.0615782   0.0595383 0.000125547
         319   0.0613573    0.059544 0.000125283
         320   0.0607082   0.0595477 0.000124944
         321   0.0607417   0.0595514 0.000124611
         322   0.0594496   0.0595511 0.000124224
         323    0.059705   0.0595516  0.00012384
         324   0.0595398   0.0595515 0.000123458
         325   0.0601644   0.0595534 0.000123093
         326   0.0603533   0.0595559 0.000122739
         327   0.0603232   0.0595582 0.000122387
         328    0.061536   0.0595642 0.000122162
         329   0.0612441   0.0595693 0.000121897
         330   0.0616309   0.0595756 0.000121688
         331   0.0614379   0.0595812  0.00012145
         332   0.0611804    0.059586  0.00012118
         333    0.061337   0.0595913  0.00012093
         334   0.0616724   0.0595975 0.000120728
         335    0.061279   0.0596025 0.000120472
         336   0.0614583   0.0596081  0.00012024
         337   0.0606472   0.0596112 0.000119923
         338   0.0612054   0.0596159 0.000119661
         339   0.0600015    0.059617 0.000119313
         340   0.0606934   0.0596202 0.000119004
         341   0.0602489    0.059622  0.00011867
         342   0.0595204   0.0596217 0.000118323
         343   0.0604736   0.0596242 0.000118004
         344   0.0612588    0.059629 0.000117757
         345   0.0616097   0.0596347 0.000117555
         346   0.0614727     0.05964 0.000117335
         347   0.0615777   0.0596456  0.00011713
         348   0.0623718   0.0596534 0.000117055
         349   0.0617685   0.0596595 0.000116877
         350   0.0628101   0.0596685 0.000116889
         351   0.0622911    0.059676 0.000116794
         352   0.0625578   0.0596841 0.000116749
         353   0.0621886   0.0596912 0.000116634
         354   0.0608203   0.0596944 0.000116348
         355   0.0608108   0.0596976 0.000116063
         356   0.0601551   0.0596989 0.000115744
         357   0.0605612   0.0597013 0.000115445
         358   0.0606869    0.059704 0.000115155
         359   0.0607065   0.0597068 0.000114868
         360   0.0612915   0.0597112 0.000114633
         361   0.0616486   0.0597166 0.000114441
         362   0.0609705   0.0597201 0.000114178
         363   0.0614241   0.0597248  0.00011396
         364   0.0615899   0.0597299 0.000113762
         365   0.0612519    0.059734 0.000113526
         366   0.0625063   0.0597416 0.000113469
         367   0.0617463   0.0597471 0.000113291
         368   0.0617816   0.0597526 0.000113118
         369   0.0617436    0.059758  0.00011294
         370   0.0609125   0.0597611 0.000112678
         371   0.0618227   0.0597667 0.000112511
         372    0.061868   0.0597723  0.00011235
         373   0.0618515   0.0597779 0.000112187
         374   0.0615876   0.0597827 0.000111992
         375   0.0635022   0.0597927 0.000112131
         376   0.0635413   0.0598026 0.000112275
         377   0.0629808   0.0598111 0.000112294
         378   0.0627698   0.0598189 0.000112269
         379    0.061661   0.0598238 0.000112078
         380   0.0609973   0.0598268 0.000111826
         381    0.061307   0.0598307   0.0001116
         382   0.0619341   0.0598362 0.000111443
         383    0.061885   0.0598416  0.00011128
         384   0.0624401   0.0598483 0.000111196
         385   0.0618396   0.0598535 0.000111028
         386   0.0611719   0.0598569 0.000110793
         387    0.061206   0.0598604 0.000110561
         388   0.0604166   0.0598619 0.000110285
         389   0.0599128    0.059862 0.000110002
         390   0.0611322   0.0598652 0.000109768
         391   0.0611282   0.0598685 0.000109535
         392   0.0611933   0.0598719 0.000109308
         393   0.0617408   0.0598766 0.000109133
         394   0.0616478   0.0598811 0.000108948
         395   0.0608301   0.0598835 0.000108699
         396   0.0611724   0.0598868 0.000108473
         397   0.0614806   0.0598908 0.000108274
         398   0.0600895   0.0598913 0.000108003
         399   0.0605589   0.0598929 0.000107746
         400    0.060447   0.0598943 0.000107485
         401    0.059507   0.0598934 0.000107222
         402   0.0588494   0.0598908 0.000106986
         403    0.058843   0.0598882 0.000106752
         404   0.0589907   0.0598859 0.000106511
         405    0.058803   0.0598833 0.000106282
         406   0.0588592   0.0598808  0.00010605
         407   0.0577301   0.0598755 0.000105921
         408   0.0579094   0.0598706 0.000105771
         409   0.0577248   0.0598654 0.000105642
         410   0.0575572   0.0598598 0.000105535
         411   0.0579945   0.0598552 0.000105375
         412   0.0579896   0.0598507 0.000105217
         413   0.0590786   0.0598488 0.000104979
         414   0.0590142   0.0598468 0.000104744
         415   0.0594424   0.0598458 0.000104497
         416   0.0605447   0.0598475 0.000104259
         417   0.0609518   0.0598502 0.000104043
         418   0.0605963    0.059852 0.000103809
         419   0.0616657   0.0598563 0.000103651
         420   0.0619544   0.0598613 0.000103525
         421   0.0610602   0.0598641 0.000103318
         422   0.0612765   0.0598675 0.000103128
         423   0.0609823   0.0598701 0.000102917
         424   0.0601642   0.0598708 0.000102677
         425   0.0608923   0.0598732 0.000102464
         426   0.0610986   0.0598761 0.000102263
         427   0.0615276     0.05988 0.000102097
         428   0.0616765   0.0598842 0.000101945
         429    0.062599   0.0598905 0.000101903
         430   0.0618185    0.059895 0.000101765
         431   0.0617354   0.0598992 0.000101618
         432   0.0608269   0.0599014 0.000101406
         433   0.0593143      0.0599 0.000101181
         434   0.0599637   0.0599002 0.000100948
         435   0.0590271   0.0598982 0.000100736
         436   0.0600737   0.0598986 0.000100505
         437   0.0609987   0.0599011 0.000100307
         438    0.060538   0.0599025 0.000100088
         439   0.0613887   0.0599059 9.99176e-05
         440   0.0612959   0.0599091 9.97405e-05
         441   0.0605353   0.0599105 9.95244e-05
         442   0.0616081   0.0599143 9.93733e-05
         443   0.0613628   0.0599176 9.92028e-05
         444   0.0625467   0.0599235 9.91559e-05
         445   0.0610628   0.0599261 9.89661e-05
         446   0.0618466   0.0599304 9.88379e-05
         447   0.0611586   0.0599331  9.8655e-05
         448   0.0607521    0.059935 9.84517e-05
         449   0.0596902   0.0599344 9.82339e-05
         450   0.0600732   0.0599347 9.80161e-05
         451   0.0590745   0.0599328 9.78173e-05
         452   0.0598988   0.0599328 9.76009e-05
         453   0.0590917   0.0599309 9.74032e-05
         454   0.0598787   0.0599308 9.71887e-05
         455    0.059863   0.0599306 9.69752e-05
         456   0.0600581   0.0599309 9.67629e-05
         457   0.0595408   0.0599301  9.6555e-05
         458   0.0602227   0.0599307 9.63463e-05
         459   0.0604484   0.0599318 9.61429e-05
         460   0.0606006   0.0599333 9.59449e-05
         461    0.061391   0.0599364 9.57889e-05
         462   0.0621421   0.0599412 9.57005e-05
         463    0.063108   0.0599481 9.57379e-05
         464   0.0624473   0.0599534 9.56829e-05
         465   0.0618552   0.0599575 9.55645e-05
         466   0.0625379   0.0599631 9.55198e-05
         467   0.0613574   0.0599661 9.53619e-05
         468   0.0619349   0.0599703 9.52509e-05
         469   0.0607214   0.0599719 9.50612e-05
         470   0.0608454   0.0599737 9.48771e-05
         471   0.0608094   0.0599755 9.46923e-05
         472   0.0608593   0.0599774 9.45102e-05
         473   0.0601479   0.0599777 9.43111e-05
         474   0.0601747   0.0599781  9.4113e-05
         475   0.0594386    0.059977 9.39217e-05
         476   0.0587632   0.0599745  9.3759e-05
         477   0.0593405   0.0599731 9.35719e-05
         478   0.0578397   0.0599687 9.34825e-05
         479   0.0589387   0.0599665 9.33121e-05
         480   0.0580191   0.0599625 9.32058e-05
         481   0.0584952   0.0599594  9.3062e-05
         482    0.058144   0.0599556 9.29451e-05
         483   0.0592459   0.0599542 9.27642e-05
         484   0.0593863    0.059953   9.258e-05
         485   0.0597415   0.0599526 9.23901e-05
         486   0.0597016   0.0599521 9.22015e-05
         487   0.0596203   0.0599514 9.20147e-05
         488   0.0593277   0.0599501  9.1835e-05
         489   0.0594389    0.059949 9.16531e-05
         490   0.0586136   0.0599463 9.15066e-05
         491   0.0589013   0.0599442  9.1345e-05
         492   0.0591627   0.0599426 9.11731e-05
         493   0.0585368   0.0599398 9.10328e-05
         494   0.0599071   0.0599397 9.08485e-05
         495   0.0595333   0.0599389 9.06687e-05
         496   0.0603412   0.0599397 9.04895e-05
         497   0.0606737   0.0599412 9.03195e-05
         498   0.0616199   0.0599445  9.0201e-05
         499   0.0613131   0.0599473  9.0062e-05
         500    0.061917   0.0599512  8.9968e-05
         501   0.0623846   0.0599561 8.99194e-05
         502   0.0621385   0.0599604 8.98453e-05
         503   0.0627588    0.059966 8.98388e-05
         504   0.0627467   0.0599715 8.98298e-05
         505   0.0638004   0.0599791 8.99713e-05
         506   0.0630407   0.0599851 8.99967e-05
         507   0.0623267   0.0599897 8.99376e-05
         508   0.0617075   0.0599931 8.98241e-05
         509   0.0613399   0.0599958 8.96866e-05
         510   0.0603277   0.0599964 8.95131e-05
         511   0.0616662   0.0599997 8.93976e-05
         512   0.0610441   0.0600017 8.92462e-05
         513   0.0623373   0.0600063 8.91883e-05
         514   0.0626271   0.0600114 8.91604e-05
         515   0.0626336   0.0600165 8.91326e-05
         516   0.0623753    0.060021  8.9077e-05
         517   0.0626696   0.0600262 8.90519e-05
         518   0.0617025   0.0600294 8.89387e-05
         519   0.0616074   0.0600324 8.88193e-05
         520   0.0608668    0.060034  8.8663e-05
         521   0.0613453   0.0600366 8.85286e-05
         522   0.0615641   0.0600395 8.84073e-05
         523   0.0613625    0.060042 8.82745e-05
         524   0.0612802   0.0600444 8.81376e-05
         525   0.0626094   0.0600493  8.8105e-05
         526   0.0611359   0.0600513 8.79618e-05
         527   0.0619258   0.0600549 8.78667e-05
         528   0.0606677   0.0600561  8.7708e-05
         529   0.0611522   0.0600581 8.75667e-05
         530   0.0604446   0.0600589 8.74045e-05
         531   0.0598357   0.0600584 8.72409e-05
         532   0.0598321    0.060058 8.70779e-05
         533   0.0600192   0.0600579 8.69146e-05
         534   0.0597337   0.0600573 8.67539e-05
         535   0.0600754   0.0600574 8.65918e-05
         536   0.0608987   0.0600589 8.64445e-05
         537   0.0608645   0.0600604 8.62965e-05
         538   0.0618063   0.0600637 8.61971e-05
         539   0.0609181   0.0600653 8.60518e-05
         540   0.0609001   0.0600668 8.59063e-05
         541   0.0589403   0.0600647 8.57727e-05
         542   0.0583162   0.0600615 8.56751e-05
         543   0.0584474   0.0600585 8.55689e-05
         544   0.0578936   0.0600545 8.55041e-05
         545   0.0587646   0.0600522   8.538e-05
         546   0.0585059   0.0600493 8.52705e-05
         547   0.0587264   0.0600469  8.5149e-05
         548   0.0582247   0.0600436 8.50585e-05
         549   0.0583328   0.0600405 8.49606e-05
         550   0.0584311   0.0600376 8.48565e-05
         551   0.0585063   0.0600348  8.4748e-05
         552   0.0591794   0.0600332 8.46086e-05
         553   0.0579312   0.0600294  8.4541e-05
         554   0.0590928   0.0600277 8.44053e-05
         555   0.0586344   0.0600252 8.42905e-05
         556   0.0580912   0.0600218 8.42107e-05
         557   0.0579675   0.0600181 8.41402e-05
         558    0.057856   0.0600142 8.40786e-05
         559   0.0582682   0.0600111 8.39862e-05
         560    0.057913   0.0600073 8.39197e-05
         561   0.0587918   0.0600052 8.37981e-05
         562   0.0582933   0.0600021 8.37043e-05
         563   0.0592737   0.0600008 8.35657e-05
         564   0.0591907   0.0599994 8.34298e-05
         565   0.0590473   0.0599977 8.32992e-05
         566   0.0597754   0.0599973 8.31529e-05
         567   0.0602255   0.0599977 8.30073e-05
         568   0.0605644   0.0599987 8.28671e-05
         569   0.0608405   0.0600002 8.27347e-05
         570   0.0615392   0.0600029 8.26336e-05
         571   0.0614463   0.0600054 8.25275e-05
         572   0.0605359   0.0600063 8.23885e-05
         573   0.0602957   0.0600068 8.22462e-05
         574   0.0588233   0.0600048 8.21288e-05
         575   0.0591019   0.0600032  8.2001e-05
         576   0.0595143   0.0600024  8.1863e-05
         577   0.0595374   0.0600016 8.17251e-05
         578   0.0597341   0.0600011  8.1585e-05
         579   0.0603934   0.0600018 8.14469e-05
         580   0.0605119   0.0600026 8.13112e-05
         581   0.0598973   0.0600025 8.11715e-05
         582    0.060416   0.0600032 8.10351e-05
         583   0.0597757   0.0600028 8.08971e-05
         584   0.0587367   0.0600006 8.07876e-05
         585   0.0594438   0.0599997 8.06551e-05
         586   0.0594359   0.0599987 8.05232e-05
         587   0.0589497   0.0599969 8.04058e-05
         588   0.0594706    0.059996 8.02741e-05
         589   0.0597386   0.0599956  8.0139e-05
         590    0.059098   0.0599941 8.00176e-05
         591   0.0591865   0.0599927 7.98939e-05
         592   0.0591314   0.0599912 7.97721e-05
         593   0.0593758   0.0599902 7.96444e-05
         594   0.0596969   0.0599897 7.95118e-05
         595   0.0594215   0.0599888 7.93839e-05
         596    0.060122    0.059989  7.9251e-05
         597   0.0599392   0.0599889 7.91183e-05
         598   0.0590065   0.0599873 7.90031e-05
         599   0.0588978   0.0599854 7.88921e-05
         600   0.0580799   0.0599823 7.88245e-05
         601   0.0592836   0.0599811  7.8702e-05
         602   0.0599573   0.0599811 7.85712e-05
         603   0.0602383   0.0599815 7.84421e-05
         604    0.060599   0.0599825 7.83189e-05
         605   0.0614198   0.0599849 7.82254e-05
         606   0.0620533   0.0599883 7.81708e-05
         607   0.0614283   0.0599907  7.8078e-05
         608   0.0615312   0.0599932 7.79907e-05
         609   0.0610034   0.0599949 7.78803e-05
         610   0.0594503    0.059994 7.77577e-05
         611    0.059918   0.0599938 7.76305e-05
         612   0.0591039   0.0599924 7.75173e-05
         613   0.0585671   0.0599901 7.74257e-05
         614   0.0581303    0.059987 7.73588e-05
         615   0.0584342   0.0599845 7.72743e-05
         616   0.0586368   0.0599823 7.71798e-05
         617   0.0589247   0.0599806 7.70737e-05
         618   0.0594079   0.0599797 7.69546e-05
         619   0.0606135   0.0599807 7.68371e-05
         620   0.0602869   0.0599812 7.67147e-05
         621      0.0622   0.0599848 7.66743e-05
         622   0.0613852    0.059987 7.65841e-05
         623   0.0616052   0.0599896 7.65052e-05
         624   0.0611092   0.0599914 7.64037e-05
         625   0.0607737   0.0599927 7.62917e-05
         626   0.0608063    0.059994 7.61809e-05
         627   0.0598881   0.0599938 7.60596e-05
         628   0.0604259   0.0599945 7.59416e-05
         629    0.060364   0.0599951 7.58231e-05
         630   0.0597765   0.0599947 7.57035e-05
         631    0.059291   0.0599936 7.55918e-05
         632   0.0597745   0.0599933  7.5473e-05
         633   0.0591774    0.059992 7.53647e-05
         634    0.059953   0.0599919 7.52459e-05
         635   0.0599158   0.0599918 7.51275e-05
         636   0.0608249   0.0599931 7.50208e-05
         637   0.0607548   0.0599943 7.49125e-05
         638   0.0596874   0.0599938 7.47967e-05
         639   0.0610909   0.0599955 7.46993e-05
         640   0.0602205   0.0599959 7.45834e-05
         641   0.0615797   0.0599984  7.4508e-05
         642   0.0606967   0.0599994 7.43999e-05
         643   0.0619786   0.0600025 7.43478e-05
         644   0.0616417   0.0600051 7.42759e-05
         645   0.0609033   0.0600065 7.41738e-05
         646   0.0611174   0.0600082 7.40789e-05
         647    0.060357   0.0600087 7.39664e-05
         648   0.0605249   0.0600095 7.38565e-05
         649   0.0590236    0.060008 7.37584e-05
         650   0.0590954   0.0600066 7.36582e-05
         651   0.0584657   0.0600042 7.35831e-05
         652   0.0583849   0.0600017 7.35122e-05
         653   0.0587923   0.0599999 7.34229e-05
         654   0.0583544   0.0599974 7.33537e-05
         655   0.0586759   0.0599954 7.32695e-05
         656   0.0589848   0.0599938  7.3174e-05
         657    0.058703   0.0599919  7.3089e-05
         658   0.0589511   0.0599903  7.2995e-05
         659   0.0592105   0.0599891 7.28939e-05
         660    0.059697   0.0599886 7.27848e-05
         661   0.0609741   0.0599901 7.26899e-05
         662   0.0607505   0.0599913 7.25892e-05
         663   0.0609039   0.0599927 7.24927e-05
         664   0.0608286   0.0599939 7.23945e-05
         665    0.059972   0.0599939 7.22856e-05
         666   0.0596043   0.0599933 7.21795e-05
         667   0.0594796   0.0599925 7.20754e-05
         668   0.0592913   0.0599915 7.19751e-05
         669   0.0589822     0.05999 7.18833e-05
         670   0.0590689   0.0599886 7.17892e-05
         671   0.0579665   0.0599856 7.17454e-05
         672   0.0581277   0.0599828 7.16919e-05
         673   0.0582074   0.0599802 7.16339e-05
         674   0.0583865   0.0599778 7.15666e-05
         675   0.0587259    0.059976 7.14846e-05
         676   0.0583193   0.0599735 7.14209e-05
         677   0.0593112   0.0599725 7.13221e-05
         678   0.0586884   0.0599706  7.1242e-05
         679   0.0579585   0.0599677 7.11987e-05
         680   0.0583325   0.0599653 7.11346e-05
         681   0.0586908   0.0599634 7.10548e-05
         682   0.0590156    0.059962 7.09642e-05
         683    0.059543   0.0599614 7.08629e-05
         684    0.059771   0.0599611 7.07599e-05
         685   0.0604621   0.0599618 7.06604e-05
         686   0.0598789   0.0599617 7.05575e-05
         687   0.0604505   0.0599624 7.04583e-05
         688   0.0602265   0.0599628  7.0357e-05
         689   0.0602797   0.0599633 7.02564e-05
         690   0.0605505   0.0599641 7.01597e-05
         691   0.0601534   0.0599644 7.00587e-05
         692   0.0601148   0.0599646 6.99578e-05
         693     0.06067   0.0599656 6.98642e-05
         694   0.0605134   0.0599664  6.9768e-05
         695   0.0611729   0.0599682 6.96892e-05
         696   0.0604466   0.0599689 6.95925e-05
         697   0.0617643   0.0599714 6.95403e-05
         698   0.0620062   0.0599743 6.95018e-05
         699   0.0614723   0.0599765 6.94354e-05
         700   0.0631481    0.059981 6.94838e-05
         701    0.063239   0.0599857   6.954e-05
         702   0.0635715   0.0599908 6.96283e-05
         703   0.0645335   0.0599972 6.98284e-05
         704   0.0638055   0.0600026 6.99385e-05
         705   0.0631205   0.0600071 6.99789e-05
         706   0.0642103    0.060013 7.01326e-05
         707   0.0633119   0.0600177 7.01885e-05
         708   0.0633464   0.0600224 7.02466e-05
         709   0.0632702    0.060027 7.02967e-05
         710   0.0628776    0.060031 7.03123e-05
         711   0.0634585   0.0600358 7.03785e-05
         712   0.0624882   0.0600393 7.03639e-05
         713   0.0626547   0.0600429 7.03607e-05
         714   0.0625494   0.0600464 7.03497e-05
         715    0.063095   0.0600507 7.03804e-05
         716   0.0630228   0.0600548 7.04044e-05
         717     0.06266   0.0600585 7.03999e-05
         718   0.0625471   0.0600619 7.03871e-05
         719   0.0616607   0.0600642 7.03243e-05
         720   0.0614484   0.0600661 7.02529e-05
         721   0.0595889   0.0600654 7.01586e-05
         722   0.0594638   0.0600646 7.00664e-05
         723   0.0589992   0.0600631  6.9985e-05
         724   0.0597126   0.0600626   6.989e-05
         725   0.0593737   0.0600617 6.98001e-05
         726   0.0598647   0.0600614 6.97044e-05
         727   0.0602509   0.0600617  6.9609e-05
         728   0.0602203   0.0600619 6.95138e-05
         729   0.0612105   0.0600635 6.94363e-05
         730   0.0610295   0.0600648 6.93538e-05
         731   0.0619917   0.0600674  6.9309e-05
         732   0.0632215   0.0600717 6.93481e-05
         733   0.0628215   0.0600755 6.93549e-05
         734   0.0635434   0.0600802 6.94211e-05
         735   0.0625587   0.0600836 6.94085e-05
         736   0.0626776   0.0600871 6.94036e-05
         737   0.0614803    0.060089 6.93352e-05
         738   0.0610571   0.0600903 6.92537e-05
         739    0.061488   0.0600922 6.91858e-05
         740   0.0604916   0.0600927 6.90944e-05
         741   0.0604185   0.0600932 6.90025e-05
         742   0.0604917   0.0600937 6.89116e-05
         743   0.0602896    0.060094 6.88194e-05
         744   0.0595347   0.0600932  6.8731e-05
         745   0.0603106   0.0600935 6.86394e-05
         746    0.060515   0.0600941 6.85497e-05
         747   0.0608837   0.0600951 6.84661e-05
         748   0.0621503   0.0600979 6.84296e-05
         749   0.0626215   0.0601013 6.84212e-05
         750   0.0638057   0.0601062  6.8508e-05
         751   0.0637831   0.0601111 6.85915e-05
         752   0.0643369   0.0601167 6.87301e-05
         753   0.0642243   0.0601222 6.88549e-05
         754   0.0640801   0.0601274 6.89634e-05
         755   0.0638998   0.0601324 6.90528e-05
         756   0.0619465   0.0601348 6.90032e-05
         757   0.0623018   0.0601377 6.89714e-05
         758   0.0617979   0.0601399 6.89152e-05
         759   0.0606795   0.0601406  6.8828e-05
         760   0.0613234   0.0601421 6.87551e-05
         761   0.0603356   0.0601424 6.86652e-05
         762   0.0601681   0.0601424 6.85751e-05
         763   0.0599054   0.0601421 6.84859e-05
         764   0.0603894   0.0601424  6.8397e-05
         765   0.0609529   0.0601435 6.83158e-05
         766   0.0605618    0.060144 6.82288e-05
         767    0.061454   0.0601458 6.81612e-05
         768   0.0615655   0.0601476 6.80975e-05
         769    0.062072   0.0601501  6.8055e-05
         770   0.0630696   0.0601539 6.80721e-05
         771   0.0631981   0.0601578 6.80982e-05
         772   0.0630744   0.0601616 6.81147e-05
         773   0.0635209    0.060166 6.81651e-05
         774   0.0626652   0.0601692 6.81535e-05
         775   0.0630191   0.0601729 6.81647e-05
         776   0.0632035   0.0601768 6.81886e-05
         777   0.0623712   0.0601796 6.81593e-05
         778   0.0635453   0.0601839 6.82089e-05
         779    0.063346    0.060188  6.8242e-05
         780   0.0619013   0.0601902 6.81898e-05
         781   0.0615903    0.060192 6.81261e-05
         782   0.0612689   0.0601934 6.80529e-05
         783   0.0608322   0.0601942 6.79709e-05
         784   0.0615388   0.0601959 6.79058e-05
         785   0.0623486   0.0601986 6.78746e-05
         786   0.0628015   0.0602019  6.7869e-05
         787   0.0633076   0.0602059 6.78974e-05
         788   0.0636853   0.0602103 6.79547e-05
         789   0.0623908   0.0602131 6.79247e-05
         790   0.0632833    0.060217 6.79498e-05
         791   0.0627958   0.0602202 6.79421e-05
         792   0.0624333    0.060223 6.79137e-05
         793   0.0626658   0.0602261 6.78979e-05
         794   0.0616292   0.0602279 6.78354e-05
         795   0.0623016   0.0602305 6.78002e-05
         796   0.0614221    0.060232 6.77316e-05
         797   0.0619253   0.0602341 6.76799e-05
         798   0.0618705   0.0602361 6.76261e-05
         799   0.0624297   0.0602389 6.75972e-05
         800   0.0623008   0.0602415 6.75618e-05
         801   0.0628104   0.0602447 6.75535e-05
         802   0.0632787   0.0602484 6.75752e-05
         803   0.0625457   0.0602513 6.75515e-05
         804    0.062831   0.0602545 6.75437e-05
         805   0.0619202   0.0602566 6.74915e-05
         806   0.0606167    0.060257 6.74092e-05
         807   0.0597704   0.0602564 6.73284e-05
         808   0.0600359   0.0602562 6.72456e-05
         809   0.0602388   0.0602561 6.71625e-05
         810   0.0598142   0.0602556 6.70818e-05
         811    0.059634   0.0602548 6.70034e-05
         812   0.0600978   0.0602546 6.69212e-05
         813   0.0603842   0.0602548 6.68391e-05
         814   0.0599152   0.0602544 6.67583e-05
         815   0.0598941   0.0602539 6.66778e-05
         816    0.061101    0.060255 6.66042e-05
         817   0.0606223   0.0602554 6.65242e-05
         818   0.0605503   0.0602558 6.64438e-05
         819   0.0608458   0.0602565 6.63666e-05
         820   0.0600968   0.0602563  6.6286e-05
         821   0.0600828   0.0602561 6.62056e-05
         822    0.060107   0.0602559 6.61253e-05
         823   0.0600346   0.0602556 6.60455e-05
         824   0.0599909   0.0602553 6.59661e-05
         825    0.059863   0.0602548 6.58878e-05
         826   0.0595167    0.060254 6.58141e-05
         827   0.0598214   0.0602534 6.57366e-05
         828   0.0602107   0.0602534 6.56573e-05
         829   0.0605509   0.0602537  6.5579e-05
         830   0.0612627    0.060255 6.55113e-05
         831   0.0606689   0.0602555 6.54344e-05
         832   0.0611706   0.0602566  6.5365e-05
         833   0.0609365   0.0602574 6.52916e-05
         834   0.0603267   0.0602575 6.52133e-05
         835   0.0599955   0.0602571  6.5136e-05
         836   0.0599338   0.0602568 6.50592e-05
         837   0.0600183   0.0602565 6.49821e-05
         838   0.0602337   0.0602564 6.49046e-05
         839    0.060058   0.0602562 6.48277e-05
         840   0.0605261   0.0602565 6.47513e-05
         841   0.0606796    0.060257 6.46762e-05
         842    0.059722   0.0602564 6.46026e-05
         843   0.0599419    0.060256  6.4527e-05
         844   0.0599239   0.0602556 6.44517e-05
         845   0.0597319    0.060255 6.43784e-05
         846   0.0607677   0.0602556 6.43052e-05
         847   0.0609886   0.0602565 6.42351e-05
         848   0.0618477   0.0602584 6.41868e-05
         849   0.0623759   0.0602608 6.41596e-05
         850   0.0631157   0.0602642  6.4172e-05
         851   0.0610698   0.0602652 6.41035e-05
         852   0.0634781   0.0602689 6.41391e-05
         853   0.0617288   0.0602706 6.40868e-05
         854   0.0616412   0.0602722 6.40318e-05
         855   0.0604337   0.0602724 6.39572e-05
         856   0.0604704   0.0602727 6.38829e-05
         857   0.0596107   0.0602719  6.3813e-05
         858     0.05969   0.0602712 6.37423e-05
         859   0.0594449   0.0602702 6.36753e-05
         860    0.059411   0.0602692 6.36091e-05
         861   0.0597571   0.0602687  6.3538e-05
         862   0.0598353   0.0602682 6.34663e-05
         863   0.0605622   0.0602685 6.33937e-05
         864   0.0604002   0.0602686 6.33205e-05
         865   0.0601318   0.0602685 6.32475e-05
         866   0.0601963   0.0602684 6.31745e-05
         867   0.0605889   0.0602688 6.31027e-05
         868   0.0607167   0.0602693 6.30321e-05
         869   0.0605574   0.0602696 6.29605e-05
         870   0.0616036   0.0602712 6.29068e-05
         871   0.0618137   0.0602729 6.28595e-05
         872   0.0615069   0.0602743 6.28033e-05
         873    0.061167   0.0602754 6.27397e-05
         874   0.0600139   0.0602751 6.26686e-05
         875   0.0599655   0.0602747  6.2598e-05
         876   0.0594894   0.0602738 6.25329e-05
         877   0.0587591   0.0602721 6.24855e-05
         878   0.0585805   0.0602702  6.2444e-05
         879   0.0582479   0.0602679 6.24154e-05
         880   0.0585596   0.0602659 6.23746e-05
         881   0.0585608    0.060264 6.23338e-05
         882   0.0592436   0.0602628 6.22739e-05
         883   0.0590372   0.0602614 6.22188e-05
         884    0.059936   0.0602611 6.21495e-05
         885   0.0600765   0.0602609 6.20797e-05
         886   0.0605787   0.0602612 6.20106e-05
         887   0.0603957   0.0602614 6.19409e-05
         888   0.0610702   0.0602623 6.18778e-05
         889   0.0610133   0.0602631  6.1814e-05
         890   0.0602671   0.0602631 6.17446e-05
         891   0.0620933   0.0602652 6.17094e-05
         892   0.0622566   0.0602674 6.16806e-05
         893   0.0611246   0.0602684  6.1619e-05
         894   0.0605324   0.0602687 6.15508e-05
         895   0.0602724   0.0602687  6.1482e-05
         896   0.0605399    0.060269 6.14141e-05
         897   0.0603165    0.060269 6.13457e-05
         898   0.0600338   0.0602688 6.12779e-05
         899   0.0601737   0.0602687 6.12099e-05
         900   0.0594324   0.0602677 6.11489e-05
         901   0.0598816   0.0602673 6.10825e-05
         902   0.0599825    0.060267 6.10156e-05
         903   0.0597984   0.0602665 6.09503e-05
         904   0.0606308   0.0602669 6.08842e-05
         905   0.0609378   0.0602676 6.08214e-05
         906   0.0609619   0.0602684 6.07591e-05
         907    0.060615   0.0602688 6.06933e-05
         908   0.0611474   0.0602697 6.06342e-05
         909   0.0595557   0.0602689 6.05726e-05
         910   0.0594874   0.0602681 6.05121e-05
         911   0.0595669   0.0602673 6.04506e-05
         912   0.0592603   0.0602662 6.03944e-05
         913   0.0590082   0.0602648  6.0344e-05
         914   0.0595421    0.060264 6.02831e-05
         915    0.060044   0.0602638 6.02177e-05
         916   0.0598285   0.0602633 6.01538e-05
         917   0.0601188   0.0602632 6.00885e-05
         918   0.0606843   0.0602636 6.00247e-05
         919   0.0607162   0.0602641 5.99615e-05
         920   0.0601604    0.060264 5.98964e-05
         921   0.0607639   0.0602646 5.98338e-05
         922   0.0610822   0.0602654 5.97755e-05
         923   0.0615396   0.0602668 5.97267e-05
         924   0.0612751   0.0602679  5.9672e-05
         925   0.0612553    0.060269  5.9617e-05
         926   0.0609491   0.0602697 5.95572e-05
         927    0.060463   0.0602699 5.94933e-05
         928   0.0599736   0.0602696   5.943e-05
         929    0.060521   0.0602699 5.93667e-05
         930   0.0594143    0.060269   5.931e-05
         931   0.0602676    0.060269 5.92463e-05
         932   0.0601482   0.0602688 5.91828e-05
         933   0.0595388    0.060268 5.91246e-05
         934   0.0594201   0.0602671 5.90682e-05
         935   0.0579452   0.0602646 5.90573e-05
         936   0.0587113    0.060263 5.90175e-05
         937   0.0583834    0.060261 5.89886e-05
         938   0.0581529   0.0602587 5.89685e-05
         939   0.0580931   0.0602564 5.89508e-05
         940    0.058488   0.0602545 5.89181e-05
         941   0.0576859   0.0602518 5.89186e-05
         942   0.0580882   0.0602495 5.89009e-05
         943   0.0583888   0.0602475 5.88714e-05
         944   0.0592926   0.0602465 5.88178e-05
         945   0.0593942   0.0602456 5.87624e-05
         946   0.0603242   0.0602457 5.87004e-05
         947   0.0615831   0.0602471 5.86554e-05
         948   0.0602579   0.0602471 5.85935e-05
         949   0.0618393   0.0602488 5.85558e-05
         950   0.0623014    0.060251  5.8534e-05
         951   0.0629363   0.0602538 5.85405e-05
         952   0.0627263   0.0602564 5.85366e-05
         953    0.062986   0.0602593 5.85452e-05
         954   0.0631353   0.0602623 5.85614e-05
         955    0.062866    0.060265 5.85635e-05
         956   0.0618257   0.0602666  5.8525e-05
         957   0.0601342   0.0602665  5.8464e-05
         958   0.0604306   0.0602667 5.84032e-05
         959   0.0604977   0.0602669 5.83428e-05
         960   0.0598519   0.0602665 5.82837e-05
         961   0.0591054   0.0602653 5.82355e-05
         962   0.0597284   0.0602647 5.81777e-05
         963   0.0595692    0.060264 5.81217e-05
         964   0.0592193   0.0602629 5.80716e-05
         965   0.0602928   0.0602629 5.80114e-05
         966   0.0609594   0.0602637 5.79558e-05
         967   0.0605134   0.0602639 5.78965e-05
         968   0.0611119   0.0602648 5.78433e-05
         969   0.0612597   0.0602658 5.77927e-05
         970   0.0613341   0.0602669 5.77436e-05
         971   0.0616271   0.0602683 5.77011e-05
         972   0.0612387   0.0602693 5.76504e-05
         973   0.0623388   0.0602714 5.76304e-05
         974   0.0614711   0.0602727 5.75844e-05
         975   0.0624078   0.0602749 5.75669e-05
         976   0.0623584    0.060277 5.75475e-05
         977   0.0631955     0.06028 5.75661e-05
         978   0.0641052   0.0602839 5.76399e-05
         979   0.0643664   0.0602881 5.77317e-05
         980   0.0646407   0.0602925 5.78434e-05
         981   0.0647599   0.0602971 5.79634e-05
         982   0.0642634   0.0603011 5.80449e-05
         983    0.064103    0.060305 5.81146e-05
         984   0.0627997   0.0603075 5.81108e-05
         985   0.0624121   0.0603096 5.80911e-05
         986   0.0612818   0.0603106 5.80406e-05
         987   0.0606745    0.060311 5.79829e-05
         988   0.0608081   0.0603115 5.79264e-05
         989   0.0602398   0.0603114 5.78679e-05
         990   0.0608992    0.060312 5.78125e-05
         991   0.0603905   0.0603121 5.77542e-05
         992   0.0600577   0.0603118 5.76965e-05
         993   0.0593775   0.0603109 5.76461e-05
         994   0.0588074   0.0603094  5.7608e-05
         995   0.0581015   0.0603072 5.75928e-05
         996   0.0586546   0.0603055 5.75589e-05
         997   0.0587713    0.060304 5.75217e-05
         998   0.0590238   0.0603027 5.74784e-05
         999   0.0586378    0.060301  5.7445e-05
        1000   0.0587816   0.0602995 5.74076e-05
        1001   0.0590034   0.0602982 5.73649e-05
        1002   0.0591699   0.0602971 5.73187e-05
        1003   0.0597352   0.0602965 5.72643e-05
        1004   0.0605285   0.0602968 5.72077e-05
        1005   0.0604105   0.0602969 5.71509e-05
        1006   0.0612961   0.0602979 5.71027e-05
        1007   0.0614435    0.060299 5.70573e-05
        1008   0.0618498   0.0603005 5.70215e-05
        1009   0.0619809   0.0603022 5.69893e-05
        1010   0.0615036   0.0603034 5.69453e-05
        1011   0.0631223   0.0603062 5.69571e-05
        1012   0.0619787   0.0603078 5.69248e-05
        1013   0.0619485   0.0603095 5.68917e-05
        1014   0.0620952   0.0603112 5.68628e-05
        1015   0.0619472   0.0603128 5.68296e-05
        1016   0.0617358   0.0603142  5.6791e-05
        1017   0.0623873   0.0603163 5.67717e-05
        1018   0.0622701   0.0603182 5.67484e-05
        1019   0.0619124   0.0603198 5.67142e-05
        1020   0.0619754   0.0603214 5.66818e-05
        1021   0.0621487   0.0603232 5.66546e-05
        1022   0.0623671   0.0603252 5.66344e-05
        1023   0.0615649   0.0603264  5.6592e-05
        1024   0.0622434   0.0603282 5.65677e-05
        1025   0.0624176   0.0603303 5.65493e-05
        1026   0.0615615   0.0603315 5.65069e-05
        1027   0.0622962   0.0603334 5.64842e-05
        1028   0.0616778   0.0603347 5.64444e-05
        1029   0.0622823   0.0603366 5.64213e-05
        1030   0.0621062   0.0603383 5.63927e-05
        1031   0.0626982   0.0603406 5.63844e-05
        1032   0.0636424   0.0603438 5.64205e-05
        1033   0.0631613   0.0603465 5.64317e-05
        1034   0.0624292   0.0603485 5.64131e-05
        1035   0.0624082   0.0603505 5.63937e-05
        1036   0.0623309   0.0603525 5.63716e-05
        1037   0.0623223   0.0603544 5.63493e-05
        1038   0.0616129   0.0603556  5.6308e-05
        1039   0.0618528    0.060357 5.62723e-05
        1040   0.0615372   0.0603581 5.62296e-05
        1041   0.0615826   0.0603593 5.61879e-05
        1042   0.0612923   0.0603602 5.61411e-05
        1043   0.0614753   0.0603613 5.60974e-05
        1044   0.0617105   0.0603626 5.60586e-05
        1045   0.0605212   0.0603627 5.60051e-05
        1046   0.0608545   0.0603632 5.59536e-05
        1047   0.0599656   0.0603628 5.59014e-05
        1048   0.0606942   0.0603631  5.5849e-05
        1049   0.0606284   0.0603634 5.57963e-05
        1050   0.0609978    0.060364 5.57464e-05
        1051   0.0605037   0.0603641 5.56936e-05
        1052   0.0599674   0.0603637 5.56419e-05
        1053   0.0601384   0.0603635 5.55895e-05
        1054    0.060089   0.0603633 5.55373e-05
        1055   0.0593439   0.0603623 5.54931e-05
        1056   0.0596591   0.0603616 5.54445e-05
        1057   0.0590387   0.0603604 5.54062e-05
        1058   0.0601623   0.0603602 5.53542e-05
        1059   0.0600334   0.0603599 5.53028e-05
        1060   0.0604605     0.06036 5.52507e-05
        1061   0.0614098    0.060361 5.52074e-05
        1062   0.0611642   0.0603617 5.51606e-05
        1063   0.0611105   0.0603624 5.51132e-05
        1064   0.0601325   0.0603622 5.50619e-05
        1065   0.0608995   0.0603627 5.50125e-05
        1066   0.0598924   0.0603623 5.49626e-05
        1067   0.0598103   0.0603618 5.49136e-05
        1068   0.0601804   0.0603616 5.48624e-05
        1069   0.0604386   0.0603617 5.48111e-05
        1070   0.0605787   0.0603619 5.47603e-05
        1071    0.060781   0.0603623 5.47106e-05
        1072   0.0612933   0.0603631 5.46664e-05
        1073   0.0601621   0.0603629 5.46158e-05
        1074   0.0602037   0.0603628 5.45651e-05
        1075   0.0593384   0.0603618 5.45227e-05
        1076   0.0586623   0.0603603 5.44949e-05
        1077   0.0585912   0.0603586 5.44691e-05
        1078   0.0584052   0.0603568 5.44487e-05
        1079   0.0598691   0.0603564 5.44001e-05
        1080   0.0600371   0.0603561 5.43505e-05
        1081   0.0612578   0.0603569 5.43066e-05
        1082   0.0609587   0.0603574 5.42593e-05
        1083   0.0608762   0.0603579 5.42113e-05
        1084   0.0608501   0.0603584 5.41632e-05
        1085   0.0601457   0.0603582 5.41136e-05
        1086   0.0604567   0.0603583 5.40639e-05
        1087   0.0618406   0.0603596 5.40313e-05
        1088   0.0611659   0.0603604 5.39867e-05
        1089   0.0602228   0.0603603 5.39373e-05
        1090   0.0609523   0.0603608 5.38906e-05
        1091   0.0606806   0.0603611  5.3842e-05
        1092   0.0601001   0.0603609 5.37932e-05
        1093   0.0603273   0.0603608  5.3744e-05
        1094   0.0600821   0.0603606 5.36955e-05
        1095   0.0597127     0.06036 5.36497e-05
        1096   0.0597663   0.0603594 5.36035e-05
        1097   0.0596907   0.0603588 5.35581e-05
        1098   0.0586704   0.0603573 5.35314e-05
        1099   0.0595389   0.0603565 5.34878e-05
        1100   0.0591672   0.0603555 5.34501e-05
        1101   0.0591563   0.0603544 5.34127e-05
        1102   0.0595736   0.0603537 5.33689e-05
        1103   0.0597929   0.0603532  5.3323e-05
        1104   0.0602591   0.0603531 5.32747e-05
        1105   0.0603994   0.0603531 5.32265e-05
        1106   0.0599946   0.0603528 5.31794e-05
        1107   0.0602168   0.0603527 5.31315e-05
        1108   0.0605485   0.0603528 5.30838e-05
        1109   0.0604798    0.060353 5.30361e-05
        1110   0.0603429   0.0603529 5.29883e-05
        1111   0.0607581   0.0603533 5.29419e-05
        1112   0.0601645   0.0603531 5.28945e-05
        1113   0.0606844   0.0603534 5.28479e-05
        1114   0.0611042   0.0603541 5.28047e-05
        1115   0.0615311   0.0603552 5.27679e-05
        1116   0.0614037   0.0603561  5.2729e-05
        1117   0.0619213   0.0603575 5.27004e-05
        1118   0.0624675   0.0603594  5.2687e-05
        1119   0.0623675   0.0603612 5.26705e-05
        1120   0.0628416   0.0603634   5.267e-05
        1121   0.0625419   0.0603653 5.26589e-05
        1122   0.0622089    0.060367 5.26376e-05
        1123    0.062113   0.0603685 5.26136e-05
        1124   0.0620567     0.06037 5.25883e-05
        1125   0.0614373    0.060371 5.25501e-05
        1126    0.061851   0.0603723 5.25199e-05
        1127   0.0613912   0.0603732  5.2481e-05
        1128   0.0612572    0.060374 5.24404e-05
        1129   0.0621085   0.0603755 5.24164e-05
        1130     0.06265   0.0603775 5.24087e-05
        1131   0.0617318   0.0603787  5.2376e-05
        1132   0.0630213   0.0603811 5.23817e-05
        1133   0.0630402   0.0603834  5.2388e-05
        1134   0.0634726   0.0603862 5.24126e-05
        1135   0.0640246   0.0603894 5.24644e-05
        1136   0.0648599   0.0603933 5.25656e-05
        1137   0.0657419    0.060398 5.27294e-05
        1138   0.0660636    0.060403 5.29176e-05
        1139   0.0656587   0.0604076 5.30719e-05
        1140   0.0649102   0.0604115 5.31721e-05
        1141   0.0646228   0.0604152 5.32535e-05
        1142   0.0641095   0.0604185  5.3305e-05
        1143   0.0643003   0.0604219 5.33665e-05
        1144   0.0638911   0.0604249 5.34059e-05
        1145   0.0636855   0.0604277 5.34351e-05
        1146   0.0644564   0.0604313  5.3504e-05
        1147   0.0637742   0.0604342 5.35367e-05
        1148   0.0636821    0.060437 5.35648e-05
        1149   0.0638775     0.06044 5.36018e-05
        1150   0.0636362   0.0604428 5.36272e-05
        1151   0.0631686   0.0604451 5.36328e-05
        1152   0.0621736   0.0604466 5.36073e-05
        1153   0.0602245   0.0604465 5.35611e-05
        1154   0.0626617   0.0604484 5.35491e-05
        1155   0.0612538   0.0604491 5.35073e-05
        1156    0.061644   0.0604501  5.3471e-05
        1157   0.0612311   0.0604508  5.3429e-05
        1158   0.0611047   0.0604513 5.33859e-05
        1159    0.062138   0.0604528 5.33596e-05
        1160    0.061282   0.0604535 5.33184e-05
        1161   0.0625559   0.0604553 5.33032e-05
        1162   0.0621546   0.0604568 5.32774e-05
        1163   0.0621306   0.0604582  5.3251e-05
        1164   0.0619147   0.0604595   5.322e-05
        1165   0.0624602   0.0604612  5.3202e-05
        1166   0.0624231   0.0604629  5.3183e-05
        1167    0.062862   0.0604649 5.31771e-05
        1168   0.0632561   0.0604673 5.31853e-05
        1169   0.0625853   0.0604691 5.31706e-05
        1170   0.0623007   0.0604707 5.31482e-05
        1171   0.0615051   0.0604716 5.31102e-05
        1172   0.0607095   0.0604718 5.30652e-05
        1173   0.0613509   0.0604725 5.30253e-05
        1174   0.0611511   0.0604731 5.29833e-05
        1175   0.0616263   0.0604741 5.29473e-05
        1176    0.060765   0.0604743 5.29028e-05
        1177   0.0615877   0.0604753 5.28663e-05
        1178   0.0610139   0.0604757 5.28234e-05
        1179   0.0607091   0.0604759  5.2779e-05
        1180   0.0601566   0.0604757  5.2735e-05
        1181   0.0599577   0.0604752 5.26921e-05
        1182   0.0595056   0.0604744  5.2654e-05
        1183    0.060221   0.0604742 5.26099e-05
        1184   0.0605727   0.0604743 5.25655e-05
        1185   0.0617576   0.0604754 5.25323e-05
        1186   0.0620403   0.0604767 5.25046e-05
        1187   0.0618387   0.0604778 5.24729e-05
        1188   0.0628616   0.0604798 5.24671e-05
        1189   0.0609512   0.0604802 5.24244e-05
        1190   0.0617083   0.0604813 5.23905e-05
        1191   0.0613415    0.060482 5.23515e-05
        1192   0.0621404   0.0604834 5.23261e-05
        1193   0.0622093   0.0604848 5.23022e-05
        1194   0.0620607   0.0604861 5.22751e-05
        1195   0.0624351   0.0604878 5.22568e-05
        1196   0.0626988   0.0604896 5.22458e-05
        1197   0.0628256   0.0604916 5.22386e-05
        1198   0.0631166   0.0604938 5.22409e-05
        1199    0.062903   0.0604958 5.22359e-05
        1200   0.0631866    0.060498 5.22405e-05
        1201   0.0627593   0.0604999 5.22309e-05
        1202   0.0617491   0.0605009 5.21978e-05
        1203   0.0616754   0.0605019 5.21636e-05
        1204   0.0613717   0.0605026 5.21252e-05
        1205   0.0613012   0.0605033 5.20862e-05
        1206   0.0612063   0.0605039 5.20463e-05
        1207    0.061782   0.0605049 5.20139e-05
        1208   0.0618893   0.0605061 5.19835e-05
        1209   0.0614517   0.0605069 5.19464e-05
        1210   0.0622818   0.0605083 5.19241e-05
        1211   0.0620408   0.0605096 5.18967e-05
        1212   0.0620616   0.0605109 5.18697e-05
        1213    0.061738   0.0605119 5.18368e-05
        1214   0.0610356   0.0605123 5.17959e-05
        1215   0.0606625   0.0605125 5.17534e-05
        1216    0.061113   0.0605129 5.17132e-05
        1217   0.0611662   0.0605135 5.16735e-05
        1218   0.0609346   0.0605138 5.16322e-05
        1219   0.0619096    0.060515 5.16025e-05
        1220    0.062014   0.0605162 5.15749e-05
        1221   0.0616467   0.0605171 5.15409e-05
        1222   0.0614676   0.0605179 5.15046e-05
        1223   0.0615337   0.0605187 5.14692e-05
        1224   0.0615391   0.0605196 5.14339e-05
        1225   0.0618167   0.0605206 5.14028e-05
        1226   0.0608365   0.0605209 5.13615e-05
        1227   0.0623236   0.0605224 5.13407e-05
        1228   0.0621885   0.0605237 5.13168e-05
        1229   0.0612863   0.0605243 5.12788e-05
        1230   0.0617554   0.0605253 5.12469e-05
        1231   0.0616012   0.0605262 5.12127e-05
        1232   0.0596224   0.0605255 5.11764e-05
        1233   0.0600243   0.0605251 5.11365e-05
        1234   0.0597866   0.0605245 5.10986e-05
        1235   0.0599701    0.060524 5.10592e-05
        1236   0.0601778   0.0605237 5.10186e-05
        1237   0.0594844   0.0605229 5.09843e-05
        1238   0.0598118   0.0605223 5.09463e-05
        1239   0.0601335    0.060522 5.09062e-05
        1240   0.0595763   0.0605213 5.08709e-05
        1241   0.0593711   0.0605203 5.08383e-05
        1242   0.0595064   0.0605195 5.08039e-05
        1243    0.059534   0.0605187 5.07692e-05
        1244   0.0596188    0.060518 5.07336e-05
        1245   0.0597711   0.0605174 5.06964e-05
        1246    0.059742   0.0605168 5.06595e-05
        1247   0.0597241   0.0605161 5.06229e-05
        1248   0.0595327   0.0605153 5.05884e-05
        1249   0.0591022   0.0605142 5.05606e-05
        1250   0.0591699   0.0605131 5.05316e-05
        1251    0.059897   0.0605126 5.04936e-05
        1252   0.0597901   0.0605121 5.04565e-05
        1253   0.0597588   0.0605115 5.04199e-05
        1254   0.0606353   0.0605116 5.03798e-05
        1255   0.0596957   0.0605109 5.03438e-05
        1256    0.059338     0.06051 5.03124e-05
        1257   0.0597724   0.0605094 5.02758e-05
        1258   0.0596449   0.0605087 5.02405e-05
        1259   0.0591384   0.0605076 5.02124e-05
        1260    0.058824   0.0605063 5.01903e-05
        1261   0.0585267   0.0605047 5.01751e-05
        1262   0.0583486    0.060503 5.01644e-05
        1263   0.0589902   0.0605018  5.0139e-05
        1264   0.0583363   0.0605001 5.01286e-05
        1265   0.0583687   0.0604984 5.01172e-05
        1266   0.0588328   0.0604971 5.00949e-05
        1267   0.0584991   0.0604955 5.00802e-05
        1268   0.0585974    0.060494 5.00631e-05
        1269   0.0588344   0.0604927 5.00407e-05
        1270   0.0593848   0.0604918 5.00089e-05
        1271   0.0584663   0.0604902 4.99949e-05
        1272   0.0591263   0.0604892 4.99671e-05
        1273   0.0590144    0.060488 4.99413e-05
        1274   0.0586127   0.0604865 4.99238e-05
        1275   0.0595457   0.0604858 4.98901e-05
        1276   0.0598113   0.0604853 4.98538e-05
        1277   0.0602382   0.0604851 4.98151e-05
        1278   0.0601876   0.0604849 4.97767e-05
        1279   0.0594336    0.060484 4.97446e-05
        1280    0.059387   0.0604832 4.97131e-05
        1281   0.0587473   0.0604818 4.96927e-05
        1282   0.0591434   0.0604808 4.96649e-05
        1283   0.0583803   0.0604791 4.96532e-05
        1284   0.0584841   0.0604776 4.96388e-05
        1285   0.0597772    0.060477 4.96032e-05
        1286   0.0589977   0.0604759  4.9578e-05
        1287   0.0600286   0.0604755 4.95407e-05
        1288   0.0600219   0.0604752 4.95034e-05
        1289   0.0604071   0.0604751 4.94651e-05
        1290   0.0609514   0.0604755 4.94281e-05
        1291   0.0603041   0.0604754   4.939e-05
        1292   0.0597658   0.0604748 4.93548e-05
        1293   0.0598173   0.0604743 4.93193e-05
        1294   0.0590693   0.0604732 4.92931e-05
        1295   0.0594693   0.0604725 4.92611e-05
        1296   0.0586634   0.0604711 4.92429e-05
        1297   0.0593098   0.0604702 4.92131e-05
        1298   0.0583661   0.0604685 4.92019e-05
        1299   0.0593844   0.0604677 4.91711e-05
        1300    0.059516    0.060467 4.91387e-05
        1301   0.0596746   0.0604664 4.91047e-05
        1302   0.0605463   0.0604664  4.9067e-05
        1303   0.0609456   0.0604668 4.90307e-05
        1304   0.0617102   0.0604677 4.90024e-05
        1305   0.0613612   0.0604684 4.89696e-05
        1306   0.0620568   0.0604696 4.89472e-05
        1307    0.061758   0.0604706 4.89197e-05
        1308   0.0611691   0.0604712 4.88852e-05
        1309   0.0608577   0.0604715 4.88488e-05
        1310   0.0605696   0.0604715 4.88115e-05
        1311   0.0605256   0.0604716 4.87743e-05
        1312   0.0588176   0.0604703 4.87534e-05
        1313    0.059665   0.0604697 4.87202e-05
        1314   0.0589127   0.0604685 4.86975e-05
        1315    0.058278   0.0604669 4.86889e-05
        1316   0.0584179   0.0604653 4.86768e-05
        1317   0.0593894   0.0604645 4.86467e-05
        1318   0.0592474   0.0604636 4.86186e-05
        1319   0.0594171   0.0604628 4.85882e-05
        1320   0.0596444   0.0604621 4.85553e-05
        1321      0.0596   0.0604615  4.8523e-05
        1322   0.0592016   0.0604605 4.84956e-05
        1323    0.059277   0.0604596 4.84672e-05
        1324   0.0594202   0.0604589  4.8437e-05
        1325   0.0592096   0.0604579 4.84096e-05
        1326   0.0599709   0.0604575 4.83745e-05
        1327   0.0598598   0.0604571 4.83401e-05
        1328   0.0598086   0.0604566 4.83062e-05
        1329   0.0600731   0.0604563 4.82707e-05
        1330   0.0599057   0.0604559 4.82362e-05
        1331   0.0604322   0.0604559 4.81999e-05
        1332   0.0596375   0.0604553 4.81677e-05
        1333   0.0604228   0.0604552 4.81315e-05
        1334   0.0592213   0.0604543 4.81044e-05
        1335   0.0595745   0.0604537 4.80728e-05
        1336    0.059684   0.0604531 4.80403e-05
        1337   0.0603234    0.060453 4.80045e-05
        1338   0.0613006   0.0604536 4.79728e-05
        1339   0.0616279   0.0604545  4.7945e-05
        1340   0.0620581   0.0604557 4.79241e-05
        1341    0.061648   0.0604566 4.78966e-05
        1342    0.060574   0.0604567  4.7861e-05
        1343   0.0589405   0.0604555 4.78387e-05
        1344   0.0604768   0.0604556 4.78031e-05
        1345    0.060485   0.0604556 4.77676e-05
        1346   0.0593445   0.0604548 4.77392e-05
        1347   0.0611085   0.0604552 4.77062e-05
        1348   0.0612707   0.0604558 4.76747e-05
        1349   0.0604036   0.0604558 4.76393e-05
        1350   0.0596537   0.0604552 4.76078e-05
        1351   0.0594478   0.0604545 4.75784e-05
        1352   0.0592469   0.0604536 4.75516e-05
        1353   0.0596928    0.060453 4.75197e-05
        1354   0.0599186   0.0604526 4.74863e-05
        1355   0.0603786   0.0604526 4.74513e-05
        1356   0.0601058   0.0604523  4.7417e-05
        1357   0.0601401   0.0604521 4.73826e-05
        1358   0.0603527    0.060452 4.73477e-05
        1359   0.0595847   0.0604514 4.73172e-05
        1360   0.0596821   0.0604508 4.72858e-05
        1361   0.0598289   0.0604503 4.72533e-05
        1362   0.0591118   0.0604494 4.72288e-05
        1363   0.0599283    0.060449 4.71957e-05
        1364   0.0595165   0.0604483  4.7166e-05
        1365   0.0603784   0.0604482 4.71315e-05
        1366   0.0602749   0.0604481 4.70972e-05
        1367   0.0597668   0.0604476 4.70654e-05
        1368   0.0613619   0.0604483 4.70357e-05
        1369   0.0603701   0.0604482 4.70014e-05
        1370    0.060952   0.0604486 4.69685e-05
        1371   0.0607183   0.0604488 4.69347e-05
        1372   0.0600014   0.0604485 4.69016e-05
        1373   0.0586345   0.0604471  4.6886e-05
        1374   0.0584814   0.0604457 4.68737e-05
        1375   0.0586288   0.0604444 4.68583e-05
        1376   0.0586031   0.0604431 4.68433e-05
        1377   0.0589413    0.060442  4.6822e-05
        1378   0.0598543   0.0604415 4.67899e-05
        1379   0.0603572   0.0604415  4.6756e-05
        1380   0.0606293   0.0604416 4.67224e-05
        1381   0.0606094   0.0604417 4.66887e-05
        1382   0.0607576    0.060442 4.66555e-05
        1383   0.0609858   0.0604424 4.66234e-05
        1384   0.0599033    0.060442 4.65913e-05
        1385   0.0596143   0.0604414 4.65615e-05
        1386    0.060021   0.0604411 4.65289e-05
        1387   0.0590589   0.0604401  4.6506e-05
        1388   0.0598451   0.0604396 4.64745e-05
        1389   0.0600586   0.0604394 4.64419e-05
        1390   0.0604256   0.0604394 4.64085e-05
        1391   0.0605589   0.0604394 4.63752e-05
        1392   0.0608505   0.0604397 4.63428e-05
        1393    0.059434    0.060439 4.63151e-05
        1394   0.0593318   0.0604382 4.62887e-05
        1395   0.0586862    0.060437 4.62726e-05
        1396   0.0581703   0.0604353 4.62679e-05
        1397   0.0587373   0.0604341 4.62508e-05
        1398   0.0590155   0.0604331 4.62288e-05
        1399   0.0599946   0.0604328 4.61968e-05
        1400   0.0602347   0.0604327  4.6164e-05
        1401   0.0607431   0.0604329 4.61316e-05
        1402   0.0609767   0.0604333 4.61004e-05
        1403   0.0611042   0.0604337   4.607e-05
        1404   0.0618499   0.0604348 4.60482e-05
        1405   0.0625321   0.0604362 4.60396e-05
        1406   0.0625219   0.0604377 4.60308e-05
        1407   0.0628589   0.0604395 4.60302e-05
        1408   0.0623546   0.0604408 4.60176e-05
        1409    0.063271   0.0604428 4.60288e-05
        1410   0.0616154   0.0604437 4.60036e-05
        1411   0.0626256   0.0604452  4.5997e-05
        1412   0.0615544    0.060446 4.59711e-05
        1413   0.0624832   0.0604474 4.59612e-05
        1414   0.0612068    0.060448 4.59318e-05
        1415   0.0634919   0.0604501 4.59497e-05
        1416   0.0627442   0.0604517 4.59458e-05
        1417   0.0626471   0.0604533 4.59395e-05
        1418   0.0615907   0.0604541 4.59141e-05
        1419   0.0611671   0.0604546 4.58845e-05
        1420   0.0612345   0.0604551 4.58555e-05
        1421   0.0602607    0.060455 4.58234e-05
        1422   0.0606645   0.0604551 4.57914e-05
        1423   0.0608306   0.0604554   4.576e-05
        1424   0.0607706   0.0604556 4.57284e-05
        1425   0.0602065   0.0604555 4.56967e-05
        1426   0.0602013   0.0604553  4.5665e-05
        1427   0.0603463   0.0604552  4.5633e-05
        1428   0.0595423   0.0604546 4.56055e-05
        1429   0.0601211   0.0604543 4.55742e-05
        1430   0.0604857   0.0604544 4.55424e-05
        1431   0.0602101   0.0604542 4.55109e-05
        1432   0.0604794   0.0604542 4.54791e-05
        1433   0.0596194   0.0604536 4.54511e-05
        1434   0.0601104   0.0604534   4.542e-05
        1435    0.059361   0.0604526 4.53947e-05
        1436   0.0599736   0.0604523 4.53643e-05
        1437   0.0594542   0.0604516 4.53381e-05
        1438   0.0601682   0.0604514  4.5307e-05
        1439   0.0601619   0.0604512  4.5276e-05
        1440   0.0600124   0.0604509 4.52455e-05
        1441    0.059965   0.0604506 4.52154e-05
        1442    0.059935   0.0604502 4.51855e-05
        1443   0.0594983   0.0604495  4.5159e-05
        1444   0.0593913   0.0604488 4.51336e-05
        1445   0.0590401   0.0604478 4.51129e-05
        1446   0.0599655   0.0604475  4.5083e-05
        1447   0.0610977   0.0604479  4.5054e-05
        1448   0.0620495    0.060449 4.50365e-05
        1449   0.0631169   0.0604509  4.5043e-05
        1450   0.0631427   0.0604527 4.50502e-05
        1451   0.0628027   0.0604544 4.50483e-05
        1452   0.0619257   0.0604554 4.50286e-05
        1453   0.0617619   0.0604563 4.50066e-05
        1454   0.0612324   0.0604568 4.49788e-05
        1455   0.0603458   0.0604567  4.4948e-05
        1456   0.0608029    0.060457 4.49177e-05
        1457    0.060166   0.0604568 4.48874e-05
        1458   0.0606076   0.0604569 4.48567e-05
        1459    0.060866   0.0604572 4.48268e-05
        1460   0.0599195   0.0604568 4.47976e-05
        1461   0.0602703   0.0604567 4.47672e-05
        1462   0.0599629   0.0604563 4.47378e-05
        1463   0.0600427    0.060456 4.47081e-05
        1464   0.0593477   0.0604553  4.4684e-05
        1465   0.0611526   0.0604558  4.4656e-05
        1466   0.0610214   0.0604561 4.46272e-05
        1467   0.0613571   0.0604568  4.4601e-05
        1468   0.0618733   0.0604577 4.45811e-05
        1469   0.0616341   0.0604585 4.45579e-05
        1470   0.0619249   0.0604595 4.45388e-05
        1471   0.0618034   0.0604604 4.45179e-05
        1472   0.0609822   0.0604608  4.4489e-05
        1473   0.0604904   0.0604608 4.44588e-05
        1474   0.0607482    0.060461 4.44291e-05
        1475   0.0605571   0.0604611  4.4399e-05
        1476   0.0605212   0.0604611  4.4369e-05
        1477   0.0609811   0.0604615 4.43403e-05
        1478   0.0602609   0.0604613 4.43105e-05
        1479   0.0606812   0.0604615 4.42808e-05
        1480   0.0608419   0.0604617 4.42517e-05
        1481    0.060647   0.0604619  4.4222e-05
        1482   0.0604054   0.0604618 4.41921e-05
        1483   0.0610238   0.0604622  4.4164e-05
        1484   0.0603288   0.0604621 4.41343e-05
        1485   0.0604696   0.0604621 4.41046e-05
        1486   0.0603939   0.0604621 4.40749e-05
        1487   0.0599237   0.0604617 4.40468e-05
        1488   0.0605102   0.0604617 4.40172e-05
        1489   0.0603591   0.0604617 4.39877e-05
        1490   0.0608929    0.060462 4.39591e-05
        1491   0.0601867   0.0604618   4.393e-05
        1492   0.0611178   0.0604622 4.39028e-05
        1493   0.0604621   0.0604622 4.38734e-05
        1494   0.0608784   0.0604625 4.38449e-05
        1495   0.0611621    0.060463  4.3818e-05
        1496   0.0609107   0.0604633 4.37898e-05
        1497   0.0610396   0.0604636 4.37622e-05
        1498   0.0607297   0.0604638 4.37334e-05
        1499   0.0611908   0.0604643 4.37069e-05
        1500   0.0604135   0.0604643 4.36777e-05
        1501   0.0608298   0.0604645 4.36493e-05
        1502   0.0604945   0.0604645 4.36203e-05
        1503   0.0601972   0.0604644 4.35916e-05
        1504   0.0610654   0.0604648 4.35645e-05
        1505   0.0611578   0.0604652 4.35379e-05
        1506   0.0617851   0.0604661 4.35179e-05
        1507    0.061051   0.0604665 4.34907e-05
        1508   0.0615828   0.0604672 4.34682e-05
        1509   0.0612563   0.0604677 4.34425e-05
        1510   0.0610631   0.0604681 4.34155e-05
        1511   0.0607249   0.0604683 4.33871e-05
        1512   0.0609774   0.0604686 4.33597e-05
        1513   0.0603416   0.0604686 4.33312e-05
        1514   0.0603561   0.0604685 4.33026e-05
        1515   0.0604417   0.0604685  4.3274e-05
        1516   0.0603927   0.0604684 4.32455e-05
        1517   0.0611593   0.0604689 4.32194e-05
        1518   0.0613511   0.0604695 4.31948e-05
        1519   0.0606275   0.0604696 4.31665e-05
        1520   0.0599842   0.0604692 4.31393e-05
        1521   0.0589533   0.0604682 4.31225e-05
        1522   0.0583523   0.0604669 4.31165e-05
        1523   0.0578169   0.0604651 4.31233e-05
        1524   0.0580642   0.0604635 4.31238e-05
        1525    0.058112    0.060462 4.31231e-05
        1526   0.0599385   0.0604617 4.30962e-05
        1527   0.0597147   0.0604612 4.30707e-05
        1528   0.0602348    0.060461 4.30428e-05
        1529   0.0606535   0.0604611 4.30148e-05
        1530   0.0601796    0.060461 4.29871e-05
        1531   0.0605979   0.0604611 4.29591e-05
        1532   0.0603589    0.060461 4.29311e-05
        1533   0.0594509   0.0604603 4.29082e-05
        1534   0.0586884   0.0604592 4.28958e-05
        1535   0.0580356   0.0604576 4.28969e-05
        1536   0.0580959   0.0604561 4.28965e-05
        1537   0.0578719   0.0604544 4.29015e-05
        1538   0.0582621   0.0604529 4.28973e-05
        1539   0.0588107   0.0604519 4.28827e-05
        1540   0.0593576   0.0604512 4.28607e-05
        1541   0.0591715   0.0604503  4.2841e-05
        1542   0.0602212   0.0604502 4.28134e-05
        1543   0.0599601   0.0604499 4.27869e-05
        1544   0.0612179   0.0604504  4.2762e-05
        1545   0.0610737   0.0604508 4.27363e-05
        1546   0.0616867   0.0604516 4.27161e-05
        1547   0.0611709    0.060452  4.2691e-05
        1548   0.0615224   0.0604527  4.2669e-05
        1549   0.0617912   0.0604536 4.26502e-05
        1550   0.0621739   0.0604547 4.26372e-05
        1551   0.0619671   0.0604557 4.26208e-05
        1552   0.0626107   0.0604571  4.2616e-05
        1553   0.0623073   0.0604583 4.26052e-05
        1554   0.0622478   0.0604594 4.25933e-05
        1555   0.0619419   0.0604604 4.25766e-05
        1556   0.0623543   0.0604616 4.25666e-05
        1557   0.0612223   0.0604621 4.25421e-05
        1558   0.0614828   0.0604627 4.25198e-05
        1559   0.0615648   0.0604634 4.24984e-05
        1560   0.0614807   0.0604641 4.24762e-05
        1561   0.0620223   0.0604651 4.24607e-05
        1562   0.0619302    0.060466 4.24439e-05
        1563   0.0626284   0.0604674 4.24393e-05
        1564    0.062942    0.060469 4.24416e-05
        1565    0.063802   0.0604711 4.24679e-05
        1566   0.0644993   0.0604737 4.25186e-05
        1567   0.0636276   0.0604757 4.25391e-05
        1568   0.0640413    0.060478 4.25727e-05
        1569   0.0629519   0.0604796 4.25748e-05
        1570   0.0619246   0.0604805 4.25576e-05
        1571   0.0601143   0.0604802 4.25311e-05
        1572   0.0602153   0.0604801 4.25044e-05
        1573   0.0595713   0.0604795 4.24813e-05
        1574    0.059299   0.0604787 4.24609e-05
        1575   0.0594205   0.0604781 4.24393e-05
        1576   0.0602915    0.060478 4.24125e-05
        1577   0.0602207   0.0604778  4.2386e-05
        1578   0.0611364   0.0604782 4.23612e-05
        1579   0.0613326   0.0604787 4.23378e-05
        1580   0.0601483   0.0604785 4.23115e-05
        1581   0.0624177   0.0604798 4.23025e-05
        1582   0.0621625   0.0604808 4.22891e-05
        1583   0.0614174   0.0604814 4.22666e-05
        1584   0.0602461   0.0604813 4.22401e-05
        1585   0.0610379   0.0604816  4.2215e-05
        1586    0.061002   0.0604819 4.21896e-05
        1587   0.0616316   0.0604827 4.21692e-05
        1588   0.0617303   0.0604835   4.215e-05
        1589   0.0619378   0.0604844 4.21334e-05
        1590   0.0619712   0.0604853 4.21173e-05
        1591   0.0622234   0.0604864  4.2105e-05
        1592   0.0621223   0.0604874 4.20911e-05
        1593   0.0621464   0.0604885 4.20775e-05
        1594   0.0613202    0.060489 4.20544e-05
        1595   0.0607841   0.0604892 4.20284e-05
        1596   0.0601203   0.0604889 4.20027e-05
        1597   0.0598966   0.0604886 4.19781e-05
        1598   0.0605993   0.0604886 4.19518e-05
        1599   0.0608974   0.0604889 4.19264e-05
        1600   0.0609647   0.0604892 4.19012e-05
        1601   0.0606606   0.0604893 4.18752e-05
        1602   0.0606068   0.0604894 4.18491e-05
        1603   0.0599713   0.0604891 4.18243e-05
        1604   0.0599317   0.0604887 4.17996e-05
        1605   0.0595835   0.0604881 4.17774e-05
        1606   0.0595648   0.0604876 4.17553e-05
        1607   0.0594269   0.0604869 4.17346e-05
        1608   0.0597682   0.0604865  4.1711e-05
        1609   0.0612693   0.0604869 4.16879e-05
        1610   0.0613841   0.0604875 4.16658e-05
        1611   0.0614367   0.0604881 4.16441e-05
        1612   0.0613123   0.0604886 4.16214e-05
        1613   0.0611275    0.060489 4.15974e-05
        1614   0.0601651   0.0604888 4.15722e-05
        1615   0.0601328   0.0604886  4.1547e-05
        1616   0.0602442   0.0604884 4.15216e-05
        1617   0.0603045   0.0604883  4.1496e-05
        1618   0.0608657   0.0604886 4.14711e-05
        1619   0.0618055   0.0604894 4.14534e-05
        1620   0.0614717     0.06049 4.14323e-05
        1621   0.0606435   0.0604901 4.14068e-05
        1622   0.0613618   0.0604906 4.13848e-05
        1623    0.060345   0.0604905 4.13594e-05
        1624   0.0602337   0.0604904 4.13342e-05
        1625   0.0602661   0.0604902  4.1309e-05
        1626   0.0600428   0.0604899 4.12845e-05
        1627   0.0604041   0.0604899 4.12592e-05
        1628   0.0605384   0.0604899 4.12338e-05
        1629   0.0610246   0.0604902 4.12098e-05
        1630   0.0616167   0.0604909 4.11903e-05
        1631   0.0619675   0.0604918  4.1175e-05
        1632   0.0616868   0.0604926 4.11563e-05
        1633   0.0621711   0.0604936 4.11439e-05
        1634   0.0621852   0.0604946 4.11318e-05
        1635   0.0618838   0.0604955 4.11154e-05
        1636   0.0609975   0.0604958 4.10914e-05
        1637   0.0605339   0.0604958 4.10663e-05
        1638   0.0598882   0.0604954 4.10429e-05
        1639    0.060432   0.0604954 4.10179e-05
        1640   0.0603652   0.0604953  4.0993e-05
        1641   0.0605008   0.0604953  4.0968e-05
        1642   0.0606455   0.0604954 4.09431e-05
        1643   0.0609386   0.0604957 4.09191e-05
        1644   0.0603569   0.0604956 4.08943e-05
        1645   0.0610963    0.060496 4.08711e-05
        1646   0.0602231   0.0604958 4.08466e-05
        1647    0.061855   0.0604966 4.08301e-05
        1648   0.0627001    0.060498 4.08272e-05
        1649   0.0616655   0.0604987 4.08086e-05
        1650   0.0625744   0.0604999 4.08033e-05
        1651   0.0618324   0.0605007 4.07865e-05
        1652   0.0618975   0.0605016 4.07706e-05
        1653   0.0614075   0.0605021 4.07496e-05
        1654   0.0615909   0.0605028 4.07303e-05
        1655   0.0618747   0.0605036 4.07141e-05
        1656   0.0614617   0.0605042 4.06936e-05
        1657   0.0614423   0.0605048  4.0673e-05
        1658   0.0618065   0.0605056 4.06561e-05
        1659   0.0605778   0.0605056 4.06316e-05
        1660   0.0621893   0.0605066 4.06198e-05
        1661   0.0618899   0.0605074 4.06038e-05
        1662   0.0627943   0.0605088 4.06027e-05
        1663   0.0625713   0.0605101 4.05972e-05
        1664   0.0625555   0.0605113 4.05915e-05
        1665   0.0610243   0.0605116 4.05682e-05
        1666    0.061034   0.0605119 4.05451e-05
        1667   0.0606789    0.060512 4.05209e-05
        1668   0.0590648   0.0605111 4.05059e-05
        1669   0.0599854   0.0605108 4.04829e-05
        1670   0.0598796   0.0605105 4.04604e-05
        1671   0.0602344   0.0605103 4.04365e-05
        1672   0.0602033   0.0605101 4.04127e-05
        1673    0.060882   0.0605103 4.03892e-05
        1674   0.0594861   0.0605097 4.03697e-05
        1675   0.0607902   0.0605099 4.03459e-05
        1676   0.0595531   0.0605093 4.03259e-05
        1677   0.0605288   0.0605093 4.03019e-05
        1678   0.0598848   0.0605089 4.02796e-05
        1679   0.0607011   0.0605091 4.02557e-05
        1680   0.0595461   0.0605085 4.02359e-05
        1681   0.0590163   0.0605076 4.02217e-05
        1682   0.0588389   0.0605066   4.021e-05
        1683    0.058041   0.0605051 4.02128e-05
        1684   0.0582217   0.0605038 4.02118e-05
        1685    0.058465   0.0605026 4.02061e-05
        1686   0.0586654   0.0605015  4.0197e-05
        1687   0.0593714   0.0605008 4.01788e-05
        1688   0.0596638   0.0605003 4.01581e-05
        1689   0.0604536   0.0605003 4.01343e-05
        1690   0.0607402   0.0605004 4.01108e-05
        1691   0.0596089   0.0604999 4.00905e-05
        1692   0.0614995   0.0605005 4.00712e-05
        1693   0.0616756   0.0605012 4.00535e-05
        1694   0.0608656   0.0605014 4.00305e-05
        1695   0.0602884   0.0605013 4.00071e-05
        1696   0.0602705   0.0605011 3.99837e-05
        1697   0.0594355   0.0605005 3.99651e-05
        1698   0.0588173   0.0604995 3.99538e-05
        1699    0.058703   0.0604985 3.99443e-05
        1700   0.0587087   0.0604974 3.99347e-05
        1701   0.0579066   0.0604959 3.99402e-05
        1702   0.0588879    0.060495 3.99279e-05
        1703     0.05856   0.0604938 3.99207e-05
        1704   0.0584574   0.0604926 3.99151e-05
        1705   0.0586488   0.0604915 3.99063e-05
        1706    0.058082   0.0604901 3.99079e-05
        1707   0.0583476   0.0604889 3.99043e-05
        1708   0.0586517   0.0604878 3.98954e-05
        1709   0.0587504   0.0604868  3.9885e-05
        1710   0.0590431   0.0604859 3.98706e-05
        1711   0.0590722   0.0604851 3.98559e-05
        1712   0.0574931   0.0604834 3.98709e-05
        1713   0.0587805   0.0604824   3.986e-05
        1714   0.0580131   0.0604809 3.98628e-05
        1715   0.0579437   0.0604794  3.9867e-05
        1716   0.0579468    0.060478 3.98711e-05
        1717   0.0582707   0.0604767 3.98686e-05
        1718   0.0591923   0.0604759 3.98524e-05
        1719   0.0602121   0.0604758 3.98295e-05
        1720   0.0600455   0.0604755 3.98071e-05
        1721    0.059704   0.0604751 3.97865e-05
        1722   0.0604189   0.0604751 3.97634e-05
        1723   0.0600955   0.0604748  3.9741e-05
        1724   0.0618344   0.0604756 3.97257e-05
        1725   0.0622417   0.0604766 3.97159e-05
        1726   0.0633022   0.0604783 3.97266e-05
        1727   0.0626006   0.0604795 3.97226e-05
        1728   0.0621959   0.0604805  3.9712e-05
        1729   0.0624465   0.0604816 3.97053e-05
        1730   0.0612312   0.0604821 3.96848e-05
        1731   0.0613686   0.0604826 3.96651e-05
        1732   0.0613135   0.0604831 3.96451e-05
        1733   0.0606031   0.0604831 3.96223e-05
        1734   0.0605895   0.0604832 3.95995e-05
        1735   0.0600869    0.060483 3.95773e-05
        1736   0.0598869   0.0604826  3.9556e-05
        1737   0.0598229   0.0604822 3.95351e-05
        1738   0.0597339   0.0604818 3.95147e-05
        1739   0.0588514   0.0604809 3.95031e-05
        1740   0.0583711   0.0604797  3.9499e-05
        1741   0.0580018   0.0604782 3.95019e-05
        1742   0.0577241   0.0604767 3.95109e-05
        1743   0.0573387   0.0604749 3.95292e-05
        1744   0.0570927   0.0604729 3.95541e-05
        1745   0.0566934   0.0604708 3.95907e-05
        1746   0.0568228   0.0604687 3.96231e-05
        1747   0.0571615   0.0604668 3.96456e-05
        1748   0.0573256    0.060465 3.96636e-05
        1749   0.0579804   0.0604636 3.96664e-05
        1750   0.0588295   0.0604626 3.96547e-05
        1751   0.0594417    0.060462 3.96363e-05
        1752   0.0590104   0.0604612 3.96224e-05
        1753   0.0596561   0.0604608 3.96024e-05
        1754   0.0597204   0.0604603 3.95821e-05
        1755   0.0595406   0.0604598  3.9563e-05
        1756   0.0602584   0.0604597 3.95407e-05
        1757   0.0601639   0.0604595 3.95185e-05
        1758     0.05977   0.0604591  3.9498e-05
        1759   0.0602946    0.060459 3.94756e-05
        1760   0.0593433   0.0604584 3.94583e-05
        1761    0.059825    0.060458 3.94375e-05
        1762    0.059244   0.0604574 3.94212e-05
        1763   0.0587723   0.0604564 3.94104e-05
        1764   0.0590304   0.0604556 3.93963e-05
        1765   0.0589089   0.0604547 3.93838e-05
        1766    0.059029   0.0604539 3.93697e-05
        1767   0.0595167   0.0604534  3.9351e-05
        1768    0.058708   0.0604524 3.93412e-05
        1769   0.0602081   0.0604523 3.93192e-05
        1770   0.0592343   0.0604516  3.9303e-05
        1771   0.0600317   0.0604513 3.92815e-05
        1772   0.0602456   0.0604512 3.92595e-05
        1773   0.0600696    0.060451 3.92379e-05
        1774   0.0610716   0.0604513 3.92174e-05
        1775   0.0611007   0.0604517  3.9197e-05
        1776   0.0606211   0.0604518  3.9175e-05
        1777   0.0613368   0.0604523 3.91562e-05
        1778   0.0609611   0.0604526 3.91352e-05
        1779   0.0599378   0.0604523 3.91143e-05
        1780   0.0602487   0.0604522 3.90924e-05
        1781   0.0588214   0.0604513 3.90812e-05
        1782   0.0589362   0.0604504 3.90685e-05
        1783   0.0585892   0.0604494 3.90606e-05
        1784    0.057735   0.0604479 3.90683e-05
        1785   0.0581247   0.0604466 3.90681e-05
        1786   0.0577437    0.060445 3.90755e-05
        1787     0.05771   0.0604435 3.90836e-05
        1788   0.0585325   0.0604424 3.90764e-05
        1789   0.0584684   0.0604413 3.90701e-05
        1790   0.0586241   0.0604403 3.90614e-05
        1791   0.0592612   0.0604397 3.90452e-05
        1792   0.0590829   0.0604389 3.90307e-05
        1793   0.0589965   0.0604381 3.90173e-05
        1794   0.0593708   0.0604375     3.9e-05
        1795   0.0601502   0.0604373 3.89786e-05
        1796   0.0608006   0.0604375 3.89575e-05
        1797   0.0616995   0.0604383 3.89421e-05
        1798   0.0626559   0.0604395   3.894e-05
        1799   0.0626382   0.0604407 3.89375e-05
        1800   0.0622407   0.0604417 3.89287e-05
        1801   0.0620629   0.0604426 3.89175e-05
        1802   0.0605697   0.0604427  3.8896e-05
        1803   0.0605868   0.0604428 3.88745e-05
        1804   0.0606962   0.0604429 3.88532e-05
        1805   0.0600629   0.0604427 3.88322e-05
        1806   0.0599368   0.0604424 3.88117e-05
        1807    0.060589   0.0604425 3.87904e-05
        1808   0.0606463   0.0604426 3.87691e-05
        1809   0.0605975   0.0604427 3.87477e-05
        1810   0.0604869   0.0604427 3.87263e-05
        1811   0.0611009   0.0604431 3.87066e-05
        1812    0.060186   0.0604429 3.86855e-05
        1813   0.0609002   0.0604432  3.8665e-05
        1814   0.0602941   0.0604431 3.86438e-05
        1815   0.0609913   0.0604434 3.86237e-05
        1816   0.0616088    0.060444 3.86078e-05
        1817   0.0613941   0.0604446   3.859e-05
        1818   0.0614005   0.0604451 3.85724e-05
        1819   0.0616698   0.0604458 3.85571e-05
        1820   0.0611571   0.0604462 3.85379e-05
        1821   0.0607722   0.0604463 3.85171e-05
        1822   0.0603223   0.0604463  3.8496e-05
        1823    0.060173   0.0604461 3.84752e-05
        1824   0.0602036    0.060446 3.84544e-05
        1825   0.0598148   0.0604456 3.84348e-05
        1826   0.0593715   0.0604451 3.84183e-05
        1827   0.0592739   0.0604444 3.84026e-05
        1828   0.0584767   0.0604433 3.83967e-05
        1829   0.0584544   0.0604422 3.83911e-05
        1830   0.0589477   0.0604414 3.83788e-05
        1831   0.0583282   0.0604403 3.83752e-05
        1832   0.0588986   0.0604394 3.83635e-05
        1833    0.058132   0.0604382 3.83632e-05
        1834   0.0586054   0.0604372 3.83553e-05
        1835   0.0587179   0.0604362 3.83458e-05
        1836   0.0592381   0.0604356 3.83305e-05
        1837   0.0593306    0.060435 3.83143e-05
        1838   0.0599449   0.0604347 3.82944e-05
        1839   0.0606513   0.0604348 3.82738e-05
        1840   0.0602849   0.0604348 3.82531e-05
        1841   0.0601861   0.0604346 3.82325e-05
        1842   0.0605902   0.0604347 3.82119e-05
        1843   0.0611933   0.0604351 3.81933e-05
        1844   0.0609656   0.0604354 3.81737e-05
        1845   0.0611449   0.0604358  3.8155e-05
        1846   0.0609054    0.060436 3.81351e-05
        1847   0.0616683   0.0604367 3.81203e-05
        1848   0.0607696   0.0604369 3.81001e-05
        1849   0.0621091   0.0604378 3.80902e-05
        1850   0.0613815   0.0604383 3.80731e-05
        1851   0.0615063   0.0604389 3.80569e-05
        1852   0.0614762   0.0604394 3.80405e-05
        1853   0.0604184   0.0604394 3.80199e-05
        1854   0.0596474    0.060439 3.80018e-05
        1855   0.0593903   0.0604384 3.79855e-05
        1856   0.0590986   0.0604377 3.79719e-05
        1857   0.0586865   0.0604368 3.79632e-05
        1858   0.0592792   0.0604362 3.79479e-05
        1859   0.0596075   0.0604357 3.79301e-05
        1860   0.0604158   0.0604357 3.79097e-05
        1861   0.0601545   0.0604355 3.78896e-05
        1862   0.0601941   0.0604354 3.78695e-05
        1863   0.0591846   0.0604347 3.78551e-05
        1864    0.059088    0.060434 3.78417e-05
        1865   0.0591472   0.0604333 3.78277e-05
        1866   0.0596924   0.0604329 3.78095e-05
        1867   0.0596958   0.0604325 3.77913e-05
        1868   0.0599308   0.0604323  3.7772e-05
        1869   0.0598423    0.060432 3.77531e-05
        1870   0.0589106   0.0604311 3.77417e-05
        1871   0.0588735   0.0604303 3.77307e-05
        1872   0.0582968   0.0604292 3.77278e-05
        1873   0.0593159   0.0604286 3.77123e-05
        1874   0.0599171   0.0604283 3.76932e-05
        1875   0.0588895   0.0604275  3.7682e-05
        1876   0.0605217   0.0604275  3.7662e-05
        1877    0.061033   0.0604279 3.76433e-05
        1878   0.0613025   0.0604283 3.76261e-05
        1879   0.0613885   0.0604288 3.76096e-05
        1880   0.0610427   0.0604292  3.7591e-05
        1881   0.0606989   0.0604293 3.75713e-05
        1882   0.0607242   0.0604295 3.75516e-05
        1883   0.0601383   0.0604293  3.7532e-05
        1884   0.0600817   0.0604291 3.75125e-05
        1885   0.0598779   0.0604288 3.74938e-05
        1886   0.0596004   0.0604284 3.74765e-05
        1887   0.0603631   0.0604284 3.74566e-05
        1888   0.0606374   0.0604285 3.74369e-05
        1889   0.0603121   0.0604284 3.74172e-05
        1890   0.0604764   0.0604284 3.73974e-05
        1891   0.0603216   0.0604284 3.73777e-05
        1892   0.0598994   0.0604281 3.73589e-05
        1893   0.0595052   0.0604276 3.73424e-05
        1894   0.0602775   0.0604275 3.73228e-05
        1895   0.0596753   0.0604271 3.73052e-05
        1896   0.0587952   0.0604263 3.72954e-05
        1897   0.0588662   0.0604254 3.72848e-05
        1898   0.0593939   0.0604249 3.72692e-05
        1899    0.058674    0.060424 3.72609e-05
        1900   0.0596829   0.0604236 3.72434e-05
        1901   0.0595187   0.0604231 3.72268e-05
        1902    0.060957   0.0604234 3.72083e-05
        1903   0.0606221   0.0604235 3.71889e-05
        1904   0.0605412   0.0604236 3.71694e-05
        1905   0.0610726   0.0604239 3.71515e-05
        1906   0.0611814   0.0604243 3.71341e-05
        1907   0.0614446   0.0604248 3.71185e-05
        1908   0.0617546   0.0604255 3.71056e-05
        1909   0.0627927   0.0604268 3.71068e-05
        1910   0.0626297   0.0604279 3.71053e-05
        1911   0.0622392   0.0604289  3.7098e-05
        1912   0.0622168   0.0604298 3.70904e-05
        1913   0.0620453   0.0604306 3.70806e-05
        1914   0.0615012   0.0604312 3.70655e-05
        1915   0.0622461   0.0604322 3.70582e-05
        1916   0.0616664   0.0604328 3.70445e-05
        1917   0.0629449   0.0604341 3.70483e-05
        1918   0.0634466   0.0604357 3.70623e-05
        1919   0.0635479   0.0604373 3.70784e-05
        1920   0.0641034   0.0604392 3.71083e-05
        1921   0.0620861   0.0604401 3.70989e-05
        1922   0.0624806   0.0604411 3.70947e-05
        1923   0.0612143   0.0604415 3.70776e-05
        1924   0.0609235   0.0604418 3.70592e-05
        1925   0.0613072   0.0604422 3.70427e-05
        1926   0.0606698   0.0604424 3.70236e-05
        1927   0.0606258   0.0604424 3.70045e-05
        1928   0.0608381   0.0604427 3.69859e-05
        1929   0.0603565   0.0604426 3.69668e-05
        1930   0.0613063   0.0604431 3.69503e-05
        1931   0.0614929   0.0604436 3.69352e-05
        1932   0.0618901   0.0604443 3.69237e-05
        1933   0.0622948   0.0604453  3.6917e-05
        1934   0.0605391   0.0604454 3.68979e-05
        1935   0.0607533   0.0604455 3.68792e-05
        1936   0.0606508   0.0604456 3.68603e-05
        1937   0.0609995   0.0604459 3.68424e-05
        1938   0.0614374   0.0604464 3.68269e-05
        1939   0.0624085   0.0604474 3.68218e-05
        1940   0.0622844   0.0604484  3.6815e-05
        1941    0.062319   0.0604493 3.68087e-05
        1942   0.0615195   0.0604499 3.67938e-05
        1943   0.0616564   0.0604505 3.67801e-05
        1944   0.0609593   0.0604508 3.67621e-05
        1945   0.0610172   0.0604511 3.67444e-05
        1946   0.0610612   0.0604514 3.67269e-05
        1947   0.0616335    0.060452  3.6713e-05
        1948   0.0609283   0.0604522  3.6695e-05
        1949   0.0615994   0.0604528 3.66809e-05
        1950   0.0616848   0.0604534 3.66675e-05
        1951   0.0618684   0.0604542 3.66559e-05
        1952   0.0618423   0.0604549  3.6644e-05
        1953   0.0612011   0.0604553 3.66272e-05
        1954    0.062288   0.0604562 3.66205e-05
        1955   0.0612045   0.0604566 3.66038e-05
        1956   0.0624828   0.0604576 3.65997e-05
        1957   0.0617614   0.0604583 3.65871e-05
        1958   0.0624147   0.0604593  3.6582e-05
        1959   0.0621445   0.0604601 3.65734e-05
        1960   0.0619019   0.0604609 3.65622e-05
        1961   0.0612528   0.0604613 3.65458e-05
        1962   0.0597149   0.0604609 3.65291e-05
        1963   0.0607969   0.0604611 3.65109e-05
        1964   0.0600339   0.0604609  3.6493e-05
        1965   0.0604712   0.0604609 3.64744e-05
        1966   0.0597737   0.0604605 3.64575e-05
        1967    0.060286   0.0604604 3.64391e-05
        1968   0.0600862   0.0604602 3.64211e-05
        1969   0.0600277     0.06046 3.64032e-05
        1970   0.0596838   0.0604596 3.63869e-05
        1971   0.0602425   0.0604595 3.63686e-05
        1972   0.0606883   0.0604596 3.63503e-05
        1973   0.0620231   0.0604604 3.63406e-05
        1974   0.0625008   0.0604615 3.63368e-05
        1975   0.0627198   0.0604626 3.63364e-05
        1976   0.0619253   0.0604633 3.63256e-05
        1977   0.0627228   0.0604645 3.63252e-05
        1978   0.0620868   0.0604653 3.63161e-05
        1979   0.0618506    0.060466 3.63045e-05
        1980   0.0617542   0.0604667  3.6292e-05
        1981   0.0615606   0.0604672 3.62778e-05
        1982   0.0613146   0.0604676 3.62621e-05
        1983   0.0613607   0.0604681 3.62466e-05
        1984   0.0616729   0.0604687 3.62334e-05
        1985   0.0613709   0.0604691  3.6218e-05
        1986   0.0611759   0.0604695 3.62015e-05
        1987    0.061849   0.0604702 3.61899e-05
        1988   0.0612672   0.0604706  3.6174e-05
        1989   0.0613716   0.0604711 3.61586e-05
        1990   0.0614327   0.0604715 3.61437e-05
        1991   0.0606318   0.0604716 3.61256e-05
        1992   0.0599745   0.0604714 3.61083e-05
        1993   0.0599737   0.0604711 3.60911e-05
        1994   0.0603043    0.060471 3.60731e-05
        1995   0.0603454    0.060471  3.6055e-05
        1996   0.0610498   0.0604713 3.60381e-05
        1997   0.0615266   0.0604718  3.6024e-05
        1998   0.0596052   0.0604714 3.60085e-05
        1999   0.0595116   0.0604709 3.59937e-05
        2000   0.0585352   0.0604699 3.59888e-05
