#     BLOCK:   ACTUAL_TE:    TE_AVE:      ERROR:
           1     1.42315     1.42315           0
           2      1.4229     1.42302 8.81345e-05
           3     1.42258     1.42288 0.000132914
           4      1.4224     1.42276 0.000142949
           5     1.42229     1.42266 0.000142246
           6     1.42216     1.42258 0.000141399
           7     1.42224     1.42253 0.000129366
           8     1.42194     1.42246 0.000132802
           9     1.42214     1.42242 0.000122704
          10     1.42217      1.4224 0.000112968
          11     1.42226     1.42238   0.0001034
          12      1.4222     1.42237 9.58656e-05
          13     1.42213     1.42235 9.02125e-05
          14     1.42212     1.42233 8.52518e-05
          15     1.42234     1.42233 7.95697e-05
          16     1.42205     1.42232 7.65478e-05
          17     1.42225     1.42231   7.213e-05
          18     1.42228     1.42231 6.81503e-05
          19     1.42204      1.4223  6.6069e-05
          20     1.42226     1.42229 6.27903e-05
          21     1.42222     1.42229 5.98993e-05
          22       1.422     1.42228 5.85692e-05
          23     1.42244     1.42229 5.64716e-05
          24     1.42186     1.42227 5.68362e-05
          25     1.42216     1.42226 5.47279e-05
          26     1.42219     1.42226  5.2691e-05
          27     1.42232     1.42226  5.0787e-05
          28     1.42228     1.42226 4.89778e-05
          29     1.42231     1.42226  4.7314e-05
          30     1.42212     1.42226 4.59729e-05
          31     1.42214     1.42226 4.46414e-05
          32     1.42221     1.42225 4.32665e-05
          33     1.42196     1.42225  4.2859e-05
          34     1.42225     1.42225 4.15986e-05
          35     1.42211     1.42224 4.05793e-05
          36     1.42213     1.42224 3.95637e-05
          37     1.42198     1.42223 3.91087e-05
          38     1.42213     1.42223 3.81768e-05
          39     1.42204     1.42222 3.75206e-05
          40     1.42212     1.42222   3.667e-05
          41     1.42206     1.42222 3.59827e-05
          42     1.42213     1.42222 3.51857e-05
          43     1.42222     1.42222 3.43674e-05
          44     1.42216     1.42221 3.36117e-05
          45     1.42212     1.42221 3.29271e-05
          46     1.42226     1.42221 3.22303e-05
          47     1.42202     1.42221 3.18098e-05
          48     1.42217     1.42221 3.11571e-05
          49     1.42206     1.42221 3.06734e-05
          50     1.42225     1.42221 3.00722e-05
          51     1.42214     1.42221 2.95081e-05
          52     1.42199      1.4222 2.92283e-05
          53     1.42213      1.4222 2.87104e-05
          54     1.42211      1.4222 2.82223e-05
          55     1.42198     1.42219  2.7981e-05
          56     1.42236      1.4222 2.76437e-05
          57     1.42212      1.4222 2.71901e-05
          58     1.42219      1.4222 2.67215e-05
          59      1.4222      1.4222 2.62688e-05
          60     1.42219      1.4222  2.5831e-05
          61     1.42226      1.4222 2.54304e-05
          62     1.42224      1.4222 2.50282e-05
          63     1.42181     1.42219  2.5365e-05
          64     1.42213     1.42219 2.49859e-05
          65     1.42215     1.42219 2.46112e-05
          66     1.42225     1.42219 2.42529e-05
          67     1.42221     1.42219 2.38929e-05
          68     1.42216     1.42219 2.35466e-05
          69     1.42217     1.42219 2.32075e-05
          70     1.42221     1.42219 2.28774e-05
          71     1.42221     1.42219 2.25569e-05
          72     1.42211     1.42219 2.22734e-05
          73     1.42212     1.42219 2.19869e-05
          74       1.422     1.42219 2.18449e-05
          75     1.42224     1.42219 2.15646e-05
          76     1.42222     1.42219  2.1286e-05
          77     1.42202     1.42219 2.11216e-05
          78     1.42211     1.42218 2.08747e-05
          79     1.42199     1.42218 2.07487e-05
          80     1.42224     1.42218 2.05005e-05
          81     1.42205     1.42218 2.03133e-05
          82     1.42196     1.42218  2.0237e-05
          83     1.42237     1.42218 2.01188e-05
          84     1.42204     1.42218  1.9951e-05
          85     1.42228     1.42218 1.97511e-05
          86       1.422     1.42218 1.96351e-05
          87     1.42237     1.42218 1.95393e-05
          88     1.42198     1.42218 1.94474e-05
          89     1.42217     1.42218 1.92291e-05
          90     1.42214     1.42218 1.90198e-05
          91     1.42201     1.42218 1.88999e-05
          92      1.4223     1.42218 1.87462e-05
          93     1.42217     1.42218 1.85448e-05
          94     1.42194     1.42217  1.8514e-05
          95     1.42218     1.42217 1.83192e-05
          96      1.4222     1.42217   1.813e-05
          97      1.4221     1.42217 1.79586e-05
          98     1.42204     1.42217 1.78273e-05
          99     1.42227     1.42217  1.7672e-05
         100     1.42226     1.42217 1.75141e-05
         101     1.42202     1.42217 1.74041e-05
         102     1.42225     1.42217 1.72481e-05
         103     1.42247     1.42218 1.73149e-05
         104     1.42213     1.42218 1.71531e-05
         105     1.42225     1.42218 1.70029e-05
         106     1.42236     1.42218 1.69298e-05
         107     1.42202     1.42218 1.68359e-05
         108     1.42221     1.42218  1.6683e-05
         109     1.42207     1.42218 1.65574e-05
         110     1.42226     1.42218 1.64259e-05
         111     1.42221     1.42218 1.62799e-05
         112     1.42232     1.42218 1.61873e-05
         113     1.42215     1.42218 1.60462e-05
         114     1.42211     1.42218  1.5918e-05
         115     1.42199     1.42218 1.58664e-05
         116     1.42178     1.42217 1.60899e-05
         117     1.42218     1.42217 1.59526e-05
         118     1.42193     1.42217 1.59484e-05
         119     1.42233     1.42217 1.58703e-05
         120     1.42181     1.42217  1.6023e-05
         121     1.42231     1.42217 1.59303e-05
         122     1.42181     1.42217 1.60732e-05
         123     1.42201     1.42217 1.59943e-05
         124     1.42215     1.42217 1.58662e-05
         125     1.42212     1.42217  1.5744e-05
         126     1.42183     1.42216 1.58383e-05
         127      1.4218     1.42216 1.59691e-05
         128     1.42218     1.42216 1.58455e-05
         129     1.42195     1.42216 1.58031e-05
         130     1.42206     1.42216 1.56985e-05
         131     1.42219     1.42216 1.55809e-05
         132     1.42204     1.42216 1.54884e-05
         133     1.42186     1.42215 1.55344e-05
         134     1.42207     1.42215 1.54314e-05
         135     1.42179     1.42215  1.5554e-05
         136     1.42192     1.42215 1.55357e-05
         137     1.42203     1.42215 1.54474e-05
         138     1.42198     1.42215 1.53813e-05
         139     1.42232     1.42215 1.53225e-05
         140     1.42191     1.42215 1.53113e-05
         141     1.42223     1.42215 1.52139e-05
         142     1.42212     1.42215 1.51085e-05
         143     1.42222     1.42215 1.50116e-05
         144       1.422     1.42215 1.49419e-05
         145     1.42212     1.42215 1.48399e-05
         146     1.42216     1.42215 1.47386e-05
         147     1.42213     1.42215 1.46386e-05
         148     1.42241     1.42215 1.46466e-05
         149     1.42229     1.42215 1.45779e-05
         150     1.42239     1.42215 1.45663e-05
         151     1.42208     1.42215 1.44771e-05
         152     1.42225     1.42215 1.43954e-05
         153     1.42204     1.42215 1.43187e-05
         154     1.42208     1.42215 1.42331e-05
         155     1.42209     1.42215 1.41474e-05
         156     1.42229     1.42215 1.40854e-05
         157      1.4223     1.42215 1.40265e-05
         158     1.42231     1.42215 1.39726e-05
         159     1.42233     1.42215 1.39308e-05
         160     1.42241     1.42216 1.39339e-05
         161     1.42239     1.42216 1.39236e-05
         162     1.42238     1.42216  1.3903e-05
         163     1.42211     1.42216 1.38203e-05
         164     1.42215     1.42216  1.3736e-05
         165     1.42216     1.42216 1.36528e-05
         166     1.42206     1.42216 1.35839e-05
         167     1.42218     1.42216 1.35035e-05
         168     1.42224     1.42216 1.34327e-05
         169     1.42229     1.42216 1.33746e-05
         170     1.42218     1.42216 1.32967e-05
         171     1.42222     1.42216 1.32243e-05
         172     1.42238     1.42216 1.32122e-05
         173     1.42209     1.42216 1.31425e-05
         174     1.42213     1.42216  1.3068e-05
         175     1.42235     1.42216 1.30372e-05
         176     1.42216     1.42216 1.29631e-05
         177     1.42225     1.42216 1.28994e-05
         178     1.42207     1.42216 1.28362e-05
         179      1.4221     1.42216 1.27688e-05
         180     1.42199     1.42216 1.27329e-05
         181     1.42192     1.42216 1.27322e-05
         182     1.42196     1.42216 1.27076e-05
         183      1.4221     1.42216 1.26415e-05
         184     1.42195     1.42216 1.26241e-05
         185     1.42194     1.42215 1.26085e-05
         186     1.42206     1.42215 1.25511e-05
         187      1.4221     1.42215 1.24868e-05
         188     1.42194     1.42215 1.24731e-05
         189     1.42201     1.42215 1.24315e-05
         190     1.42185     1.42215 1.24666e-05
         191     1.42222     1.42215 1.24062e-05
         192     1.42189     1.42215 1.24144e-05
         193     1.42197     1.42215 1.23859e-05
         194     1.42216     1.42215 1.23222e-05
         195     1.42202     1.42215 1.22766e-05
         196     1.42232     1.42215 1.22452e-05
         197     1.42187     1.42215 1.22656e-05
         198     1.42219     1.42215 1.22053e-05
         199     1.42211     1.42215 1.21452e-05
         200      1.4222     1.42215 1.20872e-05
         201     1.42204     1.42215  1.2039e-05
         202     1.42202     1.42215 1.19955e-05
         203     1.42219     1.42215 1.19386e-05
         204     1.42226     1.42215 1.18929e-05
         205     1.42182     1.42215  1.1943e-05
         206     1.42242     1.42215 1.19593e-05
         207     1.42194     1.42215 1.19429e-05
         208     1.42227     1.42215  1.1901e-05
         209     1.42226     1.42215 1.18562e-05
         210     1.42187     1.42215 1.18718e-05
         211     1.42247     1.42215 1.19163e-05
         212     1.42193     1.42215 1.19048e-05
         213     1.42224     1.42215 1.18562e-05
         214     1.42211     1.42215 1.18019e-05
         215     1.42189     1.42215 1.18055e-05
         216     1.42243     1.42215  1.1825e-05
         217     1.42177     1.42214  1.1897e-05
         218     1.42248     1.42215 1.19389e-05
         219     1.42208     1.42215 1.18883e-05
         220      1.4219     1.42214 1.18884e-05
         221     1.42227     1.42215 1.18475e-05
         222     1.42228     1.42215 1.18104e-05
         223     1.42226     1.42215 1.17677e-05
         224     1.42213     1.42215 1.17154e-05
         225     1.42216     1.42215 1.16636e-05
         226     1.42236     1.42215 1.16491e-05
         227       1.422     1.42215 1.16156e-05
         228     1.42195     1.42215 1.15967e-05
         229     1.42199     1.42215 1.15671e-05
         230      1.4222     1.42215 1.15191e-05
         231     1.42196     1.42214 1.14974e-05
         232     1.42199     1.42214 1.14671e-05
         233     1.42214     1.42214 1.14179e-05
         234     1.42216     1.42214 1.13694e-05
         235     1.42191     1.42214 1.13652e-05
         236     1.42226     1.42214  1.1328e-05
         237     1.42172     1.42214 1.14223e-05
         238     1.42214     1.42214 1.13743e-05
         239     1.42246     1.42214 1.14031e-05
         240     1.42175     1.42214 1.14746e-05
         241     1.42218     1.42214  1.1428e-05
         242     1.42224     1.42214 1.13879e-05
         243     1.42205     1.42214  1.1347e-05
         244      1.4222     1.42214 1.13032e-05
         245     1.42234     1.42214 1.12871e-05
         246     1.42212     1.42214 1.12417e-05
         247     1.42239     1.42214 1.12401e-05
         248     1.42213     1.42214 1.11949e-05
         249     1.42208     1.42214 1.11525e-05
         250     1.42234     1.42214 1.11361e-05
         251     1.42212     1.42214 1.10921e-05
         252     1.42222     1.42214 1.10522e-05
         253      1.4222     1.42214 1.10111e-05
         254     1.42217     1.42214  1.0968e-05
         255      1.4223     1.42215 1.09414e-05
         256     1.42229     1.42215  1.0913e-05
         257     1.42202     1.42215 1.08809e-05
         258     1.42207     1.42215 1.08431e-05
         259     1.42215     1.42215 1.08012e-05
         260     1.42209     1.42214  1.0762e-05
         261     1.42208     1.42214 1.07235e-05
         262     1.42215     1.42214 1.06826e-05
         263     1.42193     1.42214 1.06744e-05
         264     1.42179     1.42214 1.07192e-05
         265     1.42227     1.42214 1.06888e-05
         266      1.4215     1.42214  1.0918e-05
         267     1.42211     1.42214 1.08778e-05
         268     1.42196     1.42214 1.08583e-05
         269     1.42182     1.42214 1.08839e-05
         270     1.42184     1.42214 1.08979e-05
         271     1.42213     1.42214 1.08577e-05
         272     1.42179     1.42214  1.0891e-05
         273     1.42204     1.42214 1.08566e-05
         274     1.42184     1.42213 1.08691e-05
         275     1.42212     1.42213 1.08296e-05
         276     1.42165     1.42213 1.09308e-05
         277     1.42231     1.42213 1.09099e-05
         278     1.42159     1.42213 1.10449e-05
         279     1.42195     1.42213 1.10255e-05
         280     1.42195     1.42213 1.10043e-05
         281      1.4219     1.42213 1.09956e-05
         282     1.42204     1.42213 1.09612e-05
         283     1.42225     1.42213 1.09313e-05
         284     1.42198     1.42213 1.09061e-05
         285     1.42243     1.42213 1.09183e-05
         286     1.42162     1.42213 1.10252e-05
         287     1.42224     1.42213 1.09942e-05
         288     1.42188     1.42213 1.09886e-05
         289     1.42216     1.42213  1.0951e-05
         290     1.42201     1.42213 1.09207e-05
         291     1.42195     1.42213 1.09003e-05
         292     1.42177     1.42213 1.09308e-05
         293     1.42199     1.42213 1.09032e-05
         294     1.42172     1.42212 1.09536e-05
         295     1.42216     1.42212 1.09173e-05
         296     1.42164     1.42212 1.10017e-05
         297      1.4222     1.42212 1.09676e-05
         298     1.42178     1.42212 1.09922e-05
         299     1.42216     1.42212 1.09561e-05
         300     1.42213     1.42212 1.09196e-05
         301     1.42196     1.42212 1.08959e-05
         302      1.4221     1.42212   1.086e-05
         303     1.42205     1.42212 1.08269e-05
         304       1.422     1.42212 1.07988e-05
         305     1.42188     1.42212 1.07916e-05
         306     1.42202     1.42212 1.07615e-05
         307      1.4219     1.42212 1.07493e-05
         308      1.4219     1.42212 1.07378e-05
         309       1.422     1.42212 1.07098e-05
         310     1.42191     1.42212 1.06953e-05
         311     1.42186     1.42212 1.06922e-05
         312      1.4219     1.42212 1.06795e-05
         313     1.42213     1.42212 1.06455e-05
         314     1.42184     1.42211  1.0647e-05
         315     1.42194     1.42211 1.06269e-05
         316     1.42188     1.42211 1.06193e-05
         317     1.42194     1.42211    1.06e-05
         318     1.42213     1.42211 1.05668e-05
         319     1.42195     1.42211 1.05454e-05
         320     1.42204     1.42211  1.0515e-05
         321     1.42214     1.42211 1.04826e-05
         322     1.42218     1.42211  1.0452e-05
         323     1.42205     1.42211 1.04212e-05
         324     1.42205     1.42211 1.03911e-05
         325     1.42206     1.42211 1.03603e-05
         326     1.42206     1.42211 1.03296e-05
         327      1.4219     1.42211 1.03185e-05
         328     1.42211     1.42211 1.02871e-05
         329     1.42194     1.42211 1.02684e-05
         330     1.42229     1.42211 1.02523e-05
         331     1.42188     1.42211  1.0246e-05
         332     1.42215     1.42211 1.02158e-05
         333     1.42212     1.42211 1.01851e-05
         334     1.42224     1.42211 1.01616e-05
         335      1.4221     1.42211 1.01313e-05
         336     1.42213     1.42211 1.01013e-05
         337     1.42204     1.42211 1.00736e-05
         338     1.42224     1.42211 1.00512e-05
         339     1.42212     1.42211 1.00215e-05
         340     1.42207     1.42211 9.99288e-06
         341     1.42238     1.42211 9.99363e-06
         342     1.42206     1.42211 9.96552e-06
         343     1.42199     1.42211 9.94248e-06
         344     1.42212     1.42211 9.91365e-06
         345     1.42208     1.42211 9.88538e-06
         346     1.42217     1.42211 9.85805e-06
         347     1.42192     1.42211 9.84503e-06
         348     1.42213     1.42211 9.81694e-06
         349     1.42221     1.42211 9.79321e-06
         350     1.42192     1.42211 9.78068e-06
         351     1.42243     1.42211 9.79519e-06
         352      1.4221     1.42211 9.76746e-06
         353     1.42225     1.42211  9.7477e-06
         354     1.42233     1.42211 9.73896e-06
         355      1.4223     1.42211 9.72545e-06
         356     1.42209     1.42211 9.69831e-06
         357     1.42193     1.42211 9.68511e-06
         358     1.42236     1.42211 9.68183e-06
         359     1.42187     1.42211 9.67908e-06
         360      1.4224     1.42211 9.68613e-06
         361     1.42217     1.42211 9.66077e-06
         362     1.42253     1.42211 9.70217e-06
         363     1.42188     1.42211 9.69735e-06
         364     1.42237     1.42211 9.69595e-06
         365     1.42208     1.42211 9.66977e-06
         366     1.42225     1.42211 9.65094e-06
         367      1.4221     1.42211 9.62478e-06
         368     1.42219     1.42212 9.60081e-06
         369     1.42216     1.42212 9.57558e-06
         370     1.42215     1.42212 9.55008e-06
         371     1.42206     1.42212 9.52541e-06
         372     1.42221     1.42212 9.50298e-06
         373     1.42201     1.42212  9.4816e-06
         374      1.4219     1.42211 9.47405e-06
         375     1.42197     1.42211 9.45686e-06
         376      1.4223     1.42211 9.44533e-06
         377     1.42184     1.42211 9.44759e-06
         378     1.42224     1.42211 9.42893e-06
         379     1.42214     1.42211 9.40422e-06
         380     1.42223     1.42211 9.38457e-06
         381     1.42183     1.42211 9.38879e-06
         382     1.42198     1.42211 9.37045e-06
         383     1.42212     1.42211 9.34604e-06
         384     1.42224     1.42211 9.32758e-06
         385     1.42205     1.42211 9.30492e-06
         386     1.42219     1.42211 9.28309e-06
         387      1.4221     1.42211  9.2592e-06
         388     1.42217     1.42211 9.23638e-06
         389     1.42209     1.42211 9.21292e-06
         390     1.42198     1.42211 9.19544e-06
         391     1.42212     1.42211 9.17192e-06
         392     1.42223     1.42211 9.15306e-06
         393     1.42197     1.42211 9.13684e-06
         394     1.42221     1.42211 9.11726e-06
         395     1.42225     1.42211 9.10028e-06
         396     1.42211     1.42211 9.07731e-06
         397     1.42236     1.42211 9.07497e-06
         398      1.4222     1.42211   9.055e-06
         399     1.42227     1.42212 9.04078e-06
         400     1.42248     1.42212 9.06405e-06
         401     1.42235     1.42212 9.05955e-06
         402     1.42223     1.42212 9.04169e-06
         403     1.42222     1.42212 9.02282e-06
         404     1.42226     1.42212 9.00775e-06
         405     1.42208     1.42212 8.98593e-06
         406     1.42229     1.42212 8.97341e-06
         407     1.42237     1.42212 8.97305e-06
         408     1.42218     1.42212 8.95244e-06
         409     1.42218     1.42212 8.93184e-06
         410     1.42207     1.42212 8.91089e-06
         411     1.42215     1.42212 8.88963e-06
         412     1.42222     1.42212 8.87123e-06
         413     1.42213     1.42212 8.84982e-06
         414     1.42189     1.42212  8.8461e-06
         415     1.42224     1.42212 8.82948e-06
         416     1.42195     1.42212 8.81708e-06
         417     1.42234     1.42212 8.81129e-06
         418      1.4221     1.42212 8.79036e-06
         419     1.42238     1.42212 8.79096e-06
         420     1.42218     1.42212  8.7713e-06
         421     1.42224     1.42212 8.75498e-06
         422     1.42232     1.42212 8.74742e-06
         423     1.42245     1.42212 8.76235e-06
         424     1.42222     1.42212 8.74481e-06
         425     1.42226     1.42212 8.73055e-06
         426     1.42224     1.42212  8.7148e-06
         427     1.42228     1.42212 8.70273e-06
         428     1.42206     1.42212 8.68373e-06
         429      1.4223     1.42212 8.67388e-06
         430     1.42236     1.42212 8.67145e-06
         431     1.42233     1.42212 8.66457e-06
         432     1.42241     1.42212  8.6694e-06
         433     1.42235     1.42213  8.6654e-06
         434     1.42234     1.42213 8.65978e-06
         435     1.42218     1.42213 8.64075e-06
         436     1.42206     1.42213 8.62229e-06
         437     1.42223     1.42213  8.6056e-06
         438     1.42209     1.42213 8.58627e-06
         439     1.42221     1.42213 8.56911e-06
         440      1.4221     1.42213 8.54977e-06
         441     1.42222     1.42213  8.5331e-06
         442     1.42197     1.42213 8.52134e-06
         443     1.42239     1.42213 8.52277e-06
         444     1.42193     1.42213 8.51447e-06
         445      1.4223     1.42213 8.50412e-06
         446     1.42233     1.42213 8.49732e-06
         447     1.42223     1.42213 8.48135e-06
         448     1.42218     1.42213  8.4632e-06
         449     1.42211     1.42213 8.44448e-06
         450     1.42239     1.42213 8.44518e-06
         451     1.42197     1.42213 8.43327e-06
         452     1.42216     1.42213 8.41495e-06
         453     1.42212     1.42213 8.39639e-06
         454      1.4222     1.42213 8.37937e-06
         455     1.42203     1.42213 8.36357e-06
         456     1.42231     1.42213 8.35449e-06
         457     1.42212     1.42213 8.33624e-06
         458     1.42211     1.42213 8.31811e-06
         459     1.42216     1.42213 8.30024e-06
         460     1.42213     1.42213  8.2822e-06
         461     1.42208     1.42213 8.26493e-06
         462     1.42183     1.42213 8.27266e-06
         463     1.42213     1.42213  8.2548e-06
         464     1.42213     1.42213 8.23701e-06
         465     1.42221     1.42213 8.22146e-06
         466     1.42229     1.42213 8.21138e-06
         467     1.42201     1.42213 8.19798e-06
         468     1.42214     1.42213  8.1805e-06
         469     1.42233     1.42213 8.17442e-06
         470     1.42206     1.42213 8.15825e-06
         471     1.42209     1.42213  8.1414e-06
         472     1.42244     1.42213 8.15124e-06
         473       1.422     1.42213 8.13885e-06
         474      1.4222     1.42213 8.12311e-06
         475     1.42231     1.42213 8.11457e-06
         476     1.42208     1.42213  8.0981e-06
         477     1.42211     1.42213 8.08117e-06
         478     1.42233     1.42213 8.07493e-06
         479     1.42215     1.42213 8.05817e-06
         480     1.42236     1.42213 8.05533e-06
         481       1.422     1.42213 8.04301e-06
         482     1.42246     1.42213 8.05516e-06
         483     1.42203     1.42213 8.04106e-06
         484     1.42215     1.42213 8.02456e-06
         485     1.42226     1.42213 8.01265e-06
         486     1.42208     1.42213 7.99672e-06
         487     1.42234     1.42213 7.99203e-06
         488     1.42212     1.42213 7.97567e-06
         489     1.42239     1.42213  7.9772e-06
         490     1.42194     1.42213 7.96991e-06
         491     1.42231     1.42213 7.96246e-06
         492     1.42205     1.42213   7.948e-06
         493     1.42205     1.42213 7.93366e-06
         494     1.42218     1.42213 7.91834e-06
         495     1.42206     1.42213 7.90349e-06
         496     1.42218     1.42213 7.88808e-06
         497     1.42218     1.42213 7.87282e-06
         498     1.42217     1.42213  7.8574e-06
         499     1.42207     1.42213 7.84257e-06
         500     1.42222     1.42213 7.82882e-06
         501     1.42203     1.42213 7.81578e-06
         502     1.42213     1.42213 7.80021e-06
         503     1.42197     1.42213 7.79152e-06
         504     1.42196     1.42213 7.78363e-06
         505     1.42238     1.42213 7.78338e-06
         506     1.42178     1.42213 7.79956e-06
         507     1.42228     1.42213 7.78998e-06
         508     1.42213     1.42213 7.77465e-06
         509     1.42227     1.42213 7.76424e-06
         510     1.42197     1.42213 7.75531e-06
         511     1.42207     1.42213 7.74102e-06
         512     1.42214     1.42213 7.72591e-06
         513     1.42218     1.42213 7.71137e-06
         514     1.42197     1.42213 7.70241e-06
         515     1.42216     1.42213 7.68771e-06
         516     1.42202     1.42213 7.67564e-06
         517     1.42227     1.42213 7.66575e-06
         518     1.42194     1.42213 7.65928e-06
         519     1.42229     1.42213 7.65094e-06
         520     1.42203     1.42213 7.63842e-06
         521     1.42221     1.42213 7.62515e-06
         522      1.4221     1.42213  7.6107e-06
         523     1.42189     1.42213  7.6094e-06
         524     1.42231     1.42213 7.60259e-06
         525     1.42217     1.42213 7.58859e-06
         526     1.42205     1.42213 7.57554e-06
         527     1.42222     1.42213 7.56307e-06
         528     1.42221     1.42213 7.55033e-06
         529      1.4221     1.42213 7.53625e-06
         530     1.42243     1.42213 7.54367e-06
         531     1.42189     1.42213 7.54343e-06
         532     1.42207     1.42213 7.53018e-06
         533     1.42232     1.42213  7.5243e-06
         534     1.42207     1.42213 7.51107e-06
         535     1.42193     1.42213 7.50625e-06
         536     1.42208     1.42213 7.49272e-06
         537     1.42214     1.42213 7.47882e-06
         538      1.4221     1.42213 7.46513e-06
         539     1.42197     1.42213 7.45748e-06
         540      1.4224     1.42213 7.46095e-06
         541     1.42229     1.42213 7.45334e-06
         542     1.42217     1.42213 7.44002e-06
         543     1.42215     1.42213 7.42641e-06
         544     1.42215     1.42213 7.41282e-06
         545     1.42226     1.42213 7.40325e-06
         546     1.42202     1.42213 7.39236e-06
         547      1.4222     1.42213 7.37993e-06
         548     1.42226     1.42213 7.37047e-06
         549     1.42207     1.42213  7.3579e-06
         550     1.42238     1.42213 7.35887e-06
         551     1.42199     1.42213 7.34994e-06
         552     1.42226     1.42213 7.34063e-06
         553     1.42221     1.42213 7.32882e-06
         554      1.4222     1.42213 7.31653e-06
         555     1.42219     1.42213 7.30402e-06
         556     1.42223     1.42213 7.29312e-06
         557     1.42206     1.42213 7.28127e-06
         558     1.42228     1.42213 7.27281e-06
         559     1.42196     1.42213 7.26644e-06
         560     1.42229     1.42213 7.25904e-06
         561     1.42188     1.42213 7.26021e-06
         562     1.42206     1.42213  7.2483e-06
         563     1.42205     1.42213 7.23668e-06
         564     1.42208     1.42213 7.22448e-06
         565     1.42188     1.42213 7.22533e-06
         566     1.42205     1.42213 7.21381e-06
         567     1.42199     1.42213 7.20524e-06
         568       1.422     1.42213 7.19618e-06
         569     1.42208     1.42213 7.18412e-06
         570     1.42181     1.42213 7.19313e-06
         571     1.42227     1.42213 7.18469e-06
         572     1.42197     1.42213 7.17727e-06
         573     1.42216     1.42213   7.165e-06
         574      1.4221     1.42213 7.15265e-06
         575       1.422     1.42213 7.14366e-06
         576     1.42206     1.42213 7.13228e-06
         577     1.42195     1.42213 7.12674e-06
         578     1.42205     1.42213 7.11562e-06
         579     1.42213     1.42213 7.10333e-06
         580     1.42218     1.42213 7.09176e-06
         581     1.42213     1.42213 7.07955e-06
         582     1.42219     1.42213 7.06816e-06
         583      1.4224     1.42213 7.07173e-06
         584     1.42185     1.42213 7.07576e-06
         585     1.42215     1.42213 7.06376e-06
         586     1.42205     1.42213 7.05289e-06
         587     1.42224     1.42213 7.04368e-06
         588      1.4221     1.42213 7.03192e-06
         589     1.42218     1.42213 7.02053e-06
         590     1.42209     1.42213 7.00894e-06
         591     1.42249     1.42213  7.0231e-06
         592     1.42199     1.42213 7.01491e-06
         593     1.42215     1.42213 7.00314e-06
         594     1.42239     1.42213 7.00504e-06
         595     1.42209     1.42213 6.99356e-06
         596     1.42212     1.42213 6.98184e-06
         597     1.42243     1.42213 6.98851e-06
         598     1.42235     1.42213 6.98622e-06
         599      1.4222     1.42213 6.97561e-06
         600     1.42227     1.42213 6.96781e-06
         601     1.42193     1.42213 6.96441e-06
         602     1.42217     1.42213 6.95314e-06
         603      1.4221     1.42213 6.94177e-06
         604     1.42212     1.42213 6.93029e-06
         605     1.42175     1.42213 6.94678e-06
         606     1.42227     1.42213  6.9394e-06
         607     1.42219     1.42213 6.92866e-06
         608     1.42206     1.42213 6.91827e-06
         609     1.42224     1.42213 6.90908e-06
         610     1.42214     1.42213 6.89776e-06
         611     1.42215     1.42213 6.88654e-06
         612      1.4222     1.42213 6.87631e-06
         613     1.42216     1.42213 6.86526e-06
         614     1.42213     1.42213 6.85408e-06
         615       1.422     1.42213 6.84602e-06
         616       1.422     1.42213 6.83838e-06
         617     1.42224     1.42213 6.82964e-06
         618     1.42175     1.42213 6.84665e-06
         619     1.42206     1.42213 6.83651e-06
         620     1.42189     1.42213 6.83644e-06
         621     1.42219     1.42213 6.82607e-06
         622     1.42219     1.42213 6.81572e-06
         623     1.42216     1.42213 6.80495e-06
         624     1.42235     1.42213 6.80329e-06
         625     1.42199     1.42213 6.79625e-06
         626     1.42266     1.42213  6.8382e-06
         627     1.42185     1.42213  6.8418e-06
         628     1.42224     1.42213 6.83327e-06
         629     1.42243     1.42213  6.8389e-06
         630       1.422     1.42213 6.83136e-06
         631     1.42231     1.42213 6.82621e-06
         632     1.42207     1.42213 6.81608e-06
         633     1.42228     1.42213  6.8093e-06
         634     1.42207     1.42213 6.79917e-06
         635     1.42208     1.42213 6.78888e-06
         636     1.42201     1.42213 6.78069e-06
         637     1.42221     1.42213 6.77134e-06
         638     1.42212     1.42213 6.76076e-06
         639     1.42246     1.42213 6.77019e-06
         640     1.42187     1.42213  6.7719e-06
         641     1.42218     1.42213 6.76188e-06
         642     1.42227     1.42213 6.75466e-06
         643      1.4221     1.42213 6.74431e-06
         644      1.4224     1.42213 6.74723e-06
         645     1.42201     1.42213 6.73958e-06
         646     1.42243     1.42213 6.74558e-06
         647     1.42222     1.42213 6.73664e-06
         648      1.4223     1.42213 6.73142e-06
         649     1.42246     1.42213 6.74056e-06
         650     1.42215     1.42213 6.73027e-06
         651     1.42241     1.42213 6.73316e-06
         652     1.42219     1.42213 6.72352e-06
         653     1.42224     1.42213 6.71516e-06
         654     1.42236     1.42213 6.71358e-06
         655     1.42221     1.42213 6.70447e-06
         656     1.42216     1.42213 6.69434e-06
         657     1.42231     1.42213 6.68973e-06
         658     1.42223     1.42213 6.68124e-06
         659     1.42232     1.42213 6.67731e-06
         660     1.42202     1.42213 6.66951e-06
         661     1.42228     1.42213 6.66304e-06
         662     1.42223     1.42213 6.65462e-06
         663     1.42228     1.42213 6.64805e-06
         664     1.42243     1.42213 6.65295e-06
         665     1.42242     1.42214 6.65723e-06
         666     1.42225     1.42214 6.64963e-06
         667     1.42229     1.42214 6.64354e-06
         668     1.42218     1.42214  6.6339e-06
         669     1.42234     1.42214 6.63133e-06
         670     1.42219     1.42214 6.62198e-06
         671     1.42237     1.42214 6.62148e-06
         672     1.42212     1.42214 6.61165e-06
         673     1.42228     1.42214 6.60506e-06
         674     1.42233     1.42214 6.60129e-06
         675     1.42233     1.42214 6.59767e-06
         676     1.42213     1.42214 6.58792e-06
         677     1.42209     1.42214 6.57851e-06
         678     1.42231     1.42214 6.57357e-06
         679     1.42247     1.42214 6.58223e-06
         680     1.42184     1.42214 6.58678e-06
         681      1.4223     1.42214 6.58135e-06
         682     1.42209     1.42214 6.57203e-06
         683     1.42214     1.42214  6.5624e-06
         684     1.42212     1.42214 6.55286e-06
         685     1.42233     1.42214 6.54934e-06
         686      1.4222     1.42214 6.54041e-06
         687     1.42213     1.42214 6.53089e-06
         688     1.42233     1.42214 6.52752e-06
         689     1.42226     1.42214 6.52032e-06
         690     1.42215     1.42214 6.51088e-06
         691     1.42213     1.42214 6.50148e-06
         692     1.42215     1.42214  6.4921e-06
         693     1.42211     1.42214 6.48284e-06
         694     1.42217     1.42214  6.4737e-06
         695     1.42195     1.42214 6.46977e-06
         696     1.42207     1.42214 6.46121e-06
         697     1.42194     1.42214 6.45805e-06
         698     1.42188     1.42214 6.45967e-06
         699     1.42211     1.42214 6.45058e-06
         700     1.42176     1.42214  6.4639e-06
         701     1.42212     1.42214 6.45471e-06
         702     1.42173     1.42214 6.47116e-06
         703     1.42189     1.42214 6.47162e-06
         704     1.42209     1.42214 6.46272e-06
         705     1.42173     1.42214 6.47853e-06
         706       1.422     1.42213 6.47231e-06
         707     1.42184     1.42213 6.47648e-06
         708     1.42199     1.42213 6.47073e-06
         709     1.42181     1.42213 6.47803e-06
         710      1.4218     1.42213 6.48569e-06
         711     1.42202     1.42213 6.47838e-06
         712     1.42191     1.42213  6.4767e-06
         713     1.42184     1.42213  6.4807e-06
         714     1.42199     1.42213 6.47475e-06
         715     1.42176     1.42213 6.48688e-06
         716     1.42209     1.42213 6.47813e-06
         717     1.42186     1.42213 6.48015e-06
         718     1.42187     1.42213 6.48154e-06
         719     1.42199     1.42213  6.4756e-06
         720     1.42224     1.42213 6.46829e-06
         721     1.42215     1.42213  6.4594e-06
         722     1.42176     1.42213 6.47067e-06
         723     1.42199     1.42213 6.46445e-06
         724      1.4219     1.42213 6.46304e-06
         725     1.42213     1.42213 6.45413e-06
         726     1.42172     1.42213 6.46935e-06
         727     1.42208     1.42213  6.4608e-06
         728     1.42193     1.42213 6.45754e-06
         729     1.42171     1.42213 6.47386e-06
         730     1.42206     1.42213 6.46574e-06
         731     1.42213     1.42213 6.45689e-06
         732     1.42166     1.42213 6.48002e-06
         733     1.42237     1.42213 6.47957e-06
         734     1.42196     1.42213 6.47459e-06
         735     1.42231     1.42213 6.47068e-06
         736     1.42223     1.42213 6.46334e-06
         737     1.42233     1.42213 6.46032e-06
         738     1.42192     1.42213 6.45803e-06
         739     1.42224     1.42213 6.45113e-06
         740     1.42228     1.42213 6.44552e-06
         741     1.42199     1.42213  6.4394e-06
         742     1.42207     1.42213 6.43128e-06
         743     1.42236     1.42213 6.43015e-06
         744     1.42211     1.42213 6.42159e-06
         745     1.42212     1.42213 6.41297e-06
         746     1.42202     1.42213 6.40607e-06
         747     1.42198     1.42213 6.40072e-06
         748     1.42228     1.42213 6.39544e-06
         749     1.42189     1.42213 6.39461e-06
         750     1.42202     1.42213 6.38776e-06
         751     1.42206     1.42213 6.37997e-06
         752     1.42219     1.42213 6.37202e-06
         753     1.42204     1.42213 6.36454e-06
         754     1.42205     1.42213 6.35696e-06
         755     1.42235     1.42213 6.35548e-06
         756     1.42221     1.42213 6.34807e-06
         757     1.42205     1.42213 6.34051e-06
         758     1.42216     1.42213 6.33228e-06
         759     1.42213     1.42213 6.32394e-06
         760      1.4221     1.42213 6.31576e-06
         761     1.42192     1.42213 6.31364e-06
         762     1.42225     1.42213  6.3074e-06
         763     1.42185     1.42213 6.30988e-06
         764     1.42181     1.42213 6.31536e-06
         765     1.42232     1.42213 6.31206e-06
         766     1.42161     1.42213 6.33994e-06
         767     1.42207     1.42213 6.33213e-06
         768     1.42193     1.42213 6.32905e-06
         769     1.42172     1.42213 6.34268e-06
         770     1.42199     1.42213 6.33681e-06
         771       1.422     1.42213 6.33073e-06
         772     1.42178     1.42213 6.33801e-06
         773     1.42228     1.42213 6.33302e-06
         774     1.42174     1.42212 6.34432e-06
         775     1.42199     1.42212 6.33837e-06
         776     1.42211     1.42212 6.33025e-06
         777      1.4221     1.42212 6.32219e-06
         778     1.42161     1.42212 6.34855e-06
         779     1.42204     1.42212  6.3413e-06
         780      1.4221     1.42212 6.33325e-06
         781     1.42204     1.42212 6.32596e-06
         782     1.42192     1.42212 6.32314e-06
         783     1.42199     1.42212 6.31742e-06
         784     1.42168     1.42212 6.33407e-06
         785     1.42184     1.42212 6.33631e-06
         786      1.4218     1.42212 6.34117e-06
         787     1.42205     1.42212  6.3337e-06
         788     1.42183     1.42212 6.33661e-06
         789     1.42197     1.42212 6.33138e-06
         790     1.42206     1.42212 6.32388e-06
         791     1.42188     1.42212 6.32307e-06
         792     1.42214     1.42212 6.31516e-06
         793     1.42186     1.42212 6.31595e-06
         794     1.42205     1.42212  6.3087e-06
         795     1.42232     1.42212 6.30573e-06
         796     1.42193     1.42212 6.30256e-06
         797     1.42219     1.42212  6.2952e-06
         798     1.42168     1.42212 6.31165e-06
         799      1.4219     1.42212 6.30955e-06
         800     1.42205     1.42212 6.30232e-06
         801     1.42191     1.42212 6.29993e-06
         802     1.42185     1.42212 6.30093e-06
         803     1.42209     1.42212 6.29321e-06
         804     1.42195     1.42212 6.28874e-06
         805     1.42203     1.42212 6.28185e-06
         806     1.42242     1.42212 6.28547e-06
         807     1.42173     1.42212 6.29661e-06
         808     1.42196     1.42212 6.29184e-06
         809     1.42193     1.42212 6.28816e-06
         810     1.42207     1.42212 6.28063e-06
         811     1.42206     1.42212 6.27336e-06
         812     1.42185     1.42212 6.27455e-06
         813     1.42194     1.42212  6.2707e-06
         814     1.42197     1.42212 6.26575e-06
         815     1.42199     1.42212 6.26016e-06
         816     1.42182     1.42212 6.26274e-06
         817      1.4222     1.42212 6.25588e-06
         818      1.4218     1.42212  6.2599e-06
         819     1.42215     1.42212 6.25243e-06
         820     1.42199     1.42212 6.24676e-06
         821     1.42221     1.42212 6.24017e-06
         822     1.42191     1.42212  6.2377e-06
         823     1.42204     1.42212 6.23082e-06
         824     1.42207     1.42212 6.22346e-06
         825     1.42211     1.42212 6.21592e-06
         826     1.42198     1.42212 6.21054e-06
         827     1.42206     1.42212 6.20334e-06
         828     1.42203     1.42212 6.19674e-06
         829       1.422     1.42212 6.19074e-06
         830     1.42208     1.42212 6.18345e-06
         831     1.42204     1.42212 6.17661e-06
         832     1.42182     1.42212 6.17916e-06
         833     1.42209     1.42212 6.17185e-06
         834     1.42205     1.42211 6.16488e-06
         835     1.42227     1.42212 6.16045e-06
         836     1.42184     1.42211 6.16175e-06
         837     1.42209     1.42211 6.15448e-06
         838     1.42205     1.42211 6.14767e-06
         839     1.42185     1.42211 6.14817e-06
         840     1.42244     1.42211 6.15328e-06
         841     1.42179     1.42211 6.15834e-06
         842     1.42228     1.42211 6.15401e-06
         843     1.42192     1.42211 6.15105e-06
         844     1.42212     1.42211 6.14377e-06
         845     1.42202     1.42211 6.13759e-06
         846     1.42181     1.42211   6.141e-06
         847     1.42231     1.42211 6.13833e-06
         848     1.42171     1.42211 6.14937e-06
         849     1.42204     1.42211 6.14268e-06
         850     1.42222     1.42211 6.13664e-06
         851     1.42203     1.42211 6.13022e-06
         852     1.42198     1.42211 6.12494e-06
         853     1.42232     1.42211 6.12255e-06
         854     1.42202     1.42211 6.11641e-06
         855      1.4224     1.42211 6.11863e-06
         856     1.42224     1.42211 6.11326e-06
         857       1.422     1.42211 6.10761e-06
         858      1.4223     1.42211 6.10432e-06
         859     1.42185     1.42211 6.10516e-06
         860     1.42222     1.42211 6.09936e-06
         861     1.42181     1.42211 6.10219e-06
         862     1.42216     1.42211 6.09538e-06
         863       1.422     1.42211 6.08977e-06
         864     1.42225     1.42211 6.08463e-06
         865     1.42208     1.42211 6.07775e-06
         866     1.42214     1.42211 6.07082e-06
         867     1.42212     1.42211 6.06382e-06
         868     1.42238     1.42211 6.06431e-06
         869      1.4219     1.42211 6.06246e-06
         870     1.42222     1.42211 6.05678e-06
         871     1.42229     1.42211 6.05324e-06
         872      1.4222     1.42211 6.04719e-06
         873     1.42226     1.42211 6.04255e-06
         874      1.4225     1.42211 6.05159e-06
         875     1.42223     1.42211 6.04616e-06
         876      1.4223     1.42212   6.043e-06
         877     1.42222     1.42212 6.03723e-06
         878     1.42226     1.42212 6.03264e-06
         879     1.42217     1.42212 6.02606e-06
         880     1.42235     1.42212 6.02486e-06
         881     1.42193     1.42212 6.02163e-06
         882      1.4222     1.42212 6.01563e-06
         883     1.42221     1.42212 6.00969e-06
         884     1.42213     1.42212 6.00291e-06
         885     1.42222     1.42212 5.99735e-06
         886     1.42208     1.42212 5.99071e-06
         887     1.42215     1.42212  5.9841e-06
         888     1.42209     1.42212 5.97741e-06
         889     1.42217     1.42212 5.97102e-06
         890     1.42244     1.42212  5.9753e-06
         891     1.42174     1.42212 5.98346e-06
         892     1.42248     1.42212 5.99091e-06
         893      1.4221     1.42212 5.98423e-06
         894     1.42251     1.42212 5.99374e-06
         895     1.42186     1.42212 5.99413e-06
         896     1.42224     1.42212   5.989e-06
         897     1.42207     1.42212 5.98259e-06
         898     1.42201     1.42212 5.97709e-06
         899      1.4222     1.42212 5.97119e-06
         900     1.42199     1.42212 5.96611e-06
         901     1.42202     1.42212 5.96051e-06
         902     1.42225     1.42212 5.95569e-06
         903     1.42208     1.42212 5.94925e-06
         904     1.42162     1.42212 5.96769e-06
         905     1.42224     1.42212 5.96259e-06
         906     1.42178     1.42212 5.96766e-06
         907     1.42204     1.42212 5.96164e-06
         908     1.42227     1.42212 5.95762e-06
         909     1.42163     1.42212 5.97492e-06
         910       1.422     1.42211 5.96976e-06
         911     1.42197     1.42211 5.96518e-06
         912      1.4219     1.42211 5.96337e-06
         913     1.42191     1.42211 5.96122e-06
         914     1.42185     1.42211 5.96185e-06
         915     1.42192     1.42211 5.95919e-06
         916     1.42197     1.42211 5.95485e-06
         917     1.42177     1.42211  5.9602e-06
         918      1.4221     1.42211 5.95372e-06
         919     1.42198     1.42211 5.94893e-06
         920      1.4219     1.42211 5.94697e-06
         921     1.42182     1.42211 5.94923e-06
         922     1.42201     1.42211 5.94381e-06
         923     1.42199     1.42211 5.93896e-06
         924     1.42218     1.42211 5.93294e-06
         925     1.42184     1.42211 5.93395e-06
         926     1.42254     1.42211 5.94525e-06
         927      1.4219     1.42211 5.94333e-06
         928     1.42218     1.42211 5.93732e-06
         929     1.42208     1.42211 5.93103e-06
         930     1.42225     1.42211 5.92661e-06
         931     1.42224     1.42211 5.92176e-06
         932     1.42211     1.42211 5.91541e-06
         933     1.42227     1.42211 5.91157e-06
         934      1.4223     1.42211 5.90863e-06
         935      1.4222     1.42211 5.90299e-06
         936     1.42205     1.42211 5.89705e-06
         937      1.4222     1.42211 5.89153e-06
         938     1.42224     1.42211 5.88688e-06
         939     1.42212     1.42211 5.88061e-06
         940     1.42216     1.42211 5.87459e-06
         941     1.42207     1.42211 5.86853e-06
         942     1.42233     1.42211 5.86678e-06
         943     1.42205     1.42211 5.86099e-06
         944     1.42198     1.42211 5.85652e-06
         945     1.42233     1.42211 5.85491e-06
         946     1.42177     1.42211 5.85971e-06
         947     1.42231     1.42211 5.85738e-06
         948     1.42216     1.42211  5.8514e-06
         949     1.42202     1.42211 5.84601e-06
         950     1.42236     1.42211  5.8455e-06
         951     1.42236     1.42211 5.84505e-06
         952     1.42173     1.42211 5.85274e-06
         953      1.4222     1.42211 5.84738e-06
         954     1.42219     1.42211 5.84185e-06
         955     1.42243     1.42211 5.84508e-06
         956     1.42228     1.42211 5.84165e-06
         957     1.42252     1.42211 5.85118e-06
         958     1.42185     1.42211 5.85183e-06
         959     1.42226     1.42211 5.84779e-06
         960     1.42234     1.42211  5.8466e-06
         961     1.42204     1.42211 5.84105e-06
         962     1.42207     1.42211  5.8352e-06
         963     1.42245     1.42211 5.83924e-06
         964     1.42172     1.42211 5.84769e-06
         965     1.42199     1.42211 5.84299e-06
         966     1.42195     1.42211  5.8393e-06
         967     1.42205     1.42211 5.83361e-06
         968     1.42205     1.42211 5.82797e-06
         969     1.42205     1.42211 5.82228e-06
         970     1.42207     1.42211 5.81649e-06
         971     1.42207     1.42211  5.8107e-06
         972     1.42203     1.42211 5.80542e-06
         973     1.42202     1.42211 5.80034e-06
         974     1.42197     1.42211 5.79624e-06
         975     1.42219     1.42211 5.79087e-06
         976     1.42183     1.42211 5.79241e-06
         977     1.42191     1.42211 5.79027e-06
         978     1.42211     1.42211 5.78435e-06
         979     1.42206     1.42211 5.77866e-06
         980     1.42195     1.42211 5.77529e-06
         981     1.42252     1.42211 5.78451e-06
         982     1.42179     1.42211 5.78816e-06
         983     1.42248     1.42211 5.79418e-06
         984     1.42214     1.42211 5.78837e-06
         985     1.42222     1.42211 5.78347e-06
         986     1.42231     1.42211 5.78113e-06
         987     1.42218     1.42211 5.77571e-06
         988     1.42206     1.42211 5.77014e-06
         989     1.42214     1.42211 5.76438e-06
         990     1.42231     1.42211 5.76189e-06
         991     1.42213     1.42211  5.7561e-06
         992     1.42226     1.42211 5.75216e-06
         993     1.42226     1.42211 5.74825e-06
         994     1.42227     1.42211 5.74465e-06
         995      1.4222     1.42211  5.7395e-06
         996     1.42216     1.42211 5.73395e-06
         997     1.42219     1.42211  5.7287e-06
         998      1.4221     1.42211   5.723e-06
         999     1.42233     1.42211  5.7214e-06
        1000       1.422     1.42211  5.7168e-06
        1001     1.42214     1.42211 5.71115e-06
        1002     1.42222     1.42211 5.70634e-06
        1003      1.4219     1.42211 5.70477e-06
        1004     1.42192     1.42211 5.70243e-06
        1005     1.42199     1.42211 5.69803e-06
        1006      1.4221     1.42211 5.69239e-06
        1007     1.42192     1.42211  5.6899e-06
        1008     1.42204     1.42211 5.68479e-06
        1009     1.42204     1.42211 5.67966e-06
        1010     1.42188     1.42211 5.67879e-06
        1011       1.422     1.42211 5.67437e-06
        1012     1.42215     1.42211  5.6689e-06
        1013     1.42192     1.42211 5.66658e-06
        1014     1.42209     1.42211 5.66102e-06
        1015     1.42199     1.42211 5.65684e-06
        1016     1.42182     1.42211 5.65843e-06
        1017      1.4219     1.42211 5.65687e-06
        1018     1.42198     1.42211 5.65281e-06
        1019     1.42212     1.42211 5.64726e-06
        1020     1.42193     1.42211 5.64465e-06
        1021     1.42183     1.42211 5.64599e-06
        1022     1.42218     1.42211 5.64081e-06
        1023     1.42204     1.42211 5.63571e-06
        1024     1.42188     1.42211 5.63493e-06
        1025     1.42227     1.42211 5.63146e-06
        1026     1.42195     1.42211 5.62815e-06
        1027      1.4221     1.42211 5.62268e-06
        1028     1.42203     1.42211 5.61772e-06
        1029      1.4222     1.42211 5.61298e-06
        1030      1.4217     1.42211 5.62192e-06
        1031     1.42202     1.42211 5.61718e-06
        1032     1.42178     1.42211 5.62104e-06
        1033      1.4222     1.42211 5.61631e-06
        1034       1.422     1.42211 5.61199e-06
        1035     1.42204     1.42211 5.60696e-06
        1036     1.42196     1.42211 5.60351e-06
        1037     1.42204     1.42211  5.5985e-06
        1038     1.42202     1.42211 5.59375e-06
        1039      1.4219     1.42211 5.59192e-06
        1040     1.42212     1.42211 5.58656e-06
        1041     1.42192     1.42211 5.58412e-06
        1042     1.42198     1.42211 5.58017e-06
        1043     1.42202     1.42211 5.57551e-06
        1044     1.42201     1.42211 5.57094e-06
        1045     1.42214     1.42211 5.56571e-06
        1046     1.42233     1.42211 5.56429e-06
        1047     1.42201     1.42211 5.55981e-06
        1048     1.42207     1.42211 5.55466e-06
        1049     1.42219     1.42211 5.54985e-06
        1050     1.42221     1.42211 5.54543e-06
        1051     1.42216     1.42211 5.54038e-06
        1052     1.42224     1.42211 5.53658e-06
        1053     1.42223     1.42211 5.53256e-06
        1054     1.42224     1.42211 5.52863e-06
        1055     1.42239     1.42211 5.52963e-06
        1056     1.42218     1.42211  5.5248e-06
        1057     1.42232     1.42211 5.52315e-06
        1058     1.42225     1.42211 5.51954e-06
        1059     1.42222     1.42211 5.51533e-06
        1060     1.42218     1.42211 5.51054e-06
        1061     1.42228     1.42211  5.5076e-06
        1062     1.42247     1.42211 5.51253e-06
        1063     1.42235     1.42211 5.51181e-06
        1064     1.42226     1.42211  5.5083e-06
        1065     1.42252     1.42211 5.51643e-06
        1066     1.42229     1.42211 5.51381e-06
        1067     1.42232     1.42211 5.51206e-06
        1068     1.42224     1.42211 5.50819e-06
        1069     1.42224     1.42211  5.5044e-06
        1070     1.42222     1.42211 5.50009e-06
        1071     1.42222     1.42211 5.49591e-06
        1072     1.42241     1.42211 5.49792e-06
        1073     1.42199     1.42211 5.49398e-06
        1074     1.42242     1.42211 5.49608e-06
        1075     1.42231     1.42211 5.49399e-06
        1076     1.42215     1.42211 5.48901e-06
        1077     1.42217     1.42211 5.48412e-06
        1078     1.42211     1.42211 5.47903e-06
        1079     1.42213     1.42211 5.47399e-06
        1080     1.42203     1.42211 5.46953e-06
        1081     1.42215     1.42211 5.46456e-06
        1082     1.42223     1.42211  5.4605e-06
        1083     1.42205     1.42211 5.45575e-06
        1084     1.42219     1.42211 5.45117e-06
        1085     1.42231     1.42211 5.44906e-06
        1086     1.42192     1.42211 5.44708e-06
        1087     1.42219     1.42211 5.44248e-06
        1088     1.42204     1.42211 5.43792e-06
        1089     1.42251     1.42211 5.44519e-06
        1090     1.42197     1.42211 5.44172e-06
        1091     1.42212     1.42211 5.43673e-06
        1092     1.42225     1.42211 5.43326e-06
        1093     1.42198     1.42211 5.42959e-06
        1094     1.42209     1.42211  5.4247e-06
        1095     1.42225     1.42211 5.42125e-06
        1096     1.42202     1.42211 5.41704e-06
        1097     1.42221     1.42211 5.41281e-06
        1098     1.42209     1.42211 5.40791e-06
        1099     1.42201     1.42211 5.40388e-06
        1100       1.422     1.42211     5.4e-06
        1101     1.42217     1.42211 5.39536e-06
        1102     1.42203     1.42211 5.39105e-06
        1103     1.42205     1.42211 5.38652e-06
        1104     1.42222     1.42211 5.38257e-06
        1105     1.42196     1.42211 5.37943e-06
        1106     1.42206     1.42211 5.37479e-06
        1107     1.42223     1.42211  5.3709e-06
        1108     1.42192     1.42211 5.36893e-06
        1109      1.4222     1.42211 5.36467e-06
        1110     1.42214     1.42211  5.3599e-06
        1111     1.42195     1.42211 5.35716e-06
        1112     1.42228     1.42211 5.35433e-06
        1113      1.4222     1.42211 5.35001e-06
        1114     1.42189     1.42211 5.34914e-06
        1115     1.42209     1.42211  5.3444e-06
        1116      1.4222     1.42211 5.34014e-06
        1117     1.42183     1.42211 5.34124e-06
        1118     1.42209     1.42211  5.3365e-06
        1119     1.42201     1.42211 5.33256e-06
        1120       1.422     1.42211 5.32871e-06
        1121     1.42222     1.42211 5.32487e-06
        1122     1.42199     1.42211  5.3213e-06
        1123     1.42219     1.42211 5.31701e-06
        1124     1.42216     1.42211 5.31242e-06
        1125     1.42214     1.42211 5.30774e-06
        1126     1.42187     1.42211 5.30745e-06
        1127     1.42226     1.42211 5.30441e-06
        1128     1.42175     1.42211 5.30959e-06
        1129     1.42213     1.42211 5.30491e-06
        1130      1.4218     1.42211 5.30733e-06
        1131     1.42221     1.42211 5.30332e-06
        1132     1.42172     1.42211 5.31024e-06
        1133     1.42225     1.42211 5.30698e-06
        1134     1.42185     1.42211 5.30749e-06
        1135     1.42185     1.42211 5.30778e-06
        1136     1.42195     1.42211 5.30504e-06
        1137     1.42176     1.42211 5.30926e-06
        1138      1.4221     1.42211 5.30461e-06
        1139     1.42219     1.42211 5.30044e-06
        1140     1.42212     1.42211  5.2958e-06
        1141     1.42189     1.42211 5.29487e-06
        1142     1.42227     1.42211 5.29212e-06
        1143     1.42201     1.42211  5.2882e-06
        1144     1.42215     1.42211 5.28367e-06
        1145      1.4219     1.42211 5.28223e-06
        1146      1.4221     1.42211 5.27763e-06
        1147      1.4222     1.42211 5.27355e-06
        1148     1.42168     1.42211 5.28231e-06
        1149     1.42219     1.42211 5.27816e-06
        1150     1.42213     1.42211 5.27358e-06
        1151      1.4219     1.42211 5.27229e-06
        1152     1.42234     1.42211 5.27132e-06
        1153     1.42179     1.42211 5.27422e-06
        1154     1.42206     1.42211 5.26987e-06
        1155     1.42201     1.42211   5.266e-06
        1156     1.42212     1.42211 5.26145e-06
        1157     1.42212     1.42211  5.2569e-06
        1158     1.42169     1.42211 5.26467e-06
        1159       1.422     1.42211 5.26106e-06
        1160     1.42219     1.42211 5.25696e-06
        1161     1.42185     1.42211 5.25707e-06
        1162     1.42198     1.42211 5.25367e-06
        1163     1.42213     1.42211 5.24917e-06
        1164     1.42213     1.42211 5.24469e-06
        1165     1.42199     1.42211 5.24115e-06
        1166       1.422     1.42211 5.23751e-06
        1167     1.42176     1.42211 5.24152e-06
        1168     1.42232     1.42211 5.24023e-06
        1169     1.42185     1.42211 5.24054e-06
        1170     1.42223     1.42211 5.23707e-06
        1171      1.4221     1.42211 5.23261e-06
        1172     1.42203     1.42211 5.22855e-06
        1173     1.42199     1.42211 5.22504e-06
        1174     1.42208     1.42211 5.22066e-06
        1175     1.42188     1.42211 5.21978e-06
        1176       1.422     1.42211 5.21611e-06
        1177     1.42211     1.42211 5.21168e-06
        1178     1.42214     1.42211 5.20731e-06
        1179     1.42207     1.42211 5.20303e-06
        1180     1.42194     1.42211 5.20069e-06
        1181     1.42231     1.42211 5.19911e-06
        1182     1.42196     1.42211 5.19628e-06
        1183       1.422     1.42211 5.19277e-06
        1184     1.42186     1.42211 5.19252e-06
        1185     1.42173     1.42211 5.19783e-06
        1186     1.42246     1.42211 5.20201e-06
        1187     1.42159     1.42211 5.21586e-06
        1188     1.42217     1.42211 5.21176e-06
        1189     1.42214     1.42211 5.20744e-06
        1190       1.422     1.42211  5.2039e-06
        1191     1.42197     1.42211 5.20078e-06
        1192     1.42181     1.42211 5.20242e-06
        1193     1.42206     1.42211 5.19821e-06
        1194     1.42209     1.42211 5.19387e-06
        1195     1.42181     1.42211 5.19557e-06
        1196     1.42215     1.42211 5.19135e-06
        1197     1.42218     1.42211 5.18732e-06
        1198     1.42171     1.42211 5.19366e-06
        1199     1.42211     1.42211 5.18933e-06
        1200     1.42209     1.42211 5.18503e-06
        1201     1.42222     1.42211 5.18162e-06
        1202     1.42216     1.42211 5.17747e-06
        1203     1.42203     1.42211 5.17358e-06
        1204     1.42217     1.42211 5.16953e-06
        1205     1.42187     1.42211 5.16914e-06
        1206     1.42213     1.42211 5.16489e-06
        1207     1.42181     1.42211 5.16664e-06
        1208     1.42213     1.42211 5.16239e-06
        1209     1.42195     1.42211  5.1598e-06
        1210     1.42192     1.42211 5.15791e-06
        1211     1.42209     1.42211 5.15368e-06
        1212     1.42221     1.42211 5.15006e-06
        1213     1.42198     1.42211  5.1469e-06
        1214      1.4223     1.42211 5.14513e-06
        1215     1.42197     1.42211 5.14209e-06
        1216     1.42199     1.42211 5.13875e-06
        1217     1.42187     1.42211 5.13812e-06
        1218     1.42193     1.42211 5.13598e-06
        1219     1.42222     1.42211 5.13256e-06
        1220     1.42221     1.42211 5.12898e-06
        1221       1.422     1.42211 5.12555e-06
        1222     1.42196     1.42211  5.1227e-06
        1223     1.42215     1.42211 5.11861e-06
        1224       1.422     1.42211 5.11513e-06
        1225     1.42211     1.42211 5.11096e-06
        1226     1.42216     1.42211 5.10697e-06
        1227     1.42181     1.42211 5.10869e-06
        1228     1.42213     1.42211 5.10456e-06
        1229     1.42225     1.42211  5.1017e-06
        1230      1.4221     1.42211 5.09756e-06
        1231     1.42212     1.42211 5.09342e-06
        1232     1.42247     1.42211 5.09758e-06
        1233     1.42202     1.42211 5.09389e-06
        1234      1.4219     1.42211 5.09258e-06
        1235     1.42226     1.42211 5.09001e-06
        1236     1.42203     1.42211 5.08625e-06
        1237     1.42226     1.42211 5.08362e-06
        1238     1.42202     1.42211 5.07997e-06
        1239     1.42203     1.42211 5.07622e-06
        1240     1.42236     1.42211  5.0761e-06
        1241     1.42208     1.42211 5.07205e-06
        1242     1.42223     1.42211  5.0689e-06
        1243     1.42218     1.42211 5.06514e-06
        1244     1.42204     1.42211 5.06133e-06
        1245     1.42232     1.42211 5.06025e-06
        1246     1.42223     1.42211 5.05719e-06
        1247     1.42226     1.42211 5.05461e-06
        1248     1.42205     1.42211 5.05081e-06
        1249     1.42241     1.42211 5.05275e-06
        1250      1.4219     1.42211 5.05149e-06
        1251     1.42221     1.42211 5.04813e-06
        1252     1.42211     1.42211  5.0441e-06
        1253     1.42233     1.42211 5.04307e-06
        1254      1.4223     1.42211 5.04131e-06
        1255     1.42208     1.42211 5.03733e-06
        1256     1.42247     1.42211 5.04156e-06
        1257     1.42213     1.42211 5.03758e-06
        1258     1.42229     1.42211 5.03563e-06
        1259     1.42244     1.42211 5.03838e-06
        1260     1.42222     1.42211 5.03518e-06
        1261     1.42226     1.42211 5.03259e-06
        1262     1.42218     1.42211 5.02892e-06
        1263      1.4223     1.42211 5.02718e-06
        1264     1.42223     1.42211 5.02416e-06
        1265     1.42222     1.42211 5.02094e-06
        1266     1.42221     1.42211 5.01766e-06
        1267     1.42218     1.42211 5.01401e-06
        1268     1.42247     1.42211 5.01796e-06
        1269     1.42211     1.42211 5.01401e-06
        1270     1.42243     1.42211 5.01652e-06
        1271     1.42221     1.42211 5.01324e-06
        1272     1.42221     1.42211 5.00994e-06
        1273     1.42234     1.42211 5.00923e-06
        1274     1.42226     1.42211 5.00661e-06
        1275     1.42218     1.42211   5.003e-06
        1276     1.42242     1.42211 5.00482e-06
        1277     1.42202     1.42211 5.00136e-06
        1278     1.42247     1.42211  5.0054e-06
        1279     1.42229     1.42211 5.00349e-06
        1280     1.42244     1.42211 5.00617e-06
        1281     1.42218     1.42211 5.00252e-06
        1282     1.42223     1.42211 4.99942e-06
        1283     1.42237     1.42211 4.99968e-06
        1284     1.42219     1.42211 4.99614e-06
        1285     1.42221     1.42211 4.99279e-06
        1286     1.42241     1.42211 4.99428e-06
        1287     1.42205     1.42211 4.99062e-06
        1288     1.42226     1.42211 4.98809e-06
        1289      1.4223     1.42211 4.98646e-06
        1290     1.42218     1.42211 4.98286e-06
        1291     1.42242     1.42211 4.98482e-06
        1292     1.42212     1.42211 4.98096e-06
        1293     1.42263     1.42211 4.99295e-06
        1294      1.4219     1.42211 4.99193e-06
        1295     1.42244     1.42211  4.9946e-06
        1296     1.42215     1.42211 4.99081e-06
        1297     1.42231     1.42211 4.98928e-06
        1298      1.4221     1.42211 4.98544e-06
        1299      1.4221     1.42211 4.98161e-06
        1300     1.42223     1.42211 4.97864e-06
        1301     1.42184     1.42211  4.9793e-06
        1302     1.42225     1.42211 4.97658e-06
        1303     1.42196     1.42211 4.97421e-06
        1304     1.42216     1.42211 4.97054e-06
        1305     1.42235     1.42211 4.96993e-06
        1306     1.42197     1.42211  4.9674e-06
        1307     1.42225     1.42211  4.9647e-06
        1308     1.42235     1.42211 4.96408e-06
        1309     1.42219     1.42211 4.96064e-06
        1310     1.42211     1.42211 4.95686e-06
        1311     1.42218     1.42211 4.95336e-06
        1312     1.42231     1.42211  4.9518e-06
        1313     1.42215     1.42211  4.9481e-06
        1314     1.42238     1.42211 4.94842e-06
        1315     1.42228     1.42211 4.94631e-06
        1316     1.42207     1.42211 4.94266e-06
        1317     1.42218     1.42211 4.93917e-06
        1318     1.42247     1.42211 4.94279e-06
        1319     1.42203     1.42211 4.93946e-06
        1320      1.4223     1.42211 4.93773e-06
        1321     1.42229     1.42211 4.93582e-06
        1322     1.42219     1.42211 4.93243e-06
        1323     1.42223     1.42211 4.92953e-06
        1324     1.42219     1.42211 4.92613e-06
        1325     1.42214     1.42211 4.92245e-06
        1326     1.42229     1.42212 4.92059e-06
        1327     1.42222     1.42212 4.91752e-06
        1328     1.42226     1.42212 4.91504e-06
        1329      1.4222     1.42212 4.91173e-06
        1330     1.42225     1.42212 4.90905e-06
        1331     1.42229     1.42212 4.90705e-06
        1332     1.42225     1.42212 4.90434e-06
        1333      1.4223     1.42212 4.90264e-06
        1334     1.42216     1.42212 4.89909e-06
        1335      1.4223     1.42212 4.89735e-06
        1336     1.42217     1.42212 4.89386e-06
        1337     1.42202     1.42212 4.89078e-06
        1338     1.42217     1.42212 4.88728e-06
        1339      1.4221     1.42212 4.88364e-06
        1340     1.42207     1.42212 4.88012e-06
        1341      1.4224     1.42212 4.88113e-06
        1342     1.42243     1.42212 4.88317e-06
        1343     1.42214     1.42212 4.87956e-06
        1344     1.42232     1.42212 4.87835e-06
        1345     1.42219     1.42212 4.87501e-06
        1346     1.42223     1.42212 4.87218e-06
        1347     1.42197     1.42212 4.86971e-06
        1348     1.42229     1.42212 4.86777e-06
        1349      1.4223     1.42212 4.86606e-06
        1350     1.42241     1.42212 4.86724e-06
        1351     1.42219     1.42212 4.86397e-06
        1352     1.42219     1.42212 4.86068e-06
        1353     1.42204     1.42212 4.85739e-06
        1354     1.42212     1.42212 4.85381e-06
        1355     1.42221     1.42212 4.85074e-06
        1356     1.42213     1.42212 4.84718e-06
        1357     1.42221     1.42212 4.84411e-06
        1358     1.42219     1.42212 4.84083e-06
        1359     1.42232     1.42212 4.83945e-06
        1360      1.4221     1.42212  4.8359e-06
        1361      1.4222     1.42212 4.83275e-06
        1362     1.42215     1.42212 4.82928e-06
        1363     1.42204     1.42212 4.82603e-06
        1364     1.42218     1.42212  4.8227e-06
        1365     1.42205     1.42212 4.81939e-06
        1366     1.42233     1.42212 4.81838e-06
        1367     1.42198     1.42212 4.81584e-06
        1368     1.42191     1.42212 4.81461e-06
        1369     1.42252     1.42212 4.82019e-06
        1370     1.42196     1.42212 4.81799e-06
        1371     1.42225     1.42212 4.81545e-06
        1372     1.42248     1.42212 4.81916e-06
        1373     1.42198     1.42212 4.81672e-06
        1374     1.42213     1.42212 4.81323e-06
        1375     1.42236     1.42212 4.81291e-06
        1376     1.42185     1.42212 4.81321e-06
        1377     1.42224     1.42212 4.81054e-06
        1378     1.42179     1.42212 4.81282e-06
        1379     1.42194     1.42212 4.81115e-06
        1380     1.42214     1.42212 4.80769e-06
        1381     1.42206     1.42212 4.80439e-06
        1382     1.42186     1.42212 4.80447e-06
        1383     1.42224     1.42212 4.80183e-06
        1384     1.42216     1.42212 4.79846e-06
        1385     1.42193     1.42212 4.79698e-06
        1386     1.42216     1.42212 4.79364e-06
        1387     1.42217     1.42212 4.79033e-06
        1388     1.42182     1.42212 4.79151e-06
        1389     1.42187     1.42212 4.79125e-06
        1390     1.42204     1.42212  4.7881e-06
        1391     1.42193     1.42212 4.78664e-06
        1392     1.42215     1.42212 4.78326e-06
        1393     1.42213     1.42212 4.77983e-06
        1394     1.42207     1.42212  4.7765e-06
        1395     1.42225     1.42212 4.77404e-06
        1396     1.42193     1.42212 4.77242e-06
        1397       1.422     1.42212 4.76975e-06
        1398     1.42194     1.42212 4.76803e-06
        1399     1.42202     1.42212 4.76514e-06
        1400     1.42194     1.42212 4.76339e-06
        1401       1.422     1.42212 4.76074e-06
        1402     1.42196     1.42212 4.75868e-06
        1403     1.42218     1.42212 4.75548e-06
        1404     1.42185     1.42212 4.75581e-06
        1405      1.4221     1.42212 4.75243e-06
        1406     1.42184     1.42212 4.75309e-06
        1407     1.42241     1.42212 4.75435e-06
        1408     1.42176     1.42212 4.75766e-06
        1409     1.42247     1.42212 4.76103e-06
        1410     1.42201     1.42212  4.7583e-06
        1411     1.42238     1.42212 4.75848e-06
        1412     1.42205     1.42212 4.75535e-06
        1413     1.42234     1.42212 4.75455e-06
        1414      1.4221     1.42212  4.7512e-06
        1415     1.42202     1.42212 4.74836e-06
        1416     1.42242     1.42212  4.7499e-06
        1417     1.42249     1.42212 4.75386e-06
        1418     1.42225     1.42212 4.75146e-06
        1419     1.42219     1.42212 4.74838e-06
        1420     1.42222     1.42212  4.7456e-06
        1421     1.42255     1.42212 4.75227e-06
        1422     1.42194     1.42212 4.75054e-06
        1423      1.4223     1.42212 4.74896e-06
        1424      1.4224     1.42212 4.74981e-06
        1425     1.42214     1.42212 4.74651e-06
        1426     1.42221     1.42212  4.7436e-06
        1427     1.42225     1.42212 4.74116e-06
        1428     1.42227     1.42212 4.73912e-06
        1429     1.42201     1.42212 4.73645e-06
        1430     1.42227     1.42212 4.73438e-06
        1431     1.42208     1.42212 4.73113e-06
        1432     1.42226     1.42212 4.72891e-06
        1433     1.42209     1.42212 4.72566e-06
        1434     1.42214     1.42212 4.72239e-06
        1435     1.42213     1.42212 4.71912e-06
        1436     1.42203     1.42212 4.71623e-06
        1437     1.42208     1.42212 4.71303e-06
        1438     1.42207     1.42212 4.70985e-06
        1439      1.4221     1.42212 4.70658e-06
        1440     1.42215     1.42212 4.70337e-06
        1441      1.4222     1.42212 4.70041e-06
        1442     1.42196     1.42212 4.69842e-06
        1443     1.42218     1.42212 4.69535e-06
        1444     1.42208     1.42212 4.69217e-06
        1445     1.42194     1.42212 4.69056e-06
        1446     1.42188     1.42212 4.69024e-06
        1447     1.42186     1.42212 4.69035e-06
        1448     1.42211     1.42212 4.68711e-06
        1449     1.42168     1.42212 4.69355e-06
        1450     1.42221     1.42212  4.6908e-06
        1451     1.42222     1.42212 4.68808e-06
        1452     1.42185     1.42212 4.68855e-06
        1453     1.42226     1.42212 4.68641e-06
        1454     1.42223     1.42212 4.68389e-06
        1455      1.4219     1.42212 4.68303e-06
        1456     1.42195     1.42212 4.68123e-06
        1457     1.42218     1.42212 4.67825e-06
        1458     1.42173     1.42212  4.6825e-06
        1459     1.42224     1.42212 4.68008e-06
        1460     1.42175     1.42212 4.68359e-06
        1461     1.42217     1.42212 4.68054e-06
        1462     1.42196     1.42212 4.67861e-06
        1463     1.42186     1.42212 4.67865e-06
        1464      1.4219     1.42212 4.67775e-06
        1465     1.42188     1.42212 4.67729e-06
        1466     1.42202     1.42212 4.67459e-06
        1467     1.42202     1.42212 4.67188e-06
        1468     1.42194     1.42212 4.67031e-06
        1469     1.42186     1.42212 4.67047e-06
        1470     1.42195     1.42212 4.66859e-06
        1471     1.42225     1.42212  4.6663e-06
        1472     1.42204     1.42212 4.66342e-06
        1473     1.42211     1.42212 4.66026e-06
        1474       1.422     1.42212 4.65777e-06
        1475     1.42207     1.42212 4.65469e-06
        1476       1.422     1.42212 4.65225e-06
        1477     1.42207     1.42212 4.64921e-06
        1478     1.42209     1.42212 4.64609e-06
        1479      1.4223     1.42212  4.6447e-06
        1480     1.42165     1.42211 4.65206e-06
        1481     1.42229     1.42211  4.6505e-06
        1482     1.42192     1.42211 4.64913e-06
        1483     1.42217     1.42211 4.64617e-06
        1484     1.42194     1.42211 4.64451e-06
        1485     1.42204     1.42211 4.64162e-06
        1486     1.42201     1.42211 4.63902e-06
        1487       1.422     1.42211 4.63659e-06
        1488     1.42194     1.42211 4.63488e-06
        1489     1.42185     1.42211 4.63514e-06
        1490      1.4222     1.42211 4.63236e-06
        1491     1.42173     1.42211 4.63634e-06
        1492     1.42203     1.42211 4.63358e-06
        1493     1.42205     1.42211 4.63069e-06
        1494     1.42187     1.42211 4.63045e-06
        1495     1.42205     1.42211 4.62755e-06
        1496     1.42195     1.42211 4.62573e-06
        1497     1.42206     1.42211  4.6228e-06
        1498     1.42195     1.42211 4.62102e-06
        1499      1.4222     1.42211  4.6183e-06
        1500     1.42196     1.42211 4.61634e-06
        1501     1.42194     1.42211 4.61474e-06
        1502     1.42193     1.42211  4.6132e-06
        1503     1.42199     1.42211  4.6109e-06
        1504     1.42191     1.42211 4.60981e-06
        1505     1.42187     1.42211 4.60969e-06
        1506     1.42197     1.42211 4.60761e-06
        1507     1.42209     1.42211 4.60458e-06
        1508     1.42182     1.42211 4.60565e-06
        1509      1.4219     1.42211 4.60468e-06
        1510     1.42203     1.42211 4.60197e-06
        1511     1.42193     1.42211 4.60042e-06
        1512     1.42198     1.42211 4.59818e-06
        1513     1.42191     1.42211 4.59712e-06
        1514     1.42193     1.42211  4.5956e-06
        1515     1.42188     1.42211 4.59511e-06
        1516     1.42189     1.42211 4.59433e-06
        1517     1.42192     1.42211 4.59309e-06
        1518     1.42193     1.42211 4.59167e-06
        1519     1.42216     1.42211 4.58875e-06
        1520     1.42219     1.42211   4.586e-06
        1521     1.42206     1.42211 4.58309e-06
        1522     1.42211     1.42211 4.58008e-06
        1523     1.42212     1.42211 4.57708e-06
        1524     1.42213     1.42211 4.57409e-06
        1525     1.42179     1.42211  4.5758e-06
        1526     1.42193     1.42211 4.57436e-06
        1527     1.42207     1.42211 4.57145e-06
        1528       1.422     1.42211 4.56904e-06
        1529     1.42197     1.42211 4.56694e-06
        1530     1.42202     1.42211 4.56435e-06
        1531     1.42208     1.42211 4.56142e-06
        1532     1.42201     1.42211 4.55892e-06
        1533     1.42213     1.42211 4.55595e-06
        1534     1.42213     1.42211   4.553e-06
        1535     1.42222     1.42211 4.55063e-06
        1536     1.42197     1.42211 4.54862e-06
        1537     1.42212     1.42211 4.54567e-06
        1538     1.42212     1.42211 4.54272e-06
        1539      1.4218     1.42211 4.54412e-06
        1540     1.42217     1.42211 4.54131e-06
        1541     1.42195     1.42211 4.53949e-06
        1542     1.42215     1.42211 4.53663e-06
        1543     1.42183     1.42211 4.53731e-06
        1544      1.4221     1.42211 4.53437e-06
        1545     1.42185     1.42211 4.53462e-06
        1546      1.4221     1.42211 4.53169e-06
        1547     1.42205     1.42211 4.52891e-06
        1548     1.42219     1.42211  4.5263e-06
        1549     1.42177     1.42211  4.5287e-06
        1550     1.42203     1.42211  4.5261e-06
        1551      1.4221     1.42211 4.52319e-06
        1552       1.422     1.42211 4.52081e-06
        1553     1.42197     1.42211 4.51881e-06
        1554     1.42201     1.42211 4.51632e-06
        1555     1.42194     1.42211 4.51472e-06
        1556     1.42223     1.42211 4.51251e-06
        1557     1.42179     1.42211 4.51425e-06
        1558     1.42228     1.42211 4.51275e-06
        1559     1.42179     1.42211 4.51441e-06
        1560     1.42228     1.42211  4.5129e-06
        1561     1.42172     1.42211 4.51707e-06
        1562     1.42219     1.42211 4.51445e-06
        1563     1.42186     1.42211 4.51432e-06
        1564     1.42212     1.42211 4.51144e-06
        1565      1.4218     1.42211 4.51288e-06
        1566     1.42252     1.42211 4.51748e-06
        1567     1.42208     1.42211 4.51464e-06
        1568     1.42221     1.42211 4.51218e-06
        1569     1.42237     1.42211 4.51226e-06
        1570     1.42232     1.42211 4.51141e-06
        1571     1.42227     1.42211 4.50965e-06
        1572     1.42219     1.42211 4.50705e-06
        1573     1.42227     1.42211  4.5054e-06
        1574     1.42214     1.42211 4.50258e-06
        1575     1.42201     1.42211 4.50021e-06
        1576     1.42215     1.42211 4.49741e-06
        1577     1.42188     1.42211 4.49698e-06
        1578     1.42212     1.42211 4.49413e-06
        1579     1.42213     1.42211  4.4913e-06
        1580     1.42188     1.42211 4.49074e-06
        1581     1.42224     1.42211 4.48868e-06
        1582     1.42199     1.42211 4.48644e-06
        1583      1.4222     1.42211 4.48395e-06
        1584     1.42218     1.42211 4.48132e-06
        1585     1.42194     1.42211  4.4798e-06
        1586     1.42203     1.42211 4.47723e-06
        1587       1.422     1.42211 4.47493e-06
        1588     1.42191     1.42211  4.4739e-06
        1589     1.42197     1.42211 4.47189e-06
        1590     1.42202     1.42211 4.46941e-06
        1591     1.42192     1.42211 4.46814e-06
        1592     1.42209     1.42211 4.46534e-06
        1593     1.42189     1.42211  4.4647e-06
        1594     1.42217     1.42211 4.46207e-06
        1595     1.42197     1.42211 4.46016e-06
        1596     1.42222     1.42211 4.45791e-06
        1597     1.42191     1.42211  4.4568e-06
        1598     1.42185     1.42211 4.45699e-06
        1599     1.42202     1.42211 4.45455e-06
        1600     1.42212     1.42211 4.45177e-06
        1601     1.42193     1.42211 4.45031e-06
        1602       1.422     1.42211 4.44808e-06
        1603     1.42216     1.42211 4.44543e-06
        1604     1.42209     1.42211 4.44268e-06
        1605     1.42213     1.42211 4.43994e-06
        1606     1.42191     1.42211 4.43884e-06
        1607     1.42212     1.42211 4.43608e-06
        1608     1.42186     1.42211 4.43601e-06
        1609     1.42185     1.42211 4.43605e-06
        1610     1.42199     1.42211 4.43386e-06
        1611       1.422     1.42211 4.43158e-06
        1612     1.42209     1.42211 4.42884e-06
        1613     1.42215     1.42211 4.42617e-06
        1614     1.42213     1.42211 4.42346e-06
        1615     1.42208     1.42211 4.42075e-06
        1616     1.42206     1.42211  4.4181e-06
        1617     1.42182     1.42211 4.41888e-06
        1618     1.42198     1.42211  4.4168e-06
        1619     1.42199     1.42211 4.41465e-06
        1620       1.422     1.42211 4.41241e-06
        1621     1.42195     1.42211 4.41076e-06
        1622     1.42195     1.42211 4.40918e-06
        1623     1.42223     1.42211 4.40712e-06
        1624     1.42176     1.42211 4.40967e-06
        1625     1.42208     1.42211 4.40699e-06
        1626     1.42183     1.42211 4.40756e-06
        1627     1.42182     1.42211 4.40848e-06
        1628     1.42211     1.42211 4.40578e-06
        1629     1.42163     1.42211 4.41285e-06
        1630     1.42194     1.42211 4.41128e-06
        1631     1.42184     1.42211 4.41153e-06
        1632     1.42174     1.42211  4.4146e-06
        1633     1.42203     1.42211 4.41211e-06
        1634     1.42193     1.42211 4.41075e-06
        1635     1.42201     1.42211 4.40845e-06
        1636      1.4219     1.42211 4.40751e-06
        1637     1.42225     1.42211 4.40566e-06
        1638     1.42183     1.42211 4.40611e-06
        1639     1.42186     1.42211 4.40596e-06
        1640     1.42191     1.42211 4.40487e-06
        1641     1.42202     1.42211 4.40252e-06
        1642     1.42202     1.42211 4.40014e-06
        1643     1.42213     1.42211  4.3975e-06
        1644     1.42196     1.42211 4.39573e-06
        1645      1.4219      1.4221  4.3949e-06
        1646     1.42208      1.4221 4.39226e-06
        1647     1.42181      1.4221 4.39314e-06
        1648     1.42206      1.4221 4.39055e-06
        1649     1.42222      1.4221 4.38848e-06
        1650     1.42183      1.4221  4.3891e-06
        1651     1.42193      1.4221 4.38768e-06
        1652     1.42216      1.4221 4.38516e-06
        1653     1.42201      1.4221 4.38285e-06
        1654     1.42199      1.4221 4.38074e-06
        1655     1.42208      1.4221 4.37812e-06
        1656     1.42213      1.4221  4.3755e-06
        1657     1.42186      1.4221 4.37537e-06
        1658      1.4223      1.4221 4.37429e-06
        1659     1.42179      1.4221 4.37586e-06
        1660     1.42199      1.4221 4.37376e-06
        1661     1.42193      1.4221 4.37243e-06
        1662     1.42206      1.4221 4.36988e-06
        1663     1.42177      1.4221  4.3719e-06
        1664     1.42213      1.4221  4.3693e-06
        1665     1.42196      1.4221 4.36753e-06
        1666     1.42211      1.4221 4.36491e-06
        1667     1.42202      1.4221 4.36256e-06
        1668     1.42203      1.4221  4.3602e-06
        1669     1.42178      1.4221 4.36177e-06
        1670     1.42194      1.4221 4.36026e-06
        1671     1.42186      1.4221 4.36007e-06
        1672     1.42201      1.4221 4.35781e-06
        1673     1.42198      1.4221 4.35582e-06
        1674     1.42187      1.4221 4.35548e-06
        1675      1.4221      1.4221 4.35288e-06
        1676     1.42192      1.4221 4.35167e-06
        1677      1.4219      1.4221 4.35077e-06
        1678     1.42201      1.4221 4.34855e-06
        1679     1.42218      1.4221 4.34622e-06
        1680     1.42196      1.4221  4.3445e-06
        1681     1.42206      1.4221   4.342e-06
        1682     1.42223      1.4221  4.3401e-06
        1683     1.42213      1.4221 4.33755e-06
        1684     1.42205      1.4221 4.33508e-06
        1685     1.42211      1.4221 4.33251e-06
        1686     1.42219      1.4221 4.33024e-06
        1687     1.42187      1.4221 4.32984e-06
        1688     1.42202      1.4221 4.32755e-06
        1689     1.42204      1.4221 4.32517e-06
        1690     1.42218      1.4221 4.32282e-06
        1691     1.42198      1.4221 4.32086e-06
        1692     1.42219      1.4221 4.31861e-06
        1693     1.42225      1.4221 4.31694e-06
        1694     1.42223      1.4221  4.3151e-06
        1695     1.42231      1.4221 4.31427e-06
        1696     1.42223      1.4221 4.31239e-06
        1697     1.42236      1.4221  4.3125e-06
        1698     1.42205      1.4221 4.31006e-06
        1699     1.42225      1.4221 4.30842e-06
        1700     1.42217      1.4221 4.30605e-06
        1701     1.42199      1.4221 4.30404e-06
        1702     1.42233      1.4221 4.30365e-06
        1703     1.42193      1.4221 4.30238e-06
        1704     1.42221      1.4221  4.3003e-06
        1705       1.422      1.4221  4.2982e-06
        1706     1.42216      1.4221 4.29581e-06
        1707     1.42218      1.4221 4.29351e-06
        1708     1.42233      1.4221 4.29298e-06
        1709     1.42209      1.4221 4.29048e-06
        1710     1.42211      1.4221 4.28797e-06
        1711     1.42251      1.4221 4.29205e-06
        1712     1.42183      1.4221 4.29251e-06
        1713     1.42226      1.4221 4.29103e-06
        1714     1.42202      1.4221 4.28881e-06
        1715     1.42218      1.4221 4.28652e-06
        1716     1.42211      1.4221 4.28403e-06
        1717     1.42195      1.4221 4.28245e-06
        1718     1.42197      1.4221 4.28066e-06
        1719     1.42204      1.4221 4.27834e-06
        1720      1.4221      1.4221 4.27586e-06
        1721     1.42219      1.4221 4.27366e-06
        1722     1.42202      1.4221 4.27144e-06
        1723     1.42212      1.4221 4.26897e-06
        1724     1.42184      1.4221 4.26914e-06
        1725     1.42228      1.4221 4.26793e-06
        1726     1.42194      1.4221 4.26652e-06
        1727     1.42223      1.4221 4.26472e-06
        1728     1.42216      1.4221 4.26237e-06
        1729     1.42215      1.4221 4.25999e-06
        1730     1.42227      1.4221 4.25864e-06
        1731     1.42215      1.4221 4.25625e-06
        1732      1.4222      1.4221 4.25414e-06
        1733     1.42222      1.4221 4.25226e-06
        1734     1.42232      1.4221 4.25158e-06
        1735     1.42217      1.4221 4.24928e-06
        1736     1.42239      1.4221 4.24993e-06
        1737     1.42213      1.4221 4.24751e-06
        1738     1.42241      1.4221 4.24868e-06
        1739     1.42229      1.4221 4.24759e-06
        1740      1.4222      1.4221 4.24553e-06
        1741     1.42218      1.4221 4.24332e-06
        1742     1.42226      1.4221 4.24185e-06
        1743     1.42213      1.4221 4.23945e-06
        1744     1.42221      1.4221 4.23747e-06
        1745     1.42207      1.4221 4.23508e-06
        1746     1.42229      1.4221   4.234e-06
        1747     1.42193      1.4221 4.23272e-06
        1748     1.42192      1.4221 4.23159e-06
        1749     1.42226      1.4221 4.23017e-06
        1750     1.42177      1.4221 4.23218e-06
        1751     1.42233      1.4221 4.23171e-06
        1752     1.42197      1.4221    4.23e-06
        1753      1.4222      1.4221 4.22791e-06
        1754     1.42201      1.4221 4.22586e-06
        1755     1.42193      1.4221 4.22459e-06
        1756     1.42225      1.4221 4.22303e-06
        1757     1.42216      1.4221 4.22075e-06
        1758     1.42218      1.4221 4.21854e-06
        1759      1.4222      1.4221 4.21648e-06
        1760     1.42211      1.4221 4.21409e-06
        1761     1.42204      1.4221 4.21186e-06
        1762     1.42225      1.4221 4.21032e-06
        1763      1.4223      1.4221 4.20935e-06
        1764     1.42203      1.4221 4.20718e-06
        1765     1.42224      1.4221 4.20548e-06
        1766     1.42206      1.4221 4.20316e-06
        1767      1.4222      1.4221  4.2011e-06
        1768     1.42229      1.4221 4.20002e-06
        1769     1.42209      1.4221 4.19766e-06
        1770     1.42218      1.4221 4.19549e-06
        1771     1.42213      1.4221 4.19315e-06
        1772     1.42212      1.4221 4.19079e-06
        1773     1.42228      1.4221 4.18956e-06
        1774     1.42184      1.4221 4.18977e-06
        1775     1.42222      1.4221 4.18796e-06
        1776     1.42224      1.4221 4.18624e-06
        1777     1.42215      1.4221 4.18395e-06
        1778     1.42206      1.4221 4.18166e-06
        1779     1.42223      1.4221 4.17994e-06
        1780      1.4223      1.4221 4.17902e-06
        1781     1.42224     1.42211 4.17738e-06
        1782     1.42237     1.42211 4.17776e-06
        1783     1.42206     1.42211 4.17548e-06
        1784     1.42215     1.42211 4.17322e-06
        1785     1.42219     1.42211 4.17113e-06
        1786     1.42225     1.42211 4.16957e-06
        1787     1.42203     1.42211 4.16747e-06
        1788     1.42216     1.42211 4.16526e-06
        1789     1.42223     1.42211 4.16355e-06
        1790     1.42199     1.42211 4.16168e-06
        1791     1.42231     1.42211 4.16096e-06
        1792     1.42215     1.42211 4.15872e-06
        1793     1.42209     1.42211  4.1564e-06
        1794     1.42223     1.42211 4.15468e-06
        1795     1.42186     1.42211 4.15454e-06
        1796     1.42224     1.42211 4.15294e-06
        1797      1.4219     1.42211 4.15221e-06
        1798     1.42204     1.42211 4.15006e-06
        1799     1.42232     1.42211 4.14941e-06
        1800      1.4222     1.42211 4.14742e-06
        1801     1.42239     1.42211 4.14812e-06
        1802     1.42228     1.42211 4.14694e-06
        1803     1.42215     1.42211  4.1447e-06
        1804      1.4224     1.42211 4.14551e-06
        1805     1.42198     1.42211 4.14377e-06
        1806     1.42212     1.42211 4.14148e-06
        1807     1.42218     1.42211 4.13939e-06
        1808     1.42209     1.42211 4.13712e-06
        1809     1.42219     1.42211  4.1351e-06
        1810     1.42234     1.42211  4.1349e-06
        1811     1.42213     1.42211 4.13264e-06
        1812     1.42233     1.42211 4.13215e-06
        1813     1.42211     1.42211 4.12987e-06
        1814     1.42248     1.42211 4.13286e-06
        1815     1.42209     1.42211 4.13059e-06
        1816     1.42211     1.42211 4.12832e-06
        1817     1.42213     1.42211 4.12607e-06
        1818     1.42237     1.42211 4.12632e-06
        1819      1.4221     1.42211 4.12406e-06
        1820     1.42234     1.42211 4.12385e-06
        1821     1.42218     1.42211 4.12179e-06
        1822     1.42232     1.42211 4.12117e-06
        1823     1.42224     1.42211 4.11954e-06
        1824      1.4223     1.42211 4.11863e-06
        1825     1.42237     1.42211 4.11886e-06
        1826     1.42215     1.42211 4.11666e-06
        1827     1.42234     1.42211 4.11637e-06
        1828     1.42231     1.42211 4.11564e-06
        1829     1.42207     1.42211 4.11344e-06
        1830     1.42226     1.42211   4.112e-06
        1831     1.42217     1.42211 4.10988e-06
        1832     1.42236     1.42211 4.10986e-06
        1833     1.42213     1.42211 4.10764e-06
        1834     1.42214     1.42211 4.10544e-06
        1835     1.42218     1.42211 4.10341e-06
        1836     1.42223     1.42211 4.10167e-06
        1837     1.42217     1.42211  4.0996e-06
        1838     1.42211     1.42211 4.09737e-06
        1839     1.42215     1.42211  4.0952e-06
        1840     1.42227     1.42211  4.0939e-06
        1841     1.42212     1.42211 4.09168e-06
        1842      1.4222     1.42211 4.08974e-06
        1843     1.42202     1.42211 4.08778e-06
        1844     1.42227     1.42211 4.08647e-06
        1845     1.42219     1.42211 4.08451e-06
        1846     1.42207     1.42211 4.08236e-06
        1847     1.42226     1.42211 4.08102e-06
        1848     1.42225     1.42211 4.07956e-06
        1849     1.42197     1.42211 4.07799e-06
        1850     1.42233     1.42211 4.07758e-06
        1851     1.42202     1.42211 4.07565e-06
        1852     1.42228     1.42211 4.07452e-06
        1853     1.42217     1.42211 4.07246e-06
        1854     1.42253     1.42211 4.07649e-06
        1855     1.42203     1.42211 4.07453e-06
        1856     1.42233     1.42211 4.07411e-06
        1857     1.42231     1.42211 4.07339e-06
        1858      1.4219     1.42211 4.07277e-06
        1859     1.42238     1.42211 4.07312e-06
        1860     1.42198     1.42211 4.07149e-06
        1861     1.42221     1.42211  4.0697e-06
        1862      1.4222     1.42211 4.06781e-06
        1863     1.42249     1.42211  4.0709e-06
        1864      1.4221     1.42211 4.06872e-06
        1865     1.42213     1.42211 4.06655e-06
        1866     1.42227     1.42211 4.06529e-06
        1867     1.42206     1.42211 4.06319e-06
        1868      1.4223     1.42211 4.06231e-06
        1869     1.42223     1.42211 4.06062e-06
        1870     1.42236     1.42211  4.0607e-06
        1871     1.42213     1.42211 4.05855e-06
        1872     1.42225     1.42211  4.0571e-06
        1873     1.42201     1.42211 4.05527e-06
        1874     1.42201     1.42211 4.05342e-06
        1875     1.42245     1.42211  4.0554e-06
        1876     1.42187     1.42211 4.05524e-06
        1877     1.42217     1.42211 4.05321e-06
        1878     1.42213     1.42211 4.05106e-06
        1879     1.42218     1.42211  4.0491e-06
        1880     1.42224     1.42211  4.0475e-06
        1881     1.42224     1.42211 4.04597e-06
        1882     1.42237     1.42211 4.04622e-06
        1883     1.42208     1.42211 4.04409e-06
        1884     1.42232     1.42211 4.04348e-06
        1885     1.42207     1.42211 4.04139e-06
        1886     1.42228     1.42211 4.04023e-06
        1887     1.42213     1.42211 4.03811e-06
        1888       1.422     1.42211 4.03638e-06
        1889     1.42229     1.42211 4.03534e-06
        1890     1.42198     1.42211 4.03382e-06
        1891     1.42243     1.42211 4.03522e-06
        1892     1.42202     1.42211 4.03339e-06
        1893       1.422     1.42211 4.03168e-06
        1894     1.42213     1.42211 4.02957e-06
        1895      1.4222     1.42211  4.0277e-06
        1896     1.42192     1.42211 4.02688e-06
        1897     1.42205     1.42211  4.0249e-06
        1898     1.42217     1.42211 4.02291e-06
        1899     1.42188     1.42211 4.02263e-06
        1900     1.42191     1.42211 4.02192e-06
        1901     1.42192     1.42211 4.02108e-06
        1902     1.42183     1.42211 4.02171e-06
        1903     1.42197     1.42211 4.02029e-06
        1904       1.422     1.42211 4.01859e-06
        1905     1.42186     1.42211 4.01856e-06
        1906     1.42197     1.42211 4.01708e-06
        1907     1.42187     1.42211 4.01696e-06
        1908     1.42195     1.42211 4.01576e-06
        1909     1.42186     1.42211 4.01569e-06
        1910     1.42208     1.42211 4.01363e-06
        1911     1.42221     1.42211 4.01185e-06
        1912     1.42197     1.42211 4.01045e-06
        1913     1.42215     1.42211 4.00842e-06
        1914     1.42194     1.42211 4.00731e-06
        1915     1.42209     1.42211 4.00524e-06
        1916     1.42184     1.42211 4.00553e-06
        1917     1.42225     1.42211 4.00415e-06
        1918     1.42177     1.42211 4.00599e-06
        1919     1.42199     1.42211 4.00435e-06
        1920     1.42224     1.42211 4.00284e-06
        1921     1.42206     1.42211 4.00085e-06
        1922     1.42209     1.42211 3.99878e-06
        1923     1.42232     1.42211 3.99819e-06
        1924     1.42195     1.42211   3.997e-06
        1925     1.42214     1.42211 3.99495e-06
        1926     1.42197     1.42211 3.99348e-06
        1927     1.42207     1.42211 3.99147e-06
        1928     1.42209     1.42211 3.98941e-06
        1929     1.42209     1.42211 3.98735e-06
        1930     1.42191     1.42211 3.98659e-06
        1931      1.4221     1.42211 3.98452e-06
        1932     1.42183     1.42211 3.98498e-06
        1933     1.42222     1.42211 3.98336e-06
        1934     1.42216     1.42211 3.98139e-06
        1935     1.42196     1.42211 3.98004e-06
        1936     1.42203     1.42211 3.97819e-06
        1937     1.42196     1.42211 3.97688e-06
        1938     1.42206     1.42211 3.97489e-06
        1939     1.42184     1.42211 3.97525e-06
        1940     1.42216     1.42211 3.97329e-06
        1941     1.42196     1.42211 3.97198e-06
        1942     1.42218     1.42211 3.97013e-06
        1943     1.42203     1.42211 3.96829e-06
        1944     1.42182     1.42211 3.96898e-06
        1945     1.42213     1.42211 3.96697e-06
        1946     1.42192     1.42211 3.96604e-06
        1947     1.42184     1.42211 3.96636e-06
        1948     1.42191     1.42211 3.96556e-06
        1949     1.42203     1.42211 3.96373e-06
        1950      1.4219     1.42211 3.96311e-06
        1951     1.42166     1.42211 3.96764e-06
        1952      1.4221     1.42211 3.96561e-06
        1953     1.42171     1.42211 3.96877e-06
        1954     1.42199     1.42211 3.96717e-06
        1955     1.42173     1.42211  3.9697e-06
        1956     1.42184     1.42211 3.96999e-06
        1957     1.42191     1.42211 3.96921e-06
        1958       1.422     1.42211 3.96752e-06
        1959      1.4217     1.42211 3.97093e-06
        1960     1.42191     1.42211 3.97015e-06
        1961     1.42209     1.42211 3.96813e-06
        1962     1.42196     1.42211 3.96677e-06
        1963     1.42171     1.42211  3.9698e-06
        1964     1.42211     1.42211 3.96778e-06
        1965     1.42177     1.42211 3.96949e-06
        1966     1.42218     1.42211 3.96763e-06
        1967     1.42179     1.42211 3.96892e-06
        1968     1.42216     1.42211 3.96701e-06
        1969     1.42211     1.42211 3.96499e-06
        1970       1.422     1.42211 3.96334e-06
        1971     1.42205     1.42211 3.96144e-06
        1972     1.42203     1.42211 3.95959e-06
        1973     1.42193     1.42211 3.95858e-06
        1974     1.42231     1.42211 3.95791e-06
        1975     1.42203     1.42211 3.95607e-06
        1976      1.4222     1.42211 3.95433e-06
        1977     1.42217     1.42211 3.95246e-06
        1978     1.42227     1.42211 3.95138e-06
        1979     1.42214     1.42211 3.94944e-06
        1980     1.42215     1.42211 3.94751e-06
        1981     1.42222     1.42211 3.94598e-06
        1982     1.42209     1.42211 3.94399e-06
        1983     1.42211     1.42211   3.942e-06
        1984     1.42217     1.42211 3.94014e-06
        1985     1.42197     1.42211 3.93871e-06
        1986      1.4222     1.42211 3.93704e-06
        1987     1.42207     1.42211 3.93509e-06
        1988      1.4224     1.42211 3.93597e-06
        1989     1.42205     1.42211 3.93407e-06
        1990     1.42217     1.42211 3.93223e-06
        1991      1.4223     1.42211 3.93143e-06
        1992     1.42208     1.42211 3.92948e-06
        1993     1.42226     1.42211 3.92826e-06
        1994     1.42205     1.42211  3.9264e-06
        1995     1.42228     1.42211 3.92539e-06
        1996     1.42194     1.42211 3.92431e-06
        1997     1.42241     1.42211 3.92531e-06
        1998     1.42226     1.42211 3.92407e-06
        1999     1.42232     1.42211 3.92361e-06
        2000     1.42227     1.42211 3.92256e-06
