#     GENERATION:   L1:   BEST HALF <L1>:
           0     32.2151     39.8954
           1     31.6063     36.9492
           2     29.8562     35.5195
           3     29.6061     33.0184
           4     26.8639     31.3293
           5     26.8639     29.6466
           6     24.0804     28.6179
           7     24.0804     27.6131
           8     24.0804      26.671
           9     21.8943     25.3024
          10      21.424      24.748
          11     21.2047     23.5834
          12     21.2047     22.8446
          13     21.2047     22.3962
          14      20.632     21.5256
          15     19.4796     21.2682
          16     19.2602       21.01
          17     18.2803     20.4464
          18     18.2803      19.658
          19     18.1233      19.079
          20     18.1233     18.8641
          21     18.1233     18.5736
          22     17.8667      18.254
          23     17.8325     18.0969
          24      17.562     17.9961
          25     17.2481     17.8606
          26     17.2481     17.6117
          27     15.5359     17.4985
          28     15.5359     17.1819
          29     15.5359     16.6266
          30     15.2922      16.053
          31     15.2922     15.9523
          32     15.2922     15.5792
          33     15.2255      15.405
          34     15.2255     15.3564
          35     15.2255     15.3054
          36     14.8898     15.2922
          37     14.5154     15.2953
          38      14.113     15.0838
          39      14.113     14.8518
          40      14.113     14.9197
          41     14.1028      14.797
          42     14.1028      14.506
          43     14.1028     14.3764
          44     13.9549     14.4372
          45     13.9549     14.3688
          46     13.9549     14.0718
          47     13.9549     14.0263
          48     13.9549     13.9726
          49     13.9549     13.9549
          50     13.5582      13.947
          51     13.5582     13.9231
          52     13.5434     13.8038
          53     13.5434     13.6369
          54     13.5434      13.554
          55     13.5434     13.5508
          56     13.5434     13.5499
          57     13.0623     13.5425
          58     13.0623     13.5237
          59     13.0623     13.3816
          60     13.0623     13.2583
          61     13.0476     13.1748
          62     13.0476     13.0718
          63     13.0476     13.0579
          64     13.0476     13.0541
          65     13.0476     13.0517
          66     12.2714     13.0297
          67     12.2714     12.9436
          68     12.2714     12.7044
          69     12.2714     12.6352
          70      12.256     12.3466
          71      12.256      12.268
          72      12.256     12.2637
          73      12.256     12.2624
          74      12.256     12.4419
          75      12.256     12.5913
          76      12.256     12.2938
          77     11.9528     12.2598
          78     11.9528     12.2199
          79     11.4791     12.1607
          80     11.4791     11.9813
          81     10.5762     11.7969
          82     10.5762     11.4144
          83     10.1421     10.9705
          84     10.1421     10.6798
          85     10.1421     10.4649
          86     10.1421     10.2984
          87     10.1421     10.2028
          88     10.1421     10.1855
          89     10.1421     10.1421
          90     10.1421     10.1421
          91     10.1421     10.1421
          92     10.1421     10.1421
          93     10.1421     10.1421
          94     10.1421     10.1421
          95     10.1421     10.1421
          96     10.1421     10.1421
          97     10.1421     10.1421
          98     10.1421     10.1421
          99     10.1421     10.1421
         100     10.1421     10.1421
         101     10.0657     10.1405
         102     10.0657     10.1391
         103     10.0657     10.1303
         104     9.99612     10.1104
         105     9.99612     10.0882
         106     7.05197     9.98651
         107     6.97561     9.49653
         108     6.97561     7.97526
         109     6.95142     7.49659
         110     6.87506     6.97133
         111     6.87506     6.94124
         112     6.87506     6.91302
         113     6.87506      6.8827
         114     6.87506     6.87506
         115     6.87506     6.87506
         116     6.87506     6.87506
         117     6.87506     6.87506
         118     6.87506     6.87506
         119     6.87506     6.87506
         120     6.87506     6.87506
         121     6.87506     6.87506
         122     6.87506     6.87506
         123     6.87506     6.87506
         124     6.87506     6.87506
         125     6.87506     6.87506
         126     6.87506     6.87506
         127     6.87506     6.87506
         128     6.87506     6.87506
         129     6.87506     6.87506
         130     6.87506     6.87506
         131     6.87506     6.87506
         132     6.87506     6.87506
         133     6.87506     6.87506
         134     6.87506     6.87506
         135     6.87506     6.87506
         136     6.87506     6.87506
         137     6.87506     6.87506
         138     6.87506     6.87506
         139     6.87506     6.87506
         140     6.87506     6.87506
         141     6.87506     6.87506
         142     6.87506     6.87506
         143     6.87506     6.87506
         144     6.87506     6.87506
         145     6.87506     6.87506
         146     6.87506     6.87506
         147     6.87506     6.95743
         148     6.87506     6.89098
         149     6.87506     6.87506
         150     6.87506     6.87506
         151     6.87506     6.87506
         152     6.87506     6.87506
         153     6.85989     6.87475
         154     6.85989     6.87202
         155     6.62914     6.86377
         156     6.62914     6.80414
         157     6.62914     6.71682
         158     6.62914     6.66606
         159     6.62914     6.62953
         160     6.62914     6.62914
         161     6.62914     6.62914
         162     6.62914     6.62914
         163     6.62914     6.62914
         164     6.62914     6.62914
         165     6.62914     6.62914
         166     6.62914     6.62914
         167     6.62914     6.62914
         168     6.62914     6.62914
         169     6.62914     6.62914
         170     6.62914     6.62914
         171     6.62914     6.62914
         172     6.62914     6.62914
         173     6.32383     6.62303
         174     6.32383     6.59861
         175     6.32383     6.55586
         176     6.32383     6.45816
         177     6.32383      6.3971
         178     6.32383     6.32956
         179     6.32383     6.32383
         180     6.32383     6.33108
         181     6.32383     6.35346
         182     6.32383     6.32383
         183     6.32383     6.32383
         184     6.32383     6.32383
         185     6.32383     6.32383
         186     6.32383     6.32383
         187     6.32383     6.32383
         188     6.32383     6.32383
         189     6.32383     6.32383
         190     6.32383     6.32383
         191     6.32383     6.32383
         192     6.32383     6.32383
         193     6.32383     6.32383
         194     6.32383     6.32383
         195     6.32383     6.32383
         196     6.32383     6.32383
         197     6.32383     6.32383
         198     6.32383     6.32383
         199     6.32383     6.32938
         200     6.32383     6.33518
         201     6.32383     6.32383
         202     6.32383     6.32383
         203     6.32383     6.32383
         204     6.32383     6.32383
         205     6.32383     6.32383
         206     6.32383     6.32383
         207     6.32383     6.32383
         208     6.32383     6.32383
         209     6.32383     6.32383
         210     6.30636     6.32348
         211     6.30636     6.32208
         212     6.30636     6.31824
         213     6.30636     6.38593
         214     6.29878     6.31624
         215     6.29878     6.31024
         216     6.29878     6.30573
         217     6.29878     6.30257
         218     6.29878     6.30106
         219     6.29878     6.29909
         220     6.29878     6.29878
         221     6.29878     6.29878
         222     6.29878     6.32498
         223     6.29878     6.29894
         224     6.29878     6.35746
         225     6.29878     6.29878
         226     6.29878     6.29878
         227     6.29878     6.29878
         228     6.29878     6.29878
         229     6.29878     6.29878
         230     6.29878     6.29878
         231     6.29878     6.29878
         232     6.29878     6.29878
         233     6.29878     6.29878
         234     6.29878     6.29878
         235     6.29878     6.29878
         236     6.29878     6.29878
         237     6.29878     6.29878
         238     6.29878     6.29878
         239     6.29878     6.29878
         240     6.29878     6.29878
         241     6.29878     6.29878
         242     6.29878     6.29878
         243     6.29878     6.29878
         244     6.29878     6.32623
         245     6.29878     6.29878
         246     6.29878     6.29878
         247     6.29878     6.29878
         248     6.29878     6.29878
         249     6.29878     6.29878
         250     6.29878     6.29878
         251     6.29878     6.29878
         252     6.29878     6.29878
         253     6.29878     6.29878
         254     6.29878     6.29878
         255     6.29878     6.29878
         256     6.29878     6.29878
         257     6.29878     6.29878
         258     6.29878     6.29878
         259     6.29878     6.29878
         260     6.29878     6.29878
         261     6.29878     6.29878
         262     6.29878     6.29878
         263     6.29878     6.29878
         264     6.29878     6.29878
         265     6.29878     6.29878
         266     6.29878     6.29878
         267     6.29878     6.29878
         268     6.29878     6.29878
         269     6.29878     6.29878
         270     6.29878     6.29878
         271     6.29878     6.29878
         272     6.29878     6.29878
         273     6.29878     6.29878
         274     6.29878     6.29878
         275     6.29878     6.29878
         276     6.24306     6.29767
         277     6.24306     6.30232
         278     6.24306     6.27538
         279     6.24306      6.2564
         280     6.24306     6.25532
         281     6.24306     6.24974
         282     6.24306     6.24306
         283     6.24306     6.24306
         284     6.24306     6.24306
         285     6.24306     6.24306
         286     6.24306     6.24306
         287     6.24306     6.24306
         288     6.24306     6.24306
         289     6.24306     6.24306
         290     6.24306     6.41211
         291     6.24306      6.3575
         292     6.24306     6.28882
         293     6.24306     6.29184
         294     6.24306     6.33101
         295     6.24306     6.24875
         296     6.24306     6.24306
         297     6.24306     6.24306
         298     6.24306     6.24306
         299     6.24306     6.24306
         300     6.24306     6.24306
         301     6.24306     6.24306
         302     6.24306     6.25509
         303     6.24306     6.24306
         304     6.24306     6.24306
         305     6.24306     6.24306
         306     6.24306     6.24306
         307     6.24306     6.24306
         308     6.24306     6.24306
         309     6.24306     6.24306
         310     6.24306     6.24306
         311     6.24306     6.24306
         312     6.24306     6.24306
         313     6.24306     6.24306
         314     6.24306     6.24306
         315     6.24306     6.24306
         316     6.24306     6.24306
         317     6.24306     6.24306
         318     6.24306     6.24306
         319     6.24306     6.24306
         320     6.24306     6.24306
         321     6.24306     6.24306
         322     6.24306     6.24306
         323     6.24306     6.24306
         324     6.24306     6.24306
         325     6.24306     6.24306
         326     6.24306     6.24306
         327     6.24306     6.24306
         328     6.24306     6.24306
         329     6.24306     6.24306
         330     6.24306     6.24306
         331     6.24306     6.24306
         332     6.24306     6.24306
         333     6.24306     6.24306
         334     6.24306     6.24306
         335     6.24306     6.24306
         336     6.24306     6.24306
         337     6.24306     6.24306
         338     6.24306     6.24306
         339     6.24306     6.24306
         340     6.24306     6.24306
         341     6.24306     6.24306
         342     6.24306     6.24306
         343     6.24306     6.24306
         344     6.24306     6.24306
         345     6.24306     6.24306
         346     6.24306     6.24306
         347     6.24306     6.24306
         348     6.24306     6.24306
         349     6.24306     6.24306
         350     6.24306     6.24306
         351     6.24306     6.24306
         352     6.24306     6.24306
         353     6.24306     6.24306
         354     6.24306     6.24306
         355     6.24306     6.24306
         356     6.24306     6.24306
         357     6.24306     6.24306
         358     6.24306     6.24306
         359     6.24306     6.24306
         360     6.24306     6.24306
         361     6.24306     6.24306
         362     6.24306     6.24306
         363     6.24306     6.24306
         364     6.24306     6.24306
         365     6.24306     6.24306
         366     6.24306     6.24306
         367     6.24306     6.24306
         368     6.24306     6.24306
         369     6.24306     6.24306
         370     6.24306     6.24306
         371     6.24306     6.24306
         372     6.24306     6.24306
         373     6.24306     6.24306
         374     6.24306     6.24306
         375     6.24306     6.24306
         376     6.24306     6.24306
         377     6.24306     6.24306
         378     6.24306     6.24306
         379     6.24306     6.24306
         380     6.24306     6.24306
         381     6.24306     6.24306
         382     6.24306     6.24306
         383     6.24306     6.24306
         384     6.24306     6.24306
         385     6.24306     6.24306
         386     6.24306     6.24306
         387     6.24306     6.24306
         388     6.24306     6.24306
         389     6.24306     6.24306
         390     6.24306     6.24306
         391     6.24306     6.24306
         392     6.24306     6.24306
         393     6.24306     6.24306
         394     6.24306     6.24306
         395     6.24306     6.24306
         396     6.24306     6.24306
         397     6.24306     6.24306
         398     6.24306     6.24306
         399     6.24306     6.24306
         400     6.24306     6.24306
         401     6.24306     6.24306
         402     6.24306     6.24306
         403     6.24306     6.24306
         404     6.24306     6.24306
         405     6.24306     6.24306
         406     6.24306     6.24306
         407     6.24306     6.24306
         408     6.24306     6.24306
         409     6.24306     6.24306
         410     6.24306     6.24306
         411     6.24306     6.24306
         412     6.24306     6.24306
         413     6.24306     6.24306
         414     6.24306     6.24306
         415     6.24306     6.24306
         416     6.24306     6.24306
         417     6.24306     6.24306
         418     6.24306     6.24306
         419     6.24306     6.24306
         420     6.24306     6.24306
         421     6.24306     6.24306
         422     6.24306     6.24306
         423     6.24306     6.24306
         424     6.24306     6.24306
         425     6.24306     6.24306
         426     6.24306     6.24306
         427     6.24306     6.24306
         428     6.24306     6.24306
         429     6.24306     6.24306
         430     6.24306     6.24306
         431     6.24306     6.24306
         432     6.24306     6.24306
         433     6.24306     6.24306
         434     6.24306     6.24306
         435     6.24306     6.24306
         436     6.24306     6.24306
         437     6.24306     6.24306
         438     6.24306     6.24306
         439     6.24306     6.24306
         440     6.24306     6.24306
         441     6.24306     6.24306
         442     6.24306     6.24306
         443     6.24306     6.24306
         444     6.24306     6.24306
         445     6.24306     6.24306
         446     6.24306     6.24306
         447     6.24306     6.24306
         448     6.24306     6.24306
         449     6.24306     6.24306
         450     6.24306     6.24306
         451     6.24306     6.24306
         452     6.24306     6.24306
         453     6.24306     6.24306
         454     6.24306     6.24306
         455     6.24306     6.24306
         456     6.24306     6.24306
         457     6.24306     6.24306
         458     6.24306     6.24306
         459     6.24306     6.24306
         460     6.24306     6.24306
         461     6.24306     6.24306
         462     6.24306     6.24306
         463     6.24306     6.24306
         464     6.24306     6.24306
         465     6.24306     6.24306
         466     6.24306     6.24306
         467     6.24306     6.24306
         468     6.24306     6.24306
         469     6.24306     6.24306
         470     6.24306     6.24306
         471     6.24306     6.24306
         472     6.24306     6.24306
         473     6.24306     6.24306
         474     6.24306     6.24306
         475     6.24306     6.24306
         476     6.24306     6.24306
         477     6.24306     6.24306
         478     6.24306     6.24306
         479     6.24306     6.24306
         480     6.24306     6.24306
         481     6.24306     6.24306
         482     6.24306     6.24306
         483     6.24306     6.24306
         484     6.24306     6.24356
         485     6.24306       6.505
         486     6.24306      6.3102
         487     6.24306     6.28017
         488     6.24306     6.25986
         489     6.24306     6.31295
         490     6.24306     6.24306
         491     6.24306     6.24306
         492     6.24306     6.24306
         493     6.24306     6.24306
         494     6.24306     6.24306
         495     6.24306     6.24306
         496     6.24306     6.24306
         497     6.24306     6.24306
         498     6.24306     6.24306
         499     6.24306     6.24306
         500     6.24306     6.24306
         501     6.24306     6.24306
         502     6.24306     6.24306
         503     6.24306     6.24306
         504     6.24306      6.2777
         505     6.24306     6.24306
         506     6.24306     6.24306
         507     6.24306     6.24306
         508     6.24306     6.24306
         509     6.24306     6.24306
         510     6.24306     6.24306
         511     6.24306     6.24306
         512     6.24306     6.24306
         513     6.24306     6.24306
         514     6.24306     6.24306
         515     6.24306     6.24306
         516     6.24306     6.24306
         517     6.24306     6.24306
         518     6.24306     6.24306
         519     6.24306     6.24306
         520     6.24306     6.24306
         521     6.24306     6.25838
         522     6.24306     6.38029
         523     6.24306     6.24306
         524     6.24306     6.24306
         525     6.24306     6.24306
         526     6.24306     6.24951
         527     6.24306     6.24306
         528     6.24306     6.24306
         529     6.24306     6.24306
         530     6.24306     6.24306
         531     6.24306     6.24306
         532     6.24306     6.24306
         533     6.24306     6.24306
         534     6.24306     6.24306
         535     6.24306     6.24306
         536     6.24306     6.24306
         537     6.24306     6.24306
         538     6.24306     6.24306
         539     6.24306     6.24306
         540     6.24306     6.24306
         541     6.24306     6.24306
         542     6.24306     6.24306
         543     6.24306     6.24306
         544     6.24306     6.24306
         545     6.24306     6.24306
         546     6.24306     6.24306
         547     6.24306     6.24306
         548     6.24306     6.24306
         549     6.24306     6.26103
         550     6.24306     6.33917
         551     6.24306     6.24345
         552     6.24306     6.24306
         553     6.24306     6.24306
         554     6.24306     6.24306
         555     6.24306     6.24306
         556     6.24306     6.24306
         557     6.24306     6.25463
         558     6.24306     6.24306
         559     6.24306     6.24306
         560     6.24306     6.24306
         561     6.24306     6.24306
         562     6.24306     6.24306
         563     6.24306     6.24306
         564     6.24306     6.24306
         565     6.24306     6.24306
         566     6.24306     6.24306
         567     6.24306     6.24306
         568     6.24306     6.24306
         569     6.24306     6.24306
         570     6.24306     6.24306
         571     6.24306     6.24306
         572     6.24306     6.24306
         573     6.24306     6.24306
         574     6.24306     6.24306
         575     6.24306     6.24306
         576     6.24306     6.24306
         577     6.24306     6.24306
         578     6.24306     6.24306
         579     6.24306     6.24306
         580     6.24306     6.24306
         581     6.24306     6.24306
         582     6.24306     6.24966
         583     6.24306     6.24306
         584     6.24306     6.24306
         585     6.24306     6.24306
         586     6.24306     6.24306
         587     6.24306     6.24306
         588     6.24306     6.24306
         589     6.24306     6.24306
         590     6.24306     6.24306
         591     6.24306     6.24306
         592     6.24306     6.24306
         593     6.24306     6.24306
         594     6.24306     6.24306
         595     6.24306     6.24306
         596     6.24306     6.24306
         597     6.24306     6.24306
         598     6.24306     6.24306
         599     6.24306     6.24306
         600     6.24306     6.24306
         601     6.24306     6.24306
         602     6.24306     6.24306
         603     6.24306     6.24306
         604     6.24306     6.24306
         605     6.24306     6.24306
         606     6.24306     6.24306
         607     6.24306     6.24306
         608     6.24306     6.24306
         609     6.24306     6.24306
         610     6.24306     6.25524
         611     6.24306     6.24306
         612     6.24306     6.24306
         613     6.24306     6.24306
         614     6.24306     6.24306
         615     6.24306     6.24306
         616     6.24306     6.24306
         617     6.24306     6.24306
         618     6.24306     6.24523
         619     6.24306     6.24306
         620     6.24306     6.24306
         621     6.24306     6.24306
         622     6.24306     6.24306
         623     6.24306     6.24306
         624     6.24306     6.24306
         625     6.24306     6.26076
         626     6.24306     6.24306
         627     6.24306     6.24306
         628     6.24306     6.24306
         629     6.24306     6.24306
         630     6.24306     6.24306
         631     6.24306     6.24306
         632     6.24306     6.24306
         633     6.24306     6.24306
         634     6.24306     6.24306
         635     6.24306     6.24306
         636     6.24306     6.24306
         637     6.24306     6.24306
         638     6.24306     6.24306
         639     6.24306     6.24889
         640     6.24306     6.24306
         641     6.24306     6.24306
         642     6.24306     6.24306
         643     6.24306     6.24306
         644     6.24306     6.40032
         645     6.24306     6.24306
         646     6.24306     6.24306
         647     6.24306     6.24306
         648     6.24306     6.24306
         649     6.24306     6.24306
         650     6.24306     6.24306
         651     6.24306     6.38718
         652     6.24306     6.24306
         653     6.24306     6.24306
         654     6.24306     6.24374
         655     6.24306     6.24306
         656     6.24306     6.24306
         657     6.24306     6.24306
         658     6.24306     6.24306
         659     6.24306     6.24306
         660     6.24306     6.24306
         661     6.24306     6.24306
         662     6.24306     6.24306
         663     6.24306     6.24306
         664     6.24306     6.24306
         665     6.24306     6.24306
         666     6.24306     6.24306
         667     6.24306     6.24306
         668     6.24306     6.24306
         669     6.24306     6.24306
         670     6.24306     6.24306
         671     6.24306     6.24306
         672     6.24306     6.24306
         673     6.24306     6.28677
         674     6.24306     6.26955
         675     6.24306     6.38055
         676     6.24306       6.347
         677     6.24306     6.35575
         678     6.24306     6.24306
         679     6.24306     6.24306
         680     6.24306     6.24306
         681     6.24306     6.24306
         682     6.24306     6.24306
         683     6.24306     6.24306
         684     6.24306     6.24306
         685     6.24306     6.24306
         686     6.24306     6.24306
         687     6.24306     6.24306
         688     6.24306     6.24306
         689     6.24306     6.24306
         690     6.24306     6.24306
         691     6.24306     6.24306
         692     6.24306     6.24306
         693     6.24306     6.24306
         694     6.24306     6.24306
         695     6.24306     6.24306
         696     6.24306     6.24306
         697     6.24306     6.24306
         698     6.24306     6.24306
         699     6.24306     6.24306
         700     6.24306     6.24306
         701     6.24306     6.24306
         702     6.24306     6.24306
         703     6.24306     6.24306
         704     6.24306     6.24306
         705     6.24306     6.24306
         706     6.24306     6.24306
         707     6.24306     6.24306
         708     6.24306     6.24306
         709     6.24306     6.24306
         710     6.24306     6.24306
         711     6.24306     6.24306
         712     6.24306     6.24306
         713     6.24306     6.24306
         714     6.24306     6.24306
         715     6.24306     6.24306
         716     6.24306     6.24306
         717     6.24306     6.24306
         718     6.24306     6.24306
         719     6.24306     6.24306
         720     6.24306     6.24306
         721     6.24306     6.25217
         722     6.24306     6.36778
         723     6.24306     6.24306
         724     6.24306     6.24306
         725     6.24306     6.24306
         726     6.24306     6.24306
         727     6.24306      6.2471
         728     6.24306     6.24306
         729     6.24306     6.24306
         730     6.24306     6.24306
         731     6.24306     6.24306
         732     6.24306     6.24306
         733     6.24306     6.24306
         734     6.24306     6.24306
         735     6.24306     6.32373
         736     6.24306     6.24306
         737     6.24306     6.24306
         738     6.24306     6.24306
         739     6.24306     6.24306
         740     6.24306     6.24306
         741     6.24306     6.24306
         742     6.24306     6.24306
         743     6.24306     6.24306
         744     6.24306     6.24306
         745     6.24306     6.24306
         746     6.24306     6.24306
         747     6.24306     6.24306
         748     6.24306     6.24306
         749     6.24306     6.24306
         750     6.24306     6.24306
         751     6.24306      6.2822
         752     6.24306     6.24306
         753     6.24306     6.24562
         754     6.24306     6.24306
         755     6.24306     6.24306
         756     6.24306     6.24306
         757     6.24306     6.24306
         758     6.24306     6.24306
         759     6.24306     6.24306
         760     6.24306     6.24306
         761     6.24306     6.24306
         762     6.24306     6.24306
         763     6.24306     6.24306
         764     6.24306     6.24306
         765     6.24306     6.24306
         766     6.24306     6.24306
         767     6.24306     6.24306
         768     6.24306     6.24306
         769     6.24306     6.24306
         770     6.24306     6.24306
         771     6.24306     6.24306
         772     6.24306     6.24306
         773     6.24306     6.24306
         774     6.24306     6.24306
         775     6.24306     6.24306
         776     6.24306     6.24306
         777     6.24306     6.24306
         778     6.24306     6.24306
         779     6.24306     6.24306
         780     6.24306     6.24306
         781     6.24306     6.24306
         782     6.24306     6.24306
         783     6.24306     6.24306
         784     6.24306     6.24306
         785     6.24306     6.24306
         786     6.24306     6.24306
         787     6.24306     6.24306
         788     6.24306     6.24306
         789     6.24306     6.24306
         790     6.24306     6.24306
         791     6.24306     6.24306
         792     6.24306     6.29197
         793     6.24306     6.24306
         794     6.24306     6.25578
         795     6.24306     6.24306
         796     6.24306     6.24306
         797     6.24306     6.24306
         798     6.24306     6.24306
         799     6.24306     6.24306
         800     6.24306     6.24306
         801     6.24306     6.24306
         802     6.24306     6.24306
         803     6.24306     6.24306
         804     6.24306     6.24306
         805     6.24306     6.24306
         806     6.24306     6.24306
         807     6.24306     6.24306
         808     6.24306     6.24306
         809     6.24306     6.24306
         810     6.24306     6.24306
         811     6.24306     6.24306
         812     6.24306     6.24306
         813     6.24306     6.24306
         814     6.24306     6.24306
         815     6.24306     6.24306
         816     6.24306     6.24306
         817     6.24306     6.24306
         818     6.24306     6.24306
         819     6.24306     6.24306
         820     6.24306     6.24306
         821     6.24306     6.24306
         822     6.24306     6.24306
         823     6.24306     6.24306
         824     6.24306     6.24306
         825     6.24306     6.24306
         826     6.24306     6.24306
         827     6.24306     6.24306
         828     6.24306     6.24306
         829     6.24306     6.24306
         830     6.24306     6.24306
         831     6.24306     6.24306
         832     6.24306     6.24306
         833     6.24306     6.24306
         834     6.24306     6.24306
         835     6.24306     6.24306
         836     6.24306     6.24306
         837     6.24306     6.24306
         838     6.24306     6.24306
         839     6.24306     6.24306
         840     6.24306     6.24306
         841     6.24306     6.24306
         842     6.24306     6.24306
         843     6.24306     6.24306
         844     6.24306     6.31752
         845     6.24306     6.25974
         846     6.24306     6.24306
         847     6.24306     6.24306
         848     6.24306     6.24306
         849     6.24306     6.24306
         850     6.24306     6.24306
         851     6.24306     6.24306
         852     6.24306     6.24306
         853     6.24306     6.24306
         854     6.24306     6.24306
         855     6.24306     6.24306
         856     6.24306     6.24306
         857     6.24306     6.24306
         858     6.24306     6.24306
         859     6.24306     6.24306
         860     6.24306     6.24306
         861     6.24306     6.24306
         862     6.24306     6.24306
         863     6.24306     6.24306
         864     6.24306     6.30864
         865     6.24306     6.25069
         866     6.24306      6.2842
         867     6.24306     6.40325
         868     6.24306      6.2799
         869     6.24306     6.28179
         870     6.24306     6.24306
         871     6.24306     6.24306
         872     6.24306     6.24306
         873     6.24306     6.24306
         874     6.24306     6.24306
         875     6.24306     6.24306
         876     6.24306     6.24306
         877     6.24306     6.24306
         878     6.24306     6.24306
         879     6.24306     6.24306
         880     6.24306     6.24306
         881     6.24306     6.24306
         882     6.24306     6.24306
         883     6.24306     6.24306
         884     6.24306     6.24306
         885     6.24306     6.24306
         886     6.24306     6.24306
         887     6.24306     6.24306
         888     6.24306     6.24306
         889     6.24306     6.24306
         890     6.24306     6.24306
         891     6.24306     6.24306
         892     6.24306     6.24306
         893     6.24306     6.24306
         894     6.24306     6.24306
         895     6.24306     6.24306
         896     6.24306     6.24306
         897     6.24306     6.24306
         898     6.24306     6.24306
         899     6.24306     6.24306
         900     6.24306     6.24306
         901     6.24306     6.24306
         902     6.24306     6.24306
         903     6.24306     6.24306
         904     6.24306     6.24306
         905     6.24306     6.41404
         906     6.24306     6.31414
         907     6.24306     6.24306
         908     6.24306     6.24306
         909     6.24306     6.24306
         910     6.24306     6.24306
         911     6.24306     6.24306
         912     6.24306     6.24306
         913     6.24306     6.25365
         914     6.24306     6.24306
         915     6.24306     6.24306
         916     6.24306     6.24306
         917     6.24306     6.24306
         918     6.24306     6.31999
         919     6.24306     6.27171
         920     6.24306     6.24306
         921     6.24306     6.24356
         922     6.24306     6.24306
         923     6.24306     6.24306
         924     6.24306     6.24306
         925     6.24306     6.24306
         926     6.24306     6.24306
         927     6.24306     6.24306
         928     6.24306     6.24306
         929     6.24306     6.24306
         930     6.24306     6.24306
         931     6.24306     6.24306
         932     6.24306     6.24306
         933     6.24306     6.24306
         934     6.24306     6.24306
         935     6.24306     6.24306
         936     6.24306     6.26723
         937     6.24306     6.24772
         938     6.24306     6.24306
         939     6.24306     6.24306
         940     6.24306     6.24306
         941     6.24306     6.24306
         942     6.24306     6.24306
         943     6.24306     6.24306
         944     6.24306     6.24306
         945     6.24306     6.24306
         946     6.24306     6.24306
         947     6.24306     6.24306
         948     6.24306     6.24306
         949     6.24306     6.24306
         950     6.24306     6.24306
         951     6.24306     6.24306
         952     6.24306     6.24306
         953     6.24306     6.24306
         954     6.24306     6.24306
         955     6.24306     6.24306
         956     6.24306     6.24306
         957     6.24306     6.24306
         958     6.24306     6.24306
         959     6.24306     6.24306
         960     6.24306     6.24306
         961     6.24306     6.24306
         962     6.24306     6.24306
         963     6.24306     6.24306
         964     6.24306     6.24306
         965     6.24306     6.24306
         966     6.24306     6.24306
         967     6.24306     6.24306
         968     6.24306     6.24306
         969     6.24306     6.24306
         970     6.24306     6.24306
         971     6.24306     6.24306
         972     6.24306     6.24306
         973     6.24306     6.24306
         974     6.24306     6.24306
         975     6.24306     6.24306
         976     6.24306     6.24306
         977     6.24306     6.24306
         978     6.24306     6.24306
         979     6.24306     6.24306
         980     6.24306     6.24306
         981     6.24306     6.24306
         982     6.24306     6.24306
         983     6.24306     6.24306
         984     6.24306     6.24306
         985     6.24306     6.24306
         986     6.24306     6.24306
         987     6.24306     6.24306
         988     6.24306     6.24306
         989     6.24306     6.24306
         990     6.24306     6.24306
         991     6.24306     6.24306
         992     6.24306     6.24306
         993     6.24306     6.24306
         994     6.24306     6.24306
         995     6.24306     6.24306
         996     6.24306     6.24306
         997     6.24306     6.24306
         998     6.24306     6.24306
         999     6.24306     6.24306
        1000     6.24306     6.24306
