#     GENERATION:   L1:   BEST HALF <L1>:
           0     15.9523     18.6251
           1     15.3473     17.6863
           2     14.6033     16.9949
           3     14.6033     16.3783
           4     14.1171     15.3874
           5     14.1171     15.1937
           6     14.1171     14.8835
           7     14.1171     14.6483
           8     13.7191     14.2925
           9     13.0479     14.1156
          10      13.008     13.8021
          11     12.8215     13.5375
          12     12.5375     13.3196
          13     11.9383     13.0998
          14     11.7251      12.801
          15     11.7251     12.4632
          16     11.5654     12.4036
          17     11.5654     12.0515
          18     11.5654     11.8022
          19     11.3039     11.7298
          20     10.8604     11.6904
          21     10.8604     11.5725
          22     10.8465     11.1832
          23     10.3693     11.1438
          24     10.3693     11.0615
          25     10.3693     11.1211
          26     10.0332     10.8707
          27     9.79096     10.7095
          28     9.79096     10.3735
          29     9.79096     10.2151
          30     9.73304     9.96578
          31     9.67045      9.8699
          32     9.67045     9.80155
          33     9.50828     9.72923
          34     9.48649     9.68856
          35     9.13534     9.56374
          36     9.00885     9.51185
          37     9.00885      9.3466
          38     9.00885     9.21164
          39       8.883     9.12674
          40     8.80612     9.12045
          41     8.43928     9.08799
          42     8.43928     8.95816
          43     8.27743     8.75114
          44     8.27743     8.55776
          45       8.202     8.47076
          46       8.202     8.37388
          47       8.202     8.26104
          48     8.15432     8.26671
          49     7.95728     8.23255
          50     7.95728     8.16724
          51     7.94853     8.10151
          52     7.94853     8.06033
          53     7.94853      8.0087
          54     7.94853     7.96169
          55     7.94853      7.9494
          56     7.94853     7.94853
          57     7.94853     7.94853
          58     7.94853     7.94853
          59     7.94853     7.94853
          60     7.94853     7.94853
          61     7.94853     7.94853
          62     7.94853     7.94853
          63     7.94853     7.94853
          64     7.94853     7.94853
          65     7.94633     7.94848
          66     7.94633     7.94826
          67     7.94633      7.9476
          68     7.93339     7.94638
          69     7.93339     7.94504
          70     7.86246     7.94051
          71     7.86246      7.9267
          72     7.86246      7.9018
          73     7.84448     7.89577
          74     7.84448     7.97999
          75     7.74294      7.8567
          76     7.74294      7.8357
          77     7.74294     7.82776
          78     7.68132     7.85405
          79     7.51812     7.78903
          80     7.51812     7.73584
          81     7.51812     7.68101
          82     7.48866     7.60241
          83     7.45856     7.55203
          84     7.45856     7.49443
          85     7.45856     7.48789
          86     7.45856     7.46981
          87     7.45856     7.46277
          88     7.45856     7.46276
          89     7.45856     7.46155
          90     7.45856     7.45916
          91     7.45856     7.45856
          92     7.43385     7.45806
          93     7.43385     7.45263
          94     7.43385     7.44733
          95     7.43385     7.43879
          96     7.43385     7.43385
          97     7.43385     7.43385
          98     7.43385     7.43385
          99     7.43385     7.43385
         100     7.43385     7.43385
         101     7.43385     7.43385
         102     7.28715     7.43092
         103     7.28715     7.40518
         104     7.28715     7.37917
         105     7.28715     7.33684
         106     7.28715     7.32013
         107     7.28715     7.29595
         108     7.28715     7.28715
         109     7.28715     7.28715
         110     7.28715     7.28715
         111     7.28715     7.28715
         112     7.28715     7.28715
         113     7.28715     7.28715
         114     7.28715     7.28715
         115     7.28715     7.28715
         116     7.15114     7.28443
         117     7.15114     7.27083
         118     7.12589     7.24611
         119     7.12589     7.21538
         120     7.12589     7.15169
         121     7.12589     7.14916
         122     7.12589     7.15363
         123     7.12589     7.21255
         124     7.12589     7.12589
         125     7.12589     7.12589
         126     7.12589     7.12589
         127     7.12589     7.12589
         128     7.04146      7.1242
         129     7.04146     7.10731
         130     7.02898     7.07667
         131     6.94455     7.04145
         132     6.94455     7.03549
         133     6.89294     6.99932
         134     6.89294     6.95884
         135     6.89294     6.92972
         136     6.89294     6.91668
         137     6.74133     6.91026
         138     6.74133     6.87769
         139     6.64926     6.85652
         140     6.64926     6.79753
         141     6.64926     6.72493
         142     6.64926     6.69337
         143     6.64926     6.69105
         144     6.64926     6.68143
         145     6.64926     6.64926
         146     6.64926     6.64926
         147     6.64643      6.6492
         148     6.64643      6.6487
         149     6.64477      6.6481
         150     6.64477     6.64733
         151     6.64477     6.64636
         152     6.64477     6.64576
         153     6.64477     6.64497
         154     6.64477     6.64493
         155     6.64477      6.6448
         156     6.64477     6.64477
         157     6.64477     6.64477
         158     6.64477     6.64477
         159     6.64477     6.64477
         160     6.64477     6.64477
         161     6.64477     6.64477
         162     6.29369     6.63775
         163     6.29369      6.5485
         164     6.29369     6.37499
         165     6.29369     6.29776
         166     6.28379     6.29349
         167     6.28379      6.2927
         168     6.28379     6.29013
         169     6.28379     6.28735
         170     6.28379     6.28379
         171     6.28379     6.28399
         172     6.28379     6.28379
         173     6.28379     6.28379
         174     6.16837     6.28072
         175     6.16837     6.26386
         176     6.16837      6.2225
         177     6.16837     6.22923
         178     6.16837     6.20739
         179     6.16837     6.17794
         180     6.16837     6.16993
         181     6.16837     6.16837
         182     6.16837     6.16837
         183     6.16837     6.16837
         184     6.16837     6.16837
         185     6.16837     6.16837
         186     6.16837     6.16837
         187     6.16837     6.16837
         188     6.16837     6.16837
         189     6.16837     6.16837
         190     6.12889     6.16758
         191     6.12889     6.16205
         192     6.12889     6.15021
         193     6.12889     6.14231
         194     6.12889       6.136
         195     6.12889       6.136
         196     6.12889     6.13898
         197     6.12889     6.12889
         198     6.12889     6.12889
         199     6.12889     6.12889
         200     6.12889     6.12889
         201     6.12889     6.12889
         202     6.12889     6.12889
         203     6.12889     6.12889
         204     6.12889     6.12889
         205     6.12889     6.12889
         206     6.12889     6.12889
         207     6.12889     6.12889
         208     6.12889     6.12889
         209     6.12889     6.12889
         210     6.12889     6.12889
         211     6.12889     6.12889
         212     6.12889     6.12889
         213     6.12889     6.12889
         214     6.12889     6.12889
         215     6.12889     6.12889
         216     6.12889     6.12889
         217     6.12889     6.12889
         218     6.12889     6.12889
         219     6.12889     6.12889
         220     6.12889     6.12889
         221     6.12889     6.12889
         222     6.12889     6.12889
         223     6.12889     6.12889
         224     6.12889     6.12889
         225     6.12889     6.12889
         226     6.12889     6.12889
         227     5.90283     6.12437
         228     5.90283      6.0882
         229     5.90283     6.03694
         230     5.90283     5.96613
         231     5.90283     5.90283
         232     5.90283     5.90283
         233     5.90283     5.90283
         234     5.90283     5.90283
         235     5.90283     5.90283
         236     5.87063     5.90218
         237     5.87063     5.89768
         238     5.87063     5.88931
         239     5.84865     5.88114
         240     5.81646      5.8682
         241     5.81646     5.85615
         242     5.81646     5.83536
         243     5.81646     5.81646
         244      5.7752     5.81564
         245      5.7752     5.80821
         246      5.7752     5.79253
         247      5.7752     5.78428
         248      5.7752     5.77749
         249      5.7752      5.7752
         250      5.7752      5.7752
         251      5.7752      5.7752
         252      5.7752      5.7752
         253      5.7752      5.7752
         254      5.7752      5.7752
         255      5.7752      5.7752
         256      5.7752      5.7752
         257      5.7752     5.79331
         258      5.7752      5.7752
         259      5.7752      5.7752
         260      5.7752      5.7752
         261      5.7752      5.7752
         262      5.7752      5.7752
         263      5.7752      5.7752
         264      5.7752      5.7752
         265      5.7752      5.7752
         266      5.7752      5.7752
         267      5.7752      5.7752
         268      5.7752      5.7752
         269      5.7752      5.7752
         270      5.7752      5.7752
         271      5.7752      5.7752
         272      5.7752      5.7752
         273      5.7752      5.7752
         274      5.7752      5.7752
         275      5.7752      5.7752
         276      5.7752      5.7752
         277      5.7752      5.7752
         278      5.7752      5.7752
         279      5.7752      5.7752
         280      5.7752      5.7752
         281      5.7752      5.7752
         282      5.7752      5.7752
         283      5.7752      5.7752
         284      5.7752      5.7752
         285      5.7752      5.7752
         286      5.7752      5.7752
         287      5.7752      5.7752
         288      5.7752      5.7752
         289      5.7752      5.7752
         290      5.7752      5.7752
         291      5.7752      5.7752
         292      5.7752      5.7752
         293      5.7752      5.7752
         294      5.7752      5.7752
         295      5.7752      5.7752
         296      5.7752      5.7752
         297      5.7752      5.7752
         298      5.7752      5.7752
         299      5.7752      5.7752
         300      5.7752      5.7752
         301      5.7752      5.7752
         302     5.65988     5.78999
         303     5.65988     5.74983
         304     5.65988     5.73371
         305     5.65988     5.72705
         306     5.65988     5.71483
         307     5.65988     5.67657
         308     5.65988     5.66218
         309     5.65849     5.65985
         310     5.65849      5.6596
         311     5.65849     5.66017
         312     5.65849     5.68008
         313     5.65849     5.65868
         314     5.65849     5.65849
         315     5.65849     5.65849
         316     5.65849     5.65849
         317     5.65849     5.65849
         318     5.65849     5.68224
         319     5.65849     5.65849
         320     5.65849     5.65849
         321     5.65849     5.65849
         322     5.65849     5.65849
         323     5.65849     5.65849
         324     5.65849     5.65849
         325     5.64666     5.65825
         326     5.64666     5.65707
         327     5.64666     5.65399
         328     5.64666     5.65139
         329     5.63541     5.64999
         330     5.63541     5.64673
         331     5.63541     5.64149
         332     5.63541     5.63676
         333     5.63541     5.63541
         334     5.63541     5.63541
         335     5.63541     5.63541
         336     5.63541     5.63541
         337     5.63541     5.63541
         338     5.62019     5.63511
         339     5.62019     5.63389
         340     5.62019     5.63085
         341     5.62019     5.62475
         342     5.62019     5.62019
         343     5.62019     5.62019
         344     5.62019     5.62019
         345     5.62019     5.62019
         346     5.62019     5.62019
         347     5.62019     5.62019
         348     5.62019     5.62019
         349     5.62019     5.62019
         350     5.62019     5.62019
         351     5.62019     5.62019
         352     5.62019     5.62019
         353     5.62019     5.62019
         354     5.62019     5.62019
         355     5.62019     5.62019
         356     5.62019     5.62019
         357     5.62019     5.62019
         358     5.62019     5.62019
         359     5.62019     5.62019
         360     5.62019     5.62019
         361     5.62019     5.62019
         362     5.62019      5.6523
         363     5.62019     5.62019
         364     5.62019     5.62019
         365     5.62019     5.62019
         366     5.62019     5.62019
         367     5.62019     5.62019
         368     5.62019     5.62019
         369     5.62019     5.62019
         370     5.62019     5.62019
         371     5.62019     5.62019
         372     5.62019     5.62019
         373     5.62019     5.62019
         374     5.62019     5.62019
         375     5.62019     5.62019
         376     5.62019     5.62019
         377     5.62019     5.62019
         378     5.62019     5.62019
         379     5.62019     5.62019
         380     5.62019     5.62019
         381     5.62019     5.62019
         382     5.62019     5.62019
         383     5.62019     5.62019
         384     5.62019     5.62019
         385     5.62019     5.62019
         386     5.62019     5.62019
         387     5.62019     5.62019
         388     5.62019     5.62019
         389     5.62019     5.62019
         390     5.62019     5.62019
         391     5.62019     5.62019
         392     5.62019     5.62019
         393     5.62019     5.62019
         394     5.62019     5.62019
         395     5.62019     5.62019
         396     5.62019     5.62019
         397     5.62019     5.62019
         398     5.62019     5.62019
         399     5.62019     5.62019
         400     5.62019     5.62019
         401     5.61196     5.62002
         402     5.61196     5.61805
         403     5.61196     5.61525
         404     5.61196     5.61361
         405     5.61196     5.61196
         406     5.61196     5.61196
         407     5.61196     5.61196
         408     5.61196     5.61196
         409     5.61196     5.61196
         410     5.61196     5.61196
         411     5.61196     5.61196
         412     5.61196     5.61483
         413     5.61196     5.61196
         414     5.61196     5.61196
         415     5.61196     5.61196
         416     5.61196     5.61196
         417     5.61196     5.61196
         418     5.61196     5.61196
         419     5.61196     5.61196
         420     5.61196     5.61196
         421     5.61196     5.61196
         422     5.61196     5.61196
         423     5.61196      5.6127
         424     5.61196     5.61196
         425     5.61196     5.61196
         426     5.61196     5.61196
         427     5.61196     5.61196
         428     5.61196     5.61196
         429     5.61196     5.61196
         430     5.61196     5.61196
         431     5.61196     5.61196
         432     5.61196     5.61196
         433     5.61196     5.61196
         434     5.61196     5.61196
         435     5.61196     5.61196
         436     5.61196     5.61196
         437     5.61196     5.61196
         438     5.61196     5.61196
         439     5.61196     5.61196
         440     5.61196     5.61196
         441     5.61196     5.61196
         442     5.61196     5.61196
         443     5.61196     5.61196
         444     5.61196     5.61462
         445     5.61196     5.61196
         446     5.61196     5.61196
         447     5.61196     5.61196
         448     5.61196     5.61196
         449     5.61196     5.61196
         450     5.61196     5.61196
         451     5.61196     5.61196
         452     5.61196     5.61196
         453     5.61196     5.61196
         454     5.61196     5.61196
         455     5.61196     5.61196
         456     5.61196     5.61196
         457     5.61196     5.61196
         458     5.61196     5.61196
         459     5.61196     5.61196
         460     5.61196     5.61196
         461     5.61196     5.61196
         462     5.61196     5.61196
         463     5.61196     5.61196
         464     5.61196     5.61196
         465     5.61196     5.61196
         466     5.61196     5.61196
         467     5.61196     5.61196
         468     5.61196     5.61196
         469     5.61196     5.61196
         470     5.61196     5.61196
         471     5.61196     5.61196
         472     5.61196     5.61196
         473     5.61196     5.61196
         474     5.61196     5.62728
         475     5.61196     5.61553
         476     5.61196     5.64885
         477     5.61196     5.63925
         478     5.61196     5.61196
         479     5.61196     5.61196
         480     5.61196     5.61196
         481     5.61196     5.62316
         482     5.61196     5.61844
         483     5.61196     5.62884
         484     5.61196     5.64614
         485     5.61196     5.70593
         486     5.61196     5.61898
         487     5.61196     5.61196
         488     5.61196     5.61196
         489     5.61196     5.61196
         490     5.61196     5.61196
         491     5.61196     5.61196
         492     5.61196     5.61196
         493     5.61196     5.61196
         494     5.61196     5.61196
         495     5.61196     5.61196
         496     5.61196     5.61196
         497     5.61196     5.61196
         498     5.61196     5.61196
         499     5.61196     5.61196
         500     5.61196     5.61196
         501     5.61196     5.61196
         502     5.61196     5.61196
         503     5.61196     5.61196
         504     5.61196     5.61196
         505     5.61196     5.61196
         506     5.61196     5.61196
         507     5.61196     5.61196
         508     5.61196     5.61196
         509     5.61196     5.61196
         510     5.61196     5.61196
         511     5.61196     5.61196
         512     5.61196     5.61196
         513     5.61196     5.61196
         514     5.61196     5.61196
         515     5.61196     5.61196
         516     5.61196     5.61196
         517     5.61196     5.61196
         518     5.61196     5.61196
         519     5.61196     5.61196
         520     5.61196     5.61196
         521     5.61196     5.61196
         522     5.61196     5.66799
         523     5.61196     5.62628
         524     5.61196     5.64558
         525     5.61196     5.61196
         526     5.61196     5.61279
         527     5.61196     5.61196
         528     5.61196     5.61196
         529     5.61196     5.61196
         530     5.61196     5.61196
         531     5.61196     5.61196
         532     5.61196     5.61196
         533     5.61196     5.61196
         534     5.61196     5.61196
         535     5.61196     5.61196
         536     5.61196     5.61949
         537     5.61196     5.61196
         538     5.61196     5.61196
         539     5.61196     5.61196
         540     5.61196     5.61196
         541     5.61196     5.61196
         542     5.61196     5.61196
         543     5.61196     5.61196
         544     5.61196     5.64599
         545     5.61196     5.63597
         546     5.61196     5.69787
         547     5.61196     5.61474
         548     5.61196     5.61196
         549     5.61196     5.61196
         550     5.61196     5.61196
         551     5.61196     5.61196
         552     5.61196     5.61196
         553     5.61196     5.61196
         554     5.61196     5.61196
         555     5.61196     5.61196
         556     5.61196     5.61196
         557     5.61196     5.61196
         558     5.61196     5.61196
         559     5.61196     5.61196
         560     5.61196     5.61196
         561     5.61196     5.61196
         562     5.61196     5.61196
         563     5.61196     5.61196
         564     5.61196     5.61196
         565     5.61196     5.61196
         566     5.61196     5.61196
         567     5.61196     5.61196
         568     5.61196     5.61196
         569     5.61196     5.61196
         570     5.61196     5.61196
         571     5.61196     5.61196
         572     5.61196     5.61196
         573     5.61196     5.61196
         574     5.61196     5.61196
         575     5.61196     5.62161
         576     5.61196     5.61196
         577     5.61196     5.61196
         578     5.61196     5.61196
         579     5.61196     5.61196
         580     5.61196     5.61196
         581     5.61196     5.61196
         582     5.61196     5.62958
         583     5.61196     5.61196
         584     5.61196     5.61196
         585     5.61196     5.61196
         586     5.61196     5.61196
         587     5.61196     5.61196
         588     5.61196     5.61196
         589     5.61196     5.61196
         590     5.61196     5.61196
         591     5.61196     5.61196
         592     5.61196     5.61196
         593     5.61196     5.61196
         594     5.61196     5.61196
         595     5.61196     5.61196
         596     5.61196     5.61196
         597     5.61196     5.61196
         598     5.61196     5.61196
         599     5.61196     5.61196
         600     5.61196     5.61196
         601     5.61196     5.61196
         602     5.61196     5.61196
         603     5.61196     5.61196
         604     5.61196     5.61196
         605     5.61196     5.61196
         606     5.61196     5.61196
         607     5.61196     5.61196
         608     5.61196     5.61196
         609     5.61196     5.61196
         610     5.61196     5.61196
         611     5.61196     5.61196
         612     5.61196     5.61196
         613     5.61196     5.61196
         614     5.61196     5.65138
         615     5.61196     5.61196
         616     5.61196     5.61196
         617     5.61196     5.61196
         618     5.61196     5.61196
         619     5.61196     5.61196
         620     5.61196     5.61196
         621     5.61196     5.61196
         622     5.61196     5.61196
         623     5.61196     5.61196
         624     5.61196     5.61196
         625     5.61196     5.61196
         626     5.61196     5.61196
         627     5.61196     5.61196
         628     5.61196     5.61196
         629     5.61196     5.61196
         630     5.61196     5.61196
         631     5.61196     5.61196
         632     5.61196     5.61196
         633     5.61196     5.62613
         634     5.61196     5.65306
         635     5.61196     5.61196
         636     5.61196     5.61196
         637     5.61196     5.61196
         638     5.61196     5.61196
         639     5.61196     5.61196
         640     5.61196     5.61196
         641     5.61196     5.61196
         642     5.61196     5.61196
         643     5.61196     5.61196
         644     5.61196     5.61196
         645     5.61196     5.61196
         646     5.61196     5.61196
         647     5.61196     5.61196
         648     5.61196     5.61196
         649     5.61196     5.61196
         650     5.61196     5.61196
         651     5.61196     5.61196
         652     5.61196     5.61196
         653     5.61196     5.61196
         654     5.61196     5.61196
         655     5.61196     5.61196
         656     5.61196     5.61196
         657     5.61196     5.61196
         658     5.61196     5.61196
         659     5.61196     5.61196
         660     5.61196     5.61196
         661     5.61196     5.61196
         662     5.61196     5.61196
         663     5.61196     5.61196
         664     5.61196     5.61196
         665     5.61196     5.61196
         666     5.61196     5.61196
         667     5.61196     5.61196
         668     5.61196     5.61196
         669     5.61196     5.61196
         670     5.26315     5.60498
         671     5.26315      5.5701
         672     5.26315     5.53522
         673     5.26315      5.5671
         674     5.26315     5.43104
         675     5.26315     5.48064
         676     5.26315     5.27351
         677     5.26315     5.29838
         678     5.26315     5.26315
         679     5.26315     5.26315
         680     5.26315     5.26315
         681     5.26315     5.26315
         682     5.26315     5.26315
         683     5.26315     5.26315
         684     5.26315     5.26315
         685     5.26315     5.26315
         686     5.26315     5.26315
         687     5.26315     5.26315
         688     5.26315     5.26335
         689     5.26315      5.2646
         690     5.26315     5.26861
         691     5.26315     5.29643
         692     5.26315     5.27032
         693     5.26315     5.26315
         694     5.26315     5.26315
         695     5.26315     5.26638
         696     5.26315     5.26315
         697     5.26315     5.26315
         698     5.26315     5.26315
         699     5.26315     5.26315
         700     5.26315     5.26315
         701     5.26315     5.26315
         702     5.26315     5.26315
         703     5.26315     5.26315
         704     5.26315     5.26315
         705     5.26315     5.26315
         706     5.26315     5.26315
         707     5.26315     5.26315
         708     5.26315     5.26315
         709     5.26315     5.26315
         710     5.26315     5.26315
         711     5.26315     5.26315
         712     5.26315     5.26315
         713     5.26315     5.26315
         714     5.26315     5.26315
         715     5.26315     5.26315
         716     5.26315     5.26315
         717     5.26315     5.26315
         718     5.26315     5.26315
         719     5.26315     5.26315
         720     5.26315     5.26315
         721     5.26315     5.27611
         722     5.26315     5.26476
         723     5.26315     5.26315
         724     5.26315     5.26315
         725     5.26315     5.26315
         726     5.26315     5.26315
         727     5.26315     5.26315
         728     5.26315     5.26315
         729     5.26315     5.26315
         730     5.26315     5.26315
         731     5.26315     5.26315
         732     5.26315     5.26315
         733     5.26315     5.26315
         734     5.26315     5.26315
         735     5.26315     5.27592
         736     5.26315     5.26315
         737     5.26315     5.26315
         738     5.26315     5.26315
         739     5.26315     5.26315
         740     5.26315     5.26315
         741     5.26315     5.26315
         742     5.26315     5.26315
         743     5.26315     5.26315
         744     5.26315     5.26315
         745     5.26315     5.26315
         746     5.26315     5.26315
         747     5.26315     5.26315
         748     5.26315     5.26315
         749     5.26315     5.26315
         750     5.26315     5.26315
         751     5.26315     5.26315
         752     5.26315     5.26315
         753     5.26315     5.26315
         754     5.26315     5.26315
         755     5.26315     5.26315
         756     5.26315     5.26315
         757     5.26315     5.26315
         758     5.26315     5.26315
         759     5.26315     5.26315
         760     5.26315     5.26315
         761     5.26315     5.26315
         762     5.26315     5.26315
         763     5.26315     5.26315
         764     5.26315     5.26315
         765     5.26315     5.26315
         766     5.26315     5.26315
         767     5.26315     5.26315
         768     5.26315     5.26315
         769     5.26315     5.26315
         770     5.26315     5.26315
         771     5.26315     5.26315
         772     5.26315     5.26315
         773     5.26315     5.26315
         774     5.26315     5.26315
         775     5.26315     5.26315
         776     5.26315     5.26315
         777     5.26315     5.26315
         778     5.26315     5.26315
         779     5.26315     5.26315
         780     5.26315     5.26315
         781     5.26315     5.26315
         782     5.26315     5.26315
         783     5.26315     5.26315
         784     5.26315     5.26315
         785     5.26315     5.26471
         786     5.26315     5.26315
         787     5.26315     5.26315
         788     5.26315     5.26315
         789     5.26315     5.26315
         790     5.26315     5.26315
         791     5.26315     5.26315
         792     5.26315     5.26315
         793     5.26315     5.26315
         794     5.26315     5.26315
         795     5.26315     5.26315
         796     5.26315     5.26315
         797     5.26315     5.26315
         798     5.26315     5.29188
         799     5.26315     5.27115
         800     5.26315     5.26315
         801     5.26315     5.26315
         802     5.26315     5.26315
         803     5.26315     5.26315
         804     5.26315     5.26315
         805     5.26315     5.26315
         806     5.26315     5.26315
         807     5.26315     5.26315
         808     5.26315     5.26315
         809     5.26315     5.26315
         810     5.26315     5.26315
         811     5.26315     5.26315
         812     5.26315     5.26315
         813     5.26315     5.26315
         814     5.12024     5.26029
         815     5.12024     5.28217
         816     5.12024     5.20884
         817     5.12024     5.20661
         818     5.12024     5.15538
         819     5.12024     5.13453
         820     5.12024     5.12024
         821     5.12024     5.12024
         822     5.12024     5.12024
         823     5.12024     5.12024
         824     5.09484     5.11973
         825     5.09484      5.1177
         826     5.08523     5.11141
         827     5.08523     5.10638
         828     5.08523     5.09576
         829     5.08523     5.08926
         830     5.08523     5.09014
         831     5.08523     5.08523
         832     5.08523     5.08523
         833     5.08523     5.08523
         834     5.08523     5.08523
         835     5.08523     5.11227
         836     5.08523     5.17704
         837     5.08523     5.09266
         838     5.08523     5.08523
         839     5.08523     5.08523
         840     5.08523     5.08523
         841     5.08523     5.08523
         842     5.08523     5.12034
         843     5.08523     5.08877
         844     5.08523     5.08523
         845     5.08523     5.08523
         846     5.08523     5.08523
         847     5.08523     5.08664
         848     5.08523     5.08523
         849     5.08523     5.08523
         850     5.08523     5.08523
         851     5.08523     5.08523
         852     5.08523     5.08523
         853     5.08523     5.08523
         854     5.08523     5.08523
         855     5.08523     5.08523
         856     5.08523     5.08523
         857     5.08523     5.08523
         858     5.08523     5.08523
         859     5.08523     5.08523
         860     5.08523     5.08523
         861     5.08523     5.08523
         862     5.08523     5.08523
         863     5.08523     5.08523
         864     5.08523     5.08523
         865     5.08523     5.08523
         866     5.08523     5.08523
         867     5.08523     5.08523
         868     5.08523     5.08844
         869     5.08523     5.08523
         870     5.08523     5.08523
         871     5.08523     5.08523
         872     5.08523     5.08523
         873     5.08523     5.08523
         874     5.08523     5.08523
         875     5.08523     5.08523
         876     5.08523     5.08523
         877     5.08523     5.08523
         878     5.08523     5.08523
         879     5.08523     5.08523
         880     5.08523     5.08523
         881     5.08523     5.08523
         882     5.08523     5.08523
         883     5.08523     5.08523
         884     5.08523     5.08523
         885     5.08523     5.08523
         886     5.08523     5.08523
         887     5.08523     5.08523
         888     5.08523      5.0883
         889     5.08523     5.08523
         890     5.08523     5.08523
         891     5.08523     5.08523
         892     5.08523     5.08523
         893     5.08523     5.08523
         894     5.08523     5.08523
         895     5.08523     5.08523
         896     5.08523     5.14578
         897     5.08523     5.08972
         898     5.08523     5.08523
         899     5.08523     5.08523
         900     5.08523     5.08523
         901     5.08523     5.08523
         902     5.08523     5.08523
         903     5.08523     5.08523
         904     5.08523     5.08523
         905     5.08523     5.08523
         906     5.08523     5.08523
         907     5.08523     5.08523
         908     5.08523     5.08523
         909     5.08523      5.1121
         910     5.08523     5.12683
         911     5.08523     5.08523
         912     5.08523     5.08523
         913     5.08523     5.08523
         914     5.08523     5.08523
         915     5.08523     5.10538
         916     5.08523     5.08589
         917     5.08523     5.08846
         918     5.08523     5.09404
         919     5.08523     5.08523
         920     5.08523     5.09377
         921     5.08523     5.17013
         922     5.08523     5.09192
         923     5.08523     5.08523
         924     5.08523     5.08523
         925     5.08523     5.08523
         926     5.08523     5.17874
         927     5.08523     5.08586
         928     5.08523     5.09914
         929     5.08523     5.08523
         930     5.08523     5.08523
         931     5.08523     5.08523
         932     5.08523     5.08523
         933     5.08523     5.08523
         934     5.08523     5.08523
         935     5.08523     5.08523
         936     5.08523     5.08523
         937     5.08523     5.08523
         938     5.08523     5.08523
         939     5.08523     5.08523
         940     5.08523     5.08523
         941     5.08523     5.08523
         942     5.08523     5.08523
         943     5.08523     5.08523
         944     5.08523     5.08523
         945     5.08523     5.08523
         946     5.08523     5.08523
         947     5.08523     5.08523
         948     5.08523     5.13944
         949     5.08523     5.08523
         950     5.08523     5.08523
         951     5.08523     5.09015
         952     5.08523     5.08523
         953     5.08523     5.08523
         954     5.08523     5.10789
         955     5.08523     5.13698
         956     5.08523     5.08523
         957     5.08523     5.08523
         958     5.08523     5.08523
         959     5.08523     5.08523
         960     5.08523     5.08523
         961     5.08523     5.08523
         962     5.08523     5.08523
         963     5.08523     5.08523
         964     5.08523     5.08523
         965     5.08523     5.08523
         966     5.08523     5.08523
         967     5.08523     5.08523
         968     5.08523     5.08523
         969     5.08523     5.08523
         970     5.08523     5.08523
         971     5.08523     5.08523
         972     5.08523     5.08523
         973     5.08523     5.08523
         974     5.08523     5.08523
         975     5.08523     5.08523
         976     5.08523     5.11982
         977     5.08523     5.08523
         978     5.08523     5.08523
         979     5.08523     5.08523
         980     5.08523     5.08523
         981     5.08523     5.08523
         982     5.08523     5.08523
         983     5.08523     5.08523
         984     5.08523     5.08523
         985     5.08523     5.08523
         986     5.08523     5.08523
         987     5.08523     5.08523
         988     5.08523     5.10818
         989     5.08523     5.08523
         990     5.08523     5.21254
         991     5.08523     5.15667
         992     5.08523     5.10326
         993     5.08523     5.08523
         994     5.08523     5.08523
         995     5.08523     5.08523
         996     5.08523     5.08523
         997     5.08523     5.08523
         998     5.08523     5.11895
         999     5.08523     5.09173
        1000     5.08523     5.10977
