#     BLOCK:   ACTUAL_TE:    TE_AVE:      ERROR:
           1      -0.496      -0.496           0
           2      -0.456      -0.476   0.0141421
           3       -0.44      -0.464   0.0135974
           4      -0.424      -0.454   0.0133791
           5       -0.44     -0.4512   0.0109924
           6      -0.384       -0.44   0.0137275
           7      -0.408   -0.435429   0.0125045
           8      -0.496      -0.443   0.0130336
           9      -0.424   -0.440889   0.0117552
          10       -0.44     -0.4408     0.01058
          11      -0.512   -0.447273   0.0114279
          12      -0.408      -0.444   0.0109341
          13      -0.376   -0.438769    0.011275
          14      -0.488   -0.442286   0.0110044
          15      -0.536   -0.448533    0.011913
          16      -0.432     -0.4475   0.0112131
          17      -0.488   -0.449882   0.0108037
          18       -0.52   -0.453778   0.0108831
          19      -0.488   -0.455579   0.0104583
          20      -0.456     -0.4556  0.00993539
          21      -0.392   -0.452571  0.00991313
          22      -0.408   -0.450545  0.00966734
          23      -0.368   -0.446957   0.0098908
          24      -0.448      -0.447  0.00947878
          25      -0.512     -0.4496  0.00944949
          26      -0.432   -0.448923  0.00911026
          27       -0.52   -0.451556  0.00914527
          28      -0.424   -0.450571  0.00887145
          29       -0.44   -0.450207  0.00857302
          30       -0.36     -0.4472  0.00879879
          31      -0.472      -0.448  0.00855125
          32      -0.464     -0.4485  0.00829863
          33       -0.48   -0.449455  0.00810186
          34      -0.504   -0.451059  0.00802084
          35      -0.408   -0.449829  0.00788545
          36      -0.456       -0.45  0.00766828
          37      -0.448   -0.449946  0.00746122
          38       -0.48   -0.450737  0.00730667
          39      -0.432   -0.450256  0.00713509
          40       -0.52      -0.452  0.00716659
          41      -0.528   -0.453854  0.00722755
          42      -0.544      -0.456  0.00736727
          43      -0.408   -0.454884  0.00728001
          44        -0.4   -0.453636  0.00722063
          45       -0.36   -0.451556  0.00735388
          46      -0.496   -0.452522  0.00725721
          47      -0.528   -0.454128  0.00727831
          48      -0.544      -0.456  0.00736357
          49      -0.432    -0.45551  0.00722957
          50      -0.416    -0.45472  0.00712803
          51       -0.52      -0.456  0.00710226
          52      -0.448   -0.455846  0.00696735
          53      -0.504   -0.456755  0.00689487
          54      -0.408   -0.455852  0.00682605
          55      -0.448   -0.455709  0.00670343
          56      -0.464   -0.455857  0.00658536
          57      -0.488   -0.456421  0.00649393
          58      -0.496   -0.457103  0.00641772
          59      -0.472   -0.457356  0.00631391
          60      -0.384   -0.456133  0.00632594
          61      -0.488   -0.456656  0.00624377
          62      -0.488   -0.457161  0.00616349
          63      -0.448   -0.457016  0.00606738
          64      -0.472    -0.45725  0.00597709
          65      -0.448   -0.457108  0.00588683
          66      -0.528   -0.458182  0.00589481
          67       -0.48   -0.458507  0.00581582
          68      -0.424      -0.458  0.00575239
          69       -0.52   -0.458899  0.00573877
          70      -0.424     -0.4584   0.0056784
          71       -0.44   -0.458141  0.00560433
          72       -0.48   -0.458444  0.00553471
          73      -0.352   -0.456986  0.00564771
          74      -0.496   -0.457514  0.00559594
          75      -0.432   -0.457173  0.00553166
          76      -0.408   -0.456526  0.00549658
          77      -0.472   -0.456727  0.00542887
          78      -0.472   -0.456923   0.0053628
          79       -0.56   -0.458228  0.00545133
          80       -0.52      -0.459   0.0054376
          81      -0.408    -0.45837   0.0054068
          82        -0.4   -0.457659  0.00538752
          83      -0.488   -0.458024    0.005335
          84      -0.448   -0.457905  0.00527282
          85       -0.44   -0.457694  0.00521499
          86      -0.392    -0.45693     0.00521
          87      -0.472   -0.457103  0.00515299
          88      -0.464   -0.457182  0.00509503
          89       -0.48   -0.457438  0.00504423
          90        -0.4     -0.4568  0.00502839
          91      -0.472   -0.456967  0.00497591
          92      -0.488   -0.457304  0.00493324
          93       -0.48   -0.457548  0.00488623
          94      -0.544   -0.458468  0.00492004
          95      -0.512   -0.459032  0.00490041
          96      -0.432    -0.45875  0.00485745
          97      -0.512   -0.459299   0.0048383
          98      -0.488   -0.459592  0.00479778
          99       -0.48   -0.459798  0.00475375
         100       -0.44     -0.4596  0.00471033
         101      -0.536   -0.460356  0.00472404
         102      -0.384   -0.459608  0.00473667
         103      -0.408   -0.459107  0.00471711
         104      -0.576   -0.460231  0.00480379
         105      -0.432   -0.459962  0.00476556
         106      -0.496   -0.460302  0.00473271
         107      -0.424   -0.459963  0.00470063
         108       -0.52   -0.460519  0.00468986
         109      -0.472   -0.460624  0.00464801
         110      -0.488   -0.460873  0.00461242
         111      -0.464   -0.460901  0.00457095
         112       -0.52   -0.461429  0.00456049
         113      -0.416   -0.461027  0.00453782
         114       -0.48   -0.461193  0.00450107
         115       -0.36   -0.460313  0.00454713
         116      -0.416   -0.459931  0.00452394
         117      -0.392    -0.45935  0.00452238
         118      -0.464    -0.45939  0.00448423
         119       -0.52   -0.459899  0.00447538
         120       -0.56   -0.460733  0.00451516
         121      -0.504   -0.461091  0.00449198
         122       -0.56   -0.461902  0.00452773
         123      -0.448   -0.461789  0.00449233
         124      -0.448   -0.461677  0.00445748
         125       -0.48   -0.461824  0.00442423
         126      -0.416    -0.46146  0.00440403
         127      -0.408   -0.461039  0.00438943
         128      -0.456      -0.461  0.00435531
         129      -0.536   -0.461581  0.00436018
         130      -0.464     -0.4616  0.00432668
         131      -0.504   -0.461924  0.00430574
         132      -0.384   -0.461333   0.0043134
         133      -0.368   -0.460632  0.00433768
         134      -0.504   -0.460955  0.00431737
         135      -0.456   -0.460919  0.00428554
         136      -0.448   -0.460824  0.00425508
         137      -0.448    -0.46073  0.00422505
         138      -0.472   -0.460812  0.00419523
         139       -0.44   -0.460662  0.00416772
         140      -0.496   -0.460914  0.00414558
         141      -0.496   -0.461163  0.00412364
         142       -0.44   -0.461014   0.0040973
         143      -0.432   -0.460811  0.00407366
         144       -0.44   -0.460667  0.00404794
         145      -0.448   -0.460579  0.00402096
         146      -0.368   -0.459945  0.00404311
         147      -0.472   -0.460027  0.00401644
         148      -0.416    -0.45973   0.0040003
         149      -0.528   -0.460188  0.00399961
         150      -0.448   -0.460107  0.00397377
         151       -0.48   -0.460238  0.00394964
         152       -0.44   -0.460105   0.0039259
         153      -0.456   -0.460078  0.00390033
         154      -0.464   -0.460104  0.00387509
         155      -0.416   -0.459819  0.00386052
         156      -0.376   -0.459282  0.00387298
         157      -0.456   -0.459261  0.00384837
         158      -0.616   -0.460253   0.0039498
         159      -0.504   -0.460528  0.00393453
         160       -0.48    -0.46065  0.00391182
         161       -0.44   -0.460522  0.00388963
         162       -0.48   -0.460642  0.00386748
         163       -0.44   -0.460515  0.00384582
         164      -0.424   -0.460293  0.00382881
         165       -0.52   -0.460655  0.00382267
         166      -0.472   -0.460723  0.00380025
         167      -0.504   -0.460982  0.00378632
         168      -0.448   -0.460905  0.00376457
         169      -0.536   -0.461349  0.00376843
         170       -0.52   -0.461694  0.00376202
         171      -0.384    -0.46124  0.00376736
         172      -0.536   -0.461674  0.00377045
         173      -0.488   -0.461827  0.00375172
         174       -0.36   -0.461241  0.00377552
         175      -0.408   -0.460937  0.00376619
         176      -0.472      -0.461  0.00374531
         177       -0.52   -0.461333  0.00373896
         178       -0.56   -0.461888  0.00375882
         179      -0.464   -0.461899  0.00373784
         180       -0.52   -0.462222  0.00373098
         181      -0.432   -0.462055   0.0037141
         182      -0.384   -0.461626  0.00371837
         183      -0.424   -0.461421  0.00370374
         184       -0.44   -0.461304  0.00368544
         185      -0.432   -0.461146  0.00366892
         186      -0.408    -0.46086   0.0036603
         187      -0.464   -0.460877  0.00364077
         188       -0.44   -0.460766  0.00362309
         189      -0.352    -0.46019  0.00364934
         190      -0.464   -0.460211  0.00363019
         191      -0.536   -0.460607   0.0036328
         192       -0.44     -0.4605  0.00361547
         193      -0.408   -0.460228  0.00360695
         194      -0.456   -0.460206  0.00358843
         195      -0.512   -0.460472  0.00357984
         196      -0.472   -0.460531  0.00356206
         197      -0.424   -0.460345   0.0035488
         198      -0.504   -0.460566  0.00353772
         199      -0.496   -0.460744  0.00352442
         200       -0.44    -0.46064  0.00350833
         201      -0.432   -0.460498  0.00349376
         202      -0.456   -0.460475  0.00347654
         203       -0.48   -0.460571  0.00346074
         204      -0.376   -0.460157  0.00346852
         205      -0.376   -0.459746  0.00347581
         206      -0.368   -0.459301  0.00348735
         207      -0.568   -0.459826  0.00350982
         208      -0.456   -0.459808  0.00349299
         209       -0.36    -0.45933  0.00350877
         210      -0.392    -0.45901  0.00350668
         211       -0.48   -0.459109  0.00349147
         212      -0.496   -0.459283  0.00347934
         213      -0.472   -0.459343  0.00346352
         214      -0.456   -0.459327  0.00344737
         215       -0.48   -0.459423  0.00343267
         216       -0.36   -0.458963   0.0034475
         217      -0.432   -0.458839  0.00343385
         218      -0.456   -0.458826  0.00341813
         219      -0.464   -0.458849   0.0034026
         220      -0.528   -0.459164  0.00340162
         221      -0.472   -0.459222  0.00338673
         222      -0.544   -0.459604  0.00339293
         223       -0.56   -0.460054  0.00340746
         224      -0.472   -0.460107  0.00339266
         225       -0.48   -0.460196  0.00337873
         226       -0.44   -0.460106  0.00336497
         227      -0.464   -0.460123  0.00335019
         228       -0.44   -0.460035  0.00333665
         229      -0.392   -0.459738  0.00333528
         230       -0.36   -0.459304  0.00334886
         231      -0.504   -0.459498  0.00333994
         232      -0.496   -0.459655  0.00332925
         233       -0.52   -0.459914  0.00332502
         234       -0.44   -0.459829   0.0033119
         235      -0.456   -0.459813  0.00329785
         236      -0.384   -0.459492  0.00329948
         237      -0.432   -0.459376   0.0032876
         238      -0.528   -0.459664   0.0032864
         239       -0.52   -0.459916  0.00328234
         240      -0.496   -0.460067   0.0032721
         241      -0.416   -0.459884  0.00326363
         242      -0.424   -0.459736  0.00325351
         243       -0.44   -0.459654  0.00324113
         244       -0.52   -0.459902  0.00323727
         245      -0.448   -0.459853  0.00322442
         246      -0.488   -0.459967  0.00321335
         247      -0.608   -0.460567  0.00325575
         248      -0.408   -0.460355  0.00324951
         249      -0.536   -0.460659  0.00325063
         250       -0.44   -0.460576  0.00323868
         251      -0.448   -0.460526  0.00322616
         252      -0.408   -0.460317  0.00322009
         253      -0.472   -0.460364  0.00320769
         254      -0.416   -0.460189  0.00319981
         255      -0.464   -0.460204   0.0031873
         256      -0.496   -0.460344  0.00317792
         257      -0.496   -0.460482  0.00316858
         258      -0.456   -0.460465  0.00315634
         259      -0.424   -0.460324   0.0031473
         260      -0.456   -0.460308  0.00313523
         261      -0.496   -0.460444   0.0031262
         262      -0.408   -0.460244  0.00312067
         263      -0.368   -0.459894  0.00312846
         264      -0.504   -0.460061  0.00312106
         265      -0.576   -0.460498   0.0031398
         266      -0.416   -0.460331  0.00313245
         267      -0.488   -0.460434  0.00312243
         268      -0.384   -0.460149  0.00312378
         269      -0.488   -0.460253  0.00311388
         270      -0.488   -0.460356  0.00310404
         271       -0.52   -0.460576  0.00310038
         272      -0.408   -0.460382    0.003095
         273        -0.4   -0.460161  0.00309156
         274      -0.472   -0.460204  0.00308058
         275       -0.44   -0.460131  0.00307025
         276      -0.496   -0.460261  0.00306188
         277      -0.432   -0.460159  0.00305252
         278       -0.48    -0.46023  0.00304238
         279      -0.576   -0.460645  0.00305964
         280      -0.488   -0.460743  0.00305027
         281      -0.408   -0.460555  0.00304519
         282       -0.56   -0.460908  0.00305474
         283       -0.48   -0.460975  0.00304469
         284      -0.472   -0.461014  0.00303421
         285      -0.352   -0.460632  0.00304758
         286      -0.472   -0.460671  0.00303719
         287      -0.416   -0.460516  0.00303059
         288      -0.488   -0.460611  0.00302157
         289      -0.464   -0.460623  0.00301114
         290      -0.432   -0.460524  0.00300237
         291       -0.44   -0.460454  0.00299288
         292      -0.448   -0.460411  0.00298294
         293      -0.432   -0.460314  0.00297433
         294      -0.512    -0.46049   0.0029694
         295      -0.432   -0.460393  0.00296091
         296      -0.512   -0.460568  0.00295603
         297      -0.496   -0.460687  0.00294849
         298      -0.528   -0.460913  0.00294723
         299      -0.384   -0.460656  0.00294858
         300      -0.472   -0.460693  0.00293899
         301      -0.488   -0.460784  0.00293063
         302       -0.48   -0.460848  0.00292162
         303       -0.44   -0.460779  0.00291278
         304      -0.472   -0.460816  0.00290344
         305      -0.496   -0.460931  0.00289621
         306      -0.456   -0.460915  0.00288679
         307       -0.48   -0.460977  0.00287805
         308      -0.472   -0.461013  0.00286893
         309      -0.432   -0.460919  0.00286118
         310      -0.488   -0.461006  0.00285329
         311       -0.52   -0.461196  0.00285041
         312      -0.504   -0.461333  0.00284457
         313      -0.424   -0.461214  0.00283799
         314      -0.392   -0.460994   0.0028375
         315       -0.48   -0.461054  0.00282913
         316      -0.496   -0.461165  0.00282234
         317      -0.376   -0.460896  0.00282619
         318      -0.336   -0.460503  0.00284446
         319      -0.432   -0.460414  0.00283695
         320      -0.496   -0.460525  0.00283026
         321      -0.584    -0.46091  0.00284747
         322       -0.44   -0.460845  0.00283936
         323      -0.464   -0.460854  0.00283059
         324      -0.432   -0.460765  0.00282325
         325      -0.424   -0.460652  0.00281683
         326       -0.44   -0.460589   0.0028089
         327      -0.504   -0.460722  0.00280345
         328      -0.408   -0.460561  0.00279951
         329      -0.448   -0.460523  0.00279126
         330       -0.52   -0.460703  0.00278861
         331      -0.528   -0.460906  0.00278759
         332      -0.456   -0.460892  0.00277923
         333       -0.44   -0.460829  0.00277159
         334      -0.432   -0.460743  0.00276464
         335       -0.44   -0.460681  0.00275708
         336       -0.44   -0.460619  0.00274956
         337      -0.424    -0.46051  0.00274355
         338      -0.496   -0.460615  0.00273744
         339      -0.464   -0.460625  0.00272938
         340      -0.504   -0.460753  0.00272433
         341      -0.552   -0.461021  0.00272946
         342       -0.48   -0.461076  0.00272204
         343      -0.496   -0.461178  0.00271601
         344      -0.384   -0.460953  0.00271736
         345      -0.528   -0.461148  0.00271643
         346      -0.368   -0.460879  0.00272188
         347       -0.44   -0.460818   0.0027147
         348       -0.48   -0.460874  0.00270746
         349      -0.376    -0.46063   0.0027106
         350      -0.424   -0.460526  0.00270488
         351      -0.488   -0.460604   0.0026983
         352       -0.36   -0.460318  0.00270573
         353      -0.496   -0.460419  0.00269996
         354      -0.424   -0.460316  0.00269429
         355      -0.504   -0.460439  0.00268951
         356      -0.496   -0.460539  0.00268381
         357       -0.44   -0.460482  0.00267691
         358      -0.456   -0.460469  0.00266946
         359      -0.456   -0.460457  0.00266205
         360      -0.472   -0.460489  0.00265485
         361       -0.44   -0.460432   0.0026481
         362      -0.424   -0.460331   0.0026427
         363      -0.496    -0.46043  0.00263724
         364      -0.448   -0.460396  0.00263022
         365      -0.472   -0.460427  0.00262321
         366      -0.376   -0.460197  0.00262616
         367      -0.416   -0.460076  0.00262177
         368      -0.536   -0.460283  0.00262275
         369      -0.528   -0.460466  0.00262205
         370      -0.552   -0.460714  0.00262661
         371      -0.472   -0.460744  0.00261971
         372      -0.504    -0.46086  0.00261524
         373      -0.448   -0.460826  0.00260846
         374      -0.408   -0.460684  0.00260531
         375      -0.416   -0.460565  0.00260108
         376      -0.464   -0.460574  0.00259418
         377      -0.496   -0.460668    0.002589
         378      -0.456   -0.460656  0.00258218
         379      -0.448   -0.460623  0.00257558
         380      -0.576   -0.460926  0.00258664
         381      -0.464   -0.460934  0.00257986
         382      -0.488   -0.461005  0.00257408
         383       -0.48   -0.461055  0.00256784
         384      -0.392   -0.460875  0.00256744
         385       -0.48   -0.460925  0.00256125
         386      -0.408   -0.460788  0.00255829
         387      -0.432   -0.460713  0.00255276
         388      -0.384   -0.460515  0.00255382
         389      -0.456   -0.460504  0.00254728
         390      -0.456   -0.460492  0.00254078
         391      -0.456   -0.460481  0.00253431
         392       -0.44   -0.460429  0.00252838
         393      -0.416   -0.460316  0.00252447
         394      -0.488   -0.460386  0.00251904
         395      -0.344   -0.460091  0.00252984
         396      -0.448   -0.460061  0.00252363
         397      -0.392   -0.459889  0.00252309
         398      -0.408   -0.459759  0.00252012
         399      -0.496    -0.45985  0.00251544
         400       -0.48     -0.4599  0.00250966
         401      -0.472    -0.45993  0.00250358
         402       -0.48    -0.45998  0.00249785
         403      -0.528   -0.460149  0.00249735
         404      -0.584   -0.460455  0.00250991
         405      -0.488   -0.460523  0.00250463
         406      -0.568   -0.460788  0.00251242
         407      -0.464   -0.460796  0.00250626
         408       -0.52   -0.460941  0.00250431
         409      -0.424   -0.460851  0.00249982
         410      -0.504   -0.460956  0.00249593
         411      -0.488   -0.461022  0.00249073
         412        -0.4   -0.460874  0.00248908
         413      -0.464   -0.460881  0.00248307
         414      -0.464   -0.460889  0.00247708
         415       -0.48   -0.460935  0.00247154
         416      -0.464   -0.460942  0.00246561
         417      -0.528   -0.461103  0.00246493
         418      -0.576   -0.461378  0.00247432
         419      -0.456   -0.461365  0.00246844
         420      -0.448   -0.461333  0.00246277
         421       -0.44   -0.461283  0.00245744
         422      -0.456    -0.46127  0.00245165
         423      -0.464   -0.461277  0.00244586
         424       -0.48   -0.461321  0.00244049
         425      -0.456   -0.461308  0.00243478
         426      -0.504   -0.461408  0.00243113
         427       -0.44   -0.461358  0.00242595
         428      -0.448   -0.461327  0.00242049
         429      -0.552   -0.461538  0.00242405
         430      -0.472   -0.461563  0.00241854
         431      -0.352   -0.461309  0.00242625
         432      -0.384    -0.46113  0.00242723
         433      -0.464   -0.461136  0.00242163
         434      -0.456   -0.461124  0.00241608
         435      -0.504   -0.461223  0.00241253
         436       -0.56    -0.46145  0.00241761
         437        -0.4   -0.461309  0.00241617
         438      -0.504   -0.461406  0.00241262
         439      -0.432   -0.461339  0.00240805
         440      -0.488     -0.4614  0.00240334
         441      -0.456   -0.461388  0.00239792
         442      -0.488   -0.461448  0.00239325
         443       -0.52    -0.46158   0.0023915
         444      -0.432   -0.461514  0.00238704
         445      -0.496   -0.461591  0.00238293
         446      -0.416   -0.461489  0.00237978
         447      -0.432   -0.461423  0.00237537
         448      -0.584   -0.461696  0.00238577
         449      -0.568   -0.461933  0.00239218
         450      -0.408   -0.461813  0.00238986
         451      -0.464   -0.461818  0.00238457
         452       -0.48   -0.461858  0.00237963
         453      -0.584   -0.462128  0.00238961
         454      -0.416   -0.462026   0.0023865
         455      -0.456   -0.462013  0.00238129
         456      -0.536   -0.462175  0.00238159
         457      -0.448   -0.462144  0.00237658
         458      -0.552   -0.462341  0.00237948
         459      -0.512   -0.462449  0.00237675
         460      -0.464   -0.462452  0.00237159
         461      -0.456   -0.462438  0.00236649
         462      -0.416   -0.462338   0.0023635
         463      -0.416   -0.462238  0.00236051
         464      -0.496    -0.46231  0.00235654
         465      -0.448    -0.46228  0.00235168
         466      -0.472     -0.4623  0.00234672
         467      -0.512   -0.462407  0.00234411
         468      -0.376   -0.462222  0.00234636
         469      -0.408   -0.462107   0.0023442
         470      -0.544   -0.462281  0.00234568
         471       -0.44   -0.462234  0.00234118
         472      -0.472   -0.462254  0.00233631
         473      -0.368   -0.462055  0.00233985
         474      -0.376   -0.461873  0.00234195
         475      -0.536   -0.462029  0.00234221
         476      -0.448      -0.462  0.00233748
         477      -0.504   -0.462088  0.00233424
         478      -0.504   -0.462176    0.002331
         479      -0.528   -0.462313  0.00233018
         480      -0.392   -0.462167  0.00232993
         481      -0.472   -0.462187  0.00232517
         482      -0.496   -0.462257  0.00232141
         483       -0.36   -0.462046  0.00232623
         484      -0.432   -0.461983  0.00232226
         485      -0.424   -0.461905  0.00231879
         486      -0.408   -0.461794  0.00231667
         487       -0.48   -0.461832  0.00231221
         488       -0.52   -0.461951  0.00231054
         489       -0.56   -0.462151   0.0023145
         490      -0.392   -0.462008   0.0023142
         491      -0.464   -0.462012  0.00230949
         492      -0.568   -0.462228  0.00231482
         493      -0.584   -0.462475  0.00232327
         494      -0.536   -0.462623  0.00232333
         495      -0.464   -0.462626  0.00231864
         496      -0.504    -0.46271  0.00231546
         497      -0.464   -0.462712  0.00231081
         498      -0.488   -0.462763  0.00230672
         499      -0.432   -0.462701  0.00230292
         500      -0.512     -0.4628  0.00230043
         501       -0.48   -0.462834  0.00229609
         502      -0.472   -0.462853  0.00229159
         503       -0.44   -0.462807  0.00228749
         504      -0.456   -0.462794  0.00228299
         505       -0.48   -0.462828  0.00227872
         506       -0.48   -0.462862  0.00227447
         507      -0.368   -0.462675  0.00227767
         508        -0.4   -0.462551  0.00227652
         509      -0.448   -0.462523  0.00227223
         510      -0.392   -0.462384  0.00227198
         511       -0.44   -0.462341  0.00226795
         512      -0.384   -0.462187  0.00226868
         513      -0.448    -0.46216  0.00226443
         514      -0.464   -0.462163  0.00226002
         515       -0.52   -0.462276  0.00225842
         516      -0.408   -0.462171  0.00225649
         517      -0.504   -0.462251  0.00225358
         518      -0.424   -0.462178  0.00225044
         519      -0.488   -0.462227  0.00224665
         520      -0.544   -0.462385  0.00224783
         521      -0.416   -0.462296  0.00224528
         522      -0.432   -0.462238  0.00224173
         523      -0.504   -0.462317  0.00223886
         524       -0.52   -0.462427  0.00223729
         525      -0.504   -0.462507  0.00223443
         526      -0.552   -0.462677  0.00223665
         527      -0.408   -0.462573  0.00223481
         528      -0.472   -0.462591  0.00223065
         529      -0.424   -0.462518  0.00222763
         530      -0.464   -0.462521  0.00222343
         531      -0.376   -0.462358   0.0022252
         532      -0.464   -0.462361  0.00222102
         533      -0.536   -0.462499  0.00222115
         534      -0.368   -0.462322  0.00222403
         535      -0.432   -0.462265  0.00222059
         536        -0.4   -0.462149  0.00221948
         537      -0.384   -0.462004  0.00222012
         538       -0.52   -0.462112  0.00221861
         539       -0.48   -0.462145  0.00221474
         540      -0.488   -0.462193  0.00221115
         541      -0.456   -0.462181   0.0022071
         542      -0.448   -0.462155  0.00220318
         543      -0.448   -0.462129  0.00219928
         544      -0.432   -0.462074  0.00219593
         545      -0.376   -0.461916  0.00219757
         546      -0.352   -0.461714  0.00220275
         547      -0.456   -0.461704  0.00219875
         548       -0.44   -0.461664  0.00219509
         549       -0.52    -0.46177  0.00219366
         550       -0.48   -0.461804  0.00218993
         551      -0.528   -0.461924  0.00218924
         552      -0.568   -0.462116   0.0021937
         553      -0.456   -0.462105  0.00218976
         554      -0.448   -0.462079  0.00218595
         555      -0.552   -0.462241  0.00218801
         556      -0.568   -0.462432  0.00219233
         557      -0.408   -0.462334  0.00219057
         558      -0.432    -0.46228  0.00218732
         559      -0.448   -0.462254  0.00218355
         560      -0.552   -0.462414  0.00218553
         561      -0.448   -0.462389  0.00218178
         562      -0.488   -0.462434  0.00217838
         563      -0.496   -0.462494  0.00217532
         564       -0.48   -0.462525  0.00217169
         565      -0.456   -0.462513  0.00216787
         566      -0.504   -0.462587  0.00216528
         567      -0.472   -0.462603  0.00216153
         568       -0.52   -0.462704  0.00216008
         569       -0.52   -0.462805  0.00215863
         570      -0.456   -0.462793  0.00215488
         571      -0.472   -0.462809  0.00215116
         572      -0.432   -0.462755  0.00214808
         573      -0.488   -0.462799  0.00214478
         574      -0.432   -0.462746  0.00214172
         575       -0.48   -0.462776   0.0021382
         576      -0.464   -0.462778  0.00213449
         577      -0.432   -0.462724  0.00213146
         578      -0.496   -0.462782  0.00212855
         579       -0.44   -0.462743  0.00212523
         580      -0.432    -0.46269  0.00212223
         581      -0.456   -0.462678  0.00211861
         582        -0.4    -0.46257   0.0021177
         583      -0.488   -0.462614  0.00211452
         584      -0.496   -0.462671  0.00211167
         585      -0.376   -0.462523  0.00211325
         586      -0.384   -0.462389  0.00211389
         587      -0.528   -0.462501  0.00211324
         588      -0.448   -0.462476  0.00210979
         589      -0.464   -0.462479  0.00210621
         590        -0.4   -0.462373   0.0021053
         591      -0.608   -0.462619  0.00211611
         592      -0.456   -0.462608  0.00211257
         593      -0.496   -0.462664  0.00210976
         594      -0.552   -0.462815  0.00211156
         595       -0.44   -0.462776  0.00210836
         596      -0.448   -0.462752  0.00210497
         597      -0.448   -0.462727  0.00210158
         598      -0.456   -0.462716   0.0020981
         599      -0.504   -0.462785  0.00209573
         600      -0.448    -0.46276  0.00209238
         601       -0.36   -0.462589  0.00209587
         602      -0.568   -0.462764  0.00209969
         603      -0.376    -0.46262  0.00210114
         604      -0.448   -0.462596   0.0020978
         605      -0.448   -0.462572  0.00209447
         606      -0.432   -0.462521  0.00209162
         607      -0.384   -0.462392  0.00209217
         608      -0.368   -0.462237  0.00209448
         609      -0.448   -0.462213  0.00209117
         610      -0.464   -0.462216  0.00208775
         611      -0.344   -0.462023  0.00209328
         612      -0.416   -0.461948  0.00209121
         613      -0.472   -0.461964  0.00208786
         614      -0.528   -0.462072  0.00208723
         615      -0.496   -0.462127  0.00208456
         616      -0.456   -0.462117   0.0020812
         617      -0.472   -0.462133  0.00207789
         618      -0.496   -0.462188  0.00207525
         619      -0.448   -0.462165  0.00207202
         620       -0.44   -0.462129  0.00206899
         621      -0.392   -0.462016  0.00206874
         622       -0.48   -0.462045  0.00206561
         623      -0.464   -0.462048   0.0020623
         624      -0.536   -0.462167   0.0020624
         625      -0.464    -0.46217   0.0020591
         626      -0.456    -0.46216  0.00205584
         627      -0.464   -0.462163  0.00205256
         628      -0.424   -0.462102  0.00205019
         629      -0.424   -0.462041  0.00204782
         630      -0.504   -0.462108  0.00204566
         631       -0.36   -0.461946  0.00204881
         632      -0.376    -0.46181  0.00205007
         633      -0.512   -0.461889  0.00204837
         634      -0.336   -0.461691  0.00205474
         635       -0.36   -0.461531  0.00205773
         636      -0.464   -0.461535   0.0020545
         637       -0.48   -0.461564  0.00205148
         638      -0.448   -0.461542  0.00204837
         639      -0.464   -0.461546  0.00204517
         640      -0.408   -0.461462  0.00204369
         641      -0.456   -0.461454  0.00204052
         642      -0.504    -0.46152  0.00203841
         643       -0.48   -0.461549  0.00203545
         644      -0.512   -0.461627  0.00203379
         645      -0.416   -0.461557  0.00203187
         646      -0.392   -0.461449  0.00203158
         647      -0.456    -0.46144  0.00202845
         648      -0.448    -0.46142  0.00202543
         649      -0.456   -0.461411  0.00202232
         650      -0.496   -0.461465  0.00201991
         651      -0.448   -0.461444  0.00201692
         652      -0.552   -0.461583   0.0020186
         653      -0.496   -0.461636   0.0020162
         654        -0.4   -0.461541  0.00201532
         655      -0.416   -0.461472  0.00201344
         656      -0.504   -0.461537  0.00201141
         657      -0.432   -0.461492  0.00200885
         658       -0.52   -0.461581  0.00200777
         659      -0.448    -0.46156  0.00200483
         660      -0.448   -0.461539  0.00200189
         661      -0.512   -0.461616  0.00200032
         662      -0.504    -0.46168  0.00199832
         663       -0.36   -0.461526  0.00200118
         664      -0.504    -0.46159  0.00199919
         665      -0.472   -0.461606  0.00199625
         666      -0.448   -0.461586  0.00199335
         667      -0.416   -0.461517  0.00199154
         668      -0.464   -0.461521  0.00198856
         669      -0.656   -0.461812  0.00200672
         670      -0.464   -0.461815  0.00200373
         671      -0.488   -0.461854  0.00200112
         672      -0.408   -0.461774  0.00199975
         673      -0.584   -0.461955  0.00200501
         674       -0.56   -0.462101   0.0020073
         675      -0.424   -0.462044  0.00200512
         676      -0.472   -0.462059  0.00200221
         677      -0.392   -0.461956  0.00200193
         678      -0.488   -0.461994  0.00199934
         679      -0.376   -0.461867  0.00200041
         680      -0.464   -0.461871  0.00199747
         681      -0.456   -0.461862  0.00199455
         682      -0.488     -0.4619    0.001992
         683      -0.536   -0.462009  0.00199203
         684      -0.536   -0.462117  0.00199205
         685      -0.424   -0.462061  0.00198992
         686      -0.448   -0.462041  0.00198713
         687       -0.44   -0.462009  0.00198449
         688      -0.392   -0.461907  0.00198422
         689      -0.464    -0.46191  0.00198134
         690      -0.416   -0.461843  0.00197958
         691      -0.472   -0.461858  0.00197677
         692       -0.52   -0.461942   0.0019757
         693      -0.424   -0.461887  0.00197361
         694      -0.456   -0.461879  0.00197078
         695      -0.536   -0.461986  0.00197083
         696      -0.488   -0.462023  0.00196835
         697      -0.424   -0.461968  0.00196629
         698       -0.44   -0.461937  0.00196372
         699      -0.496   -0.461986  0.00196152
         700      -0.464   -0.461989  0.00195872
         701      -0.368   -0.461854  0.00196051
         702      -0.528   -0.461949  0.00195998
         703      -0.456    -0.46194  0.00195721
         704      -0.424   -0.461886  0.00195517
         705      -0.448   -0.461867  0.00195249
         706      -0.392   -0.461768  0.00195223
         707      -0.488   -0.461805  0.00194983
         708      -0.408   -0.461729  0.00194855
         709      -0.512     -0.4618  0.00194709
         710       -0.48   -0.461825  0.00194452
         711      -0.504   -0.461885  0.00194269
         712       -0.56   -0.462022  0.00194484
         713      -0.488   -0.462059  0.00194246
         714      -0.472   -0.462073  0.00193979
         715      -0.448   -0.462053  0.00193717
         716        -0.4   -0.461966   0.0019364
         717      -0.432   -0.461925  0.00193415
         718      -0.456   -0.461916  0.00193148
         719      -0.496   -0.461964  0.00192937
         720      -0.488      -0.462  0.00192703
         721      -0.424   -0.461947  0.00192508
         722       -0.44   -0.461917  0.00192265
         723      -0.536   -0.462019  0.00192272
         724      -0.472   -0.462033  0.00192012
         725      -0.408   -0.461959  0.00191892
         726       -0.44   -0.461928  0.00191651
         727      -0.488   -0.461964  0.00191421
         728       -0.44   -0.461934  0.00191182
         729      -0.448   -0.461915  0.00190929
         730      -0.504   -0.461973  0.00190755
         731      -0.464   -0.461975  0.00190494
         732       -0.48      -0.462  0.00190249
         733      -0.472   -0.462014  0.00189995
         734      -0.408    -0.46194  0.00189878
         735      -0.448   -0.461921   0.0018963
         736      -0.496   -0.461967  0.00189428
         737      -0.368    -0.46184    0.001896
         738      -0.432   -0.461799  0.00189386
         739      -0.608   -0.461997   0.0019016
         740       -0.44   -0.461968  0.00189927
         741      -0.456    -0.46196  0.00189672
         742      -0.424   -0.461908  0.00189485
         743      -0.424   -0.461857  0.00189299
         744      -0.408   -0.461785  0.00189183
         745        -0.4   -0.461702  0.00189111
         746      -0.408    -0.46163  0.00188994
         747      -0.496   -0.461676  0.00188797
         748      -0.472    -0.46169   0.0018855
         749      -0.456   -0.461682    0.001883
         750      -0.464   -0.461685  0.00188049
         751      -0.456   -0.461678    0.001878
         752      -0.472   -0.461691  0.00187555
         753      -0.448   -0.461673  0.00187315
         754      -0.456   -0.461666  0.00187068
         755      -0.384   -0.461563  0.00187103
         756      -0.528   -0.461651  0.00187062
         757      -0.432   -0.461612  0.00186856
         758      -0.488   -0.461646  0.00186642
         759       -0.52   -0.461723  0.00186554
         760      -0.432   -0.461684  0.00186349
         761        -0.4   -0.461603  0.00186281
         762      -0.496   -0.461648  0.00186091
         763       -0.44    -0.46162  0.00185869
         764       -0.44   -0.461592  0.00185647
         765      -0.488   -0.461626  0.00185436
         766      -0.584   -0.461786  0.00185881
         767      -0.376   -0.461674  0.00185975
         768      -0.416   -0.461615  0.00185828
         769      -0.504    -0.46167  0.00185668
         770      -0.448   -0.461652  0.00185435
         771      -0.488   -0.461686  0.00185226
         772      -0.512   -0.461751  0.00185101
         773        -0.4   -0.461671  0.00185034
         774       -0.52   -0.461747  0.00184948
         775      -0.504   -0.461801   0.0018479
         776      -0.512   -0.461866  0.00184665
         777       -0.48   -0.461889  0.00184442
         778      -0.376   -0.461779  0.00184535
         779      -0.512   -0.461843  0.00184411
         780       -0.44   -0.461815  0.00184196
         781       -0.48   -0.461839  0.00183975
         782      -0.536   -0.461934  0.00183984
         783      -0.528   -0.462018  0.00183942
         784      -0.448      -0.462  0.00183716
         785      -0.432   -0.461962  0.00183522
         786      -0.472   -0.461975  0.00183293
         787      -0.496   -0.462018  0.00183111
         788      -0.408   -0.461949  0.00183007
         789      -0.344     -0.4618  0.00183384
         790       -0.44   -0.461772  0.00183173
         791      -0.392   -0.461684  0.00183154
         792      -0.472   -0.461697  0.00182927
         793       -0.48    -0.46172  0.00182711
         794      -0.416   -0.461662  0.00182571
         795      -0.512   -0.461726  0.00182452
         796      -0.416   -0.461668  0.00182313
         797      -0.528   -0.461752  0.00182274
         798      -0.488   -0.461784  0.00182075
         799       -0.56   -0.461907  0.00182262
         800      -0.424    -0.46186  0.00182095
         801      -0.544   -0.461963  0.00182157
         802       -0.48   -0.461985  0.00181943
         803      -0.472   -0.461998  0.00181721
         804      -0.416    -0.46194  0.00181585
         805        -0.4   -0.461863  0.00181522
         806       -0.48   -0.461886  0.00181311
         807      -0.528   -0.461968  0.00181272
         808      -0.552   -0.462079  0.00181389
         809        -0.4   -0.462002  0.00181327
         810      -0.392   -0.461916  0.00181309
         811      -0.448   -0.461899  0.00181094
         812       -0.52    -0.46197  0.00181012
         813       -0.44   -0.461943   0.0018081
         814      -0.512   -0.462005  0.00180692
         815      -0.488   -0.462037  0.00180499
         816      -0.448    -0.46202  0.00180286
         817       -0.48   -0.462042  0.00180078
         818      -0.416   -0.461985  0.00179946
         819      -0.448   -0.461968  0.00179734
         820        -0.4   -0.461893  0.00179674
         821      -0.504   -0.461944  0.00179528
         822      -0.464   -0.461946   0.0017931
         823      -0.488   -0.461978   0.0017912
         824       -0.52   -0.462049  0.00179041
         825      -0.528   -0.462128  0.00179003
         826      -0.488    -0.46216  0.00178813
         827      -0.464   -0.462162  0.00178597
         828      -0.488   -0.462193  0.00178409
         829      -0.376   -0.462089  0.00178496
         830      -0.488    -0.46212  0.00178309
         831      -0.384   -0.462026  0.00178342
         832      -0.368   -0.461913  0.00178485
         833      -0.528   -0.461993  0.00178447
         834      -0.448   -0.461976  0.00178241
         835       -0.44    -0.46195  0.00178047
         836      -0.392   -0.461866   0.0017803
         837      -0.376   -0.461763  0.00178113
         838      -0.456   -0.461757  0.00177902
         839      -0.536   -0.461845   0.0017791
         840      -0.376   -0.461743  0.00177991
         841      -0.424   -0.461698  0.00177836
         842      -0.464   -0.461701  0.00177625
         843      -0.488   -0.461732  0.00177442
         844      -0.448   -0.461716  0.00177239
         845      -0.472   -0.461728  0.00177033
         846      -0.536   -0.461816  0.00177042
         847      -0.392   -0.461733  0.00177024
         848      -0.376   -0.461632  0.00177104
         849      -0.504   -0.461682  0.00176966
         850      -0.336   -0.461534  0.00177374
         851      -0.424    -0.46149  0.00177221
         852      -0.424   -0.461446  0.00177067
         853       -0.48   -0.461468  0.00176873
         854        -0.4   -0.461396  0.00176812
         855      -0.488   -0.461427  0.00176633
         856      -0.416   -0.461374  0.00176506
         857       -0.44   -0.461349  0.00176318
         858      -0.464   -0.461352  0.00176113
         859        -0.4   -0.461281  0.00176052
         860      -0.544   -0.461377   0.0017611
         861      -0.512   -0.461436  0.00176004
         862      -0.456   -0.461429  0.00175801
         863      -0.448   -0.461414  0.00175604
         864      -0.432    -0.46138  0.00175434
         865      -0.392   -0.461299  0.00175414
         866       -0.44   -0.461275  0.00175229
         867      -0.504   -0.461324  0.00175096
         868        -0.4   -0.461253  0.00175037
         869      -0.584   -0.461395  0.00175404
         870       -0.32   -0.461232  0.00175954
         871      -0.472   -0.461245  0.00175756
         872      -0.488   -0.461275  0.00175582
         873      -0.368   -0.461168  0.00175705
         874      -0.496   -0.461208  0.00175549
         875      -0.464   -0.461211  0.00175349
         876       -0.44   -0.461187  0.00175166
         877       -0.44   -0.461163  0.00174983
         878      -0.456   -0.461157  0.00174784
         879      -0.424   -0.461115  0.00174637
         880       -0.48   -0.461136  0.00174451
         881      -0.552    -0.46124  0.00174558
         882      -0.456   -0.461234  0.00174361
         883      -0.384   -0.461146  0.00174383
         884        -0.4   -0.461077  0.00174323
         885      -0.488   -0.461107  0.00174152
         886        -0.4   -0.461038  0.00174092
         887      -0.456   -0.461033  0.00173897
         888      -0.432      -0.461  0.00173732
         889      -0.472   -0.461012  0.00173541
         890      -0.496   -0.461052   0.0017339
         891      -0.464   -0.461055  0.00173196
         892      -0.392   -0.460978  0.00173175
         893      -0.536   -0.461062  0.00173184
         894       -0.52   -0.461128  0.00173116
         895      -0.552   -0.461229   0.0017322
         896       -0.44   -0.461205  0.00173043
         897      -0.416   -0.461155  0.00172924
         898      -0.384   -0.461069  0.00172944
         899      -0.328   -0.460921  0.00173384
         900       -0.44   -0.460898  0.00173207
         901      -0.424   -0.460857  0.00173063
         902       -0.44   -0.460834  0.00172887
         903      -0.568   -0.460952  0.00173102
         904       -0.44   -0.460929  0.00172926
         905        -0.4   -0.460862  0.00172866
         906      -0.464   -0.460865  0.00172676
         907      -0.472   -0.460878   0.0017249
         908      -0.432   -0.460846  0.00172329
         909      -0.472   -0.460858  0.00172144
         910        -0.4   -0.460791  0.00172085
         911      -0.456   -0.460786  0.00171897
         912      -0.472   -0.460798  0.00171712
         913       -0.48   -0.460819  0.00171537
         914      -0.448   -0.460805  0.00171355
         915       -0.56   -0.460914  0.00171511
         916      -0.424   -0.460873  0.00171371
         917       -0.44   -0.460851  0.00171199
         918      -0.432   -0.460819  0.00171041
         919      -0.424   -0.460779  0.00170902
         920        -0.4   -0.460713  0.00170844
         921       -0.48   -0.460734  0.00170671
         922      -0.448    -0.46072  0.00170492
         923      -0.384   -0.460637   0.0017051
         924       -0.48   -0.460658  0.00170338
         925      -0.504   -0.460705  0.00170218
         926       -0.44   -0.460683  0.00170049
         927      -0.448   -0.460669  0.00169871
         928      -0.448   -0.460655  0.00169694
         929       -0.44   -0.460633  0.00169525
         930      -0.536   -0.460714  0.00169537
         931      -0.552   -0.460812  0.00169638
         932       -0.48   -0.460833  0.00169468
         933      -0.448   -0.460819  0.00169292
         934      -0.432   -0.460788  0.00169139
         935      -0.512   -0.460843  0.00169047
         936      -0.408   -0.460786  0.00168961
         937      -0.448   -0.460773  0.00168786
         938      -0.544   -0.460861  0.00168839
         939      -0.568   -0.460976  0.00169044
         940      -0.472   -0.460987  0.00168868
         941      -0.464    -0.46099  0.00168689
         942       -0.48   -0.461011  0.00168522
         943       -0.48   -0.461031  0.00168356
         944      -0.384   -0.460949  0.00168375
         945       -0.52   -0.461012  0.00168313
         946      -0.448   -0.460998   0.0016814
         947      -0.424   -0.460959  0.00168008
         948       -0.44   -0.460937  0.00167846
         949      -0.464    -0.46094  0.00167669
         950      -0.448   -0.460926  0.00167498
         951       -0.48   -0.460946  0.00167334
         952      -0.432   -0.460916  0.00167186
         953       -0.48   -0.460936  0.00167022
         954      -0.496   -0.460973  0.00166888
         955        -0.4   -0.460909  0.00166835
         956      -0.496   -0.460946  0.00166701
         957      -0.512   -0.460999  0.00166612
         958      -0.504   -0.461044  0.00166499
         959      -0.464   -0.461047  0.00166325
         960       -0.48   -0.461067  0.00166164
         961      -0.432   -0.461036  0.00166018
         962      -0.496   -0.461073  0.00165886
         963      -0.472   -0.461084  0.00165717
         964      -0.392   -0.461012    0.001657
         965      -0.392   -0.460941  0.00165683
         966      -0.424   -0.460903  0.00165555
         967      -0.424   -0.460865  0.00165428
         968      -0.432   -0.460835  0.00165284
         969       -0.52   -0.460896  0.00165226
         970      -0.448   -0.460882  0.00165061
         971      -0.448   -0.460869  0.00164897
         972      -0.448   -0.460856  0.00164732
         973      -0.392   -0.460785  0.00164715
         974      -0.448   -0.460772  0.00164551
         975      -0.456   -0.460767  0.00164383
         976      -0.488   -0.460795  0.00164238
         977      -0.512   -0.460847  0.00164154
         978       -0.48   -0.460867  0.00163997
         979      -0.456   -0.460862  0.00163831
         980      -0.576    -0.46098  0.00164084
         981      -0.432    -0.46095  0.00163944
         982      -0.552   -0.461043  0.00164039
         983      -0.432   -0.461013  0.00163898
         984      -0.528   -0.461081  0.00163873
         985      -0.544   -0.461165  0.00163923
         986      -0.488   -0.461193  0.00163779
         987      -0.488    -0.46122  0.00163636
         988      -0.376   -0.461134  0.00163697
         989      -0.472   -0.461145  0.00163535
         990      -0.432   -0.461115  0.00163397
         991      -0.472   -0.461126  0.00163236
         992      -0.504   -0.461169  0.00163128
         993       -0.44   -0.461148  0.00162978
         994       -0.44   -0.461127  0.00162828
         995      -0.384   -0.461049  0.00162849
         996      -0.384   -0.460972  0.00162869
         997      -0.504   -0.461015  0.00162763
         998      -0.456    -0.46101    0.001626
         999      -0.456   -0.461005  0.00162438
        1000       -0.44   -0.460984  0.00162289
        1001      -0.432   -0.460955  0.00162153
        1002       -0.52   -0.461014  0.00162098
        1003      -0.448   -0.461001  0.00161942
        1004      -0.392   -0.460932  0.00161926
        1005      -0.464   -0.460935  0.00161765
        1006        -0.4   -0.460875  0.00161718
        1007      -0.456    -0.46087  0.00161558
        1008      -0.352   -0.460762  0.00161759
        1009      -0.496   -0.460797  0.00161636
        1010       -0.44   -0.460776  0.00161489
        1011      -0.464   -0.460779   0.0016133
        1012       -0.52   -0.460838  0.00161276
        1013      -0.416   -0.460794  0.00161178
        1014       -0.44   -0.460773  0.00161032
        1015      -0.448   -0.460761  0.00160878
        1016      -0.416   -0.460717   0.0016078
        1017        -0.4   -0.460657  0.00160733
        1018      -0.408   -0.460605  0.00160658
        1019      -0.456   -0.460601  0.00160501
        1020       -0.44    -0.46058  0.00160356
        1021      -0.488   -0.460607  0.00160222
        1022       -0.44   -0.460587  0.00160078
        1023      -0.504    -0.46063  0.00159978
        1024      -0.496   -0.460664  0.00159859
        1025      -0.568   -0.460769  0.00160045
        1026      -0.552   -0.460858  0.00160136
        1027      -0.448   -0.460845  0.00159985
        1028      -0.424   -0.460809   0.0015987
        1029      -0.376   -0.460727  0.00159927
        1030      -0.448   -0.460715  0.00159776
        1031      -0.512   -0.460764  0.00159698
        1032      -0.448   -0.460752  0.00159549
        1033      -0.368   -0.460662  0.00159647
        1034      -0.496   -0.460696  0.00159529
        1035      -0.456   -0.460692  0.00159375
        1036      -0.456   -0.460687  0.00159222
        1037      -0.568   -0.460791  0.00159404
        1038       -0.44   -0.460771  0.00159263
        1039      -0.416   -0.460728  0.00159168
        1040      -0.496   -0.460762  0.00159052
        1041      -0.456   -0.460757  0.00158899
        1042      -0.488   -0.460783  0.00158768
        1043      -0.456   -0.460779  0.00158617
        1044      -0.456   -0.460774  0.00158466
        1045      -0.376   -0.460693  0.00158521
        1046      -0.456   -0.460688  0.00158371
        1047      -0.408   -0.460638  0.00158299
        1048      -0.392   -0.460573  0.00158284
        1049      -0.352   -0.460469  0.00158471
        1050      -0.568   -0.460571   0.0015865
        1051        -0.4   -0.460514  0.00158604
        1052      -0.496   -0.460548  0.00158489
        1053      -0.472   -0.460558  0.00158342
        1054      -0.408   -0.460509  0.00158271
        1055       -0.48   -0.460527  0.00158131
        1056      -0.504   -0.460568  0.00158035
        1057      -0.384   -0.460496  0.00158052
        1058       -0.52   -0.460552  0.00158002
        1059      -0.456   -0.460548  0.00157854
        1060      -0.352   -0.460445  0.00158037
        1061      -0.488   -0.460471  0.00157909
        1062      -0.392   -0.460407  0.00157892
        1063      -0.368    -0.46032  0.00157982
        1064      -0.504   -0.460361  0.00157887
        1065      -0.528   -0.460424  0.00157867
        1066      -0.416   -0.460383  0.00157774
        1067       -0.44   -0.460364  0.00157637
        1068      -0.496   -0.460397  0.00157525
        1069      -0.408   -0.460348  0.00157454
        1070      -0.504   -0.460389   0.0015736
        1071      -0.384   -0.460317  0.00157374
        1072        -0.4   -0.460261  0.00157328
        1073      -0.408   -0.460212  0.00157257
        1074      -0.608    -0.46035  0.00157711
        1075       -0.48   -0.460368  0.00157575
        1076      -0.568   -0.460468  0.00157746
        1077      -0.536   -0.460539  0.00157755
        1078      -0.496   -0.460571  0.00157643
        1079      -0.392   -0.460508  0.00157625
        1080      -0.536   -0.460578  0.00157634
        1081      -0.584   -0.460692  0.00157901
        1082      -0.536   -0.460762  0.00157909
        1083      -0.472   -0.460772  0.00157766
        1084      -0.416   -0.460731  0.00157675
        1085      -0.456   -0.460726   0.0015753
        1086      -0.472   -0.460737  0.00157388
        1087      -0.496   -0.460769  0.00157277
        1088      -0.536   -0.460838  0.00157284
        1089      -0.512   -0.460885   0.0015721
        1090      -0.448   -0.460873   0.0015707
        1091      -0.472   -0.460884   0.0015693
        1092       -0.52   -0.460938  0.00156879
        1093      -0.496    -0.46097  0.00156768
        1094      -0.432   -0.460943  0.00156648
        1095      -0.312   -0.460807  0.00157094
        1096      -0.512   -0.460854   0.0015702
        1097      -0.552   -0.460937  0.00157097
        1098      -0.528   -0.460998  0.00157072
        1099      -0.472   -0.461008  0.00156932
        1100      -0.504   -0.461047  0.00156838
        1101      -0.552    -0.46113  0.00156913
        1102      -0.464   -0.461132  0.00156771
        1103       -0.52   -0.461186   0.0015672
        1104      -0.488    -0.46121  0.00156597
        1105      -0.408   -0.461162  0.00156529
        1106      -0.528   -0.461222  0.00156504
        1107      -0.528   -0.461283  0.00156479
        1108      -0.384   -0.461213  0.00156493
        1109      -0.384   -0.461143  0.00156507
        1110      -0.392   -0.461081   0.0015649
        1111      -0.512   -0.461127  0.00156416
        1112        -0.4   -0.461072  0.00156372
        1113       -0.52   -0.461125  0.00156321
        1114      -0.488   -0.461149  0.00156199
        1115      -0.408   -0.461101  0.00156132
        1116        -0.4   -0.461047  0.00156088
        1117       -0.48   -0.461064  0.00155957
        1118      -0.472   -0.461073  0.00155821
        1119      -0.408   -0.461026  0.00155754
        1120      -0.512   -0.461071  0.00155681
        1121       -0.56    -0.46116  0.00155792
        1122      -0.392   -0.461098  0.00155775
        1123      -0.504   -0.461136  0.00155684
        1124       -0.36   -0.461046  0.00155805
        1125      -0.568   -0.461141  0.00155956
        1126      -0.448    -0.46113  0.00155822
        1127      -0.424   -0.461097  0.00155719
        1128      -0.488   -0.461121  0.00155599
        1129      -0.432   -0.461095  0.00155482
        1130      -0.384   -0.461027  0.00155494
        1131      -0.384   -0.460958  0.00155506
        1132      -0.424   -0.460926  0.00155403
        1133      -0.448   -0.460914   0.0015527
        1134      -0.416   -0.460875  0.00155183
        1135      -0.416   -0.460835  0.00155097
        1136      -0.472   -0.460845  0.00154964
        1137      -0.584   -0.460953  0.00155205
        1138      -0.512   -0.460998  0.00155134
        1139      -0.416   -0.460959  0.00155048
        1140      -0.496   -0.460989  0.00154942
        1141      -0.536   -0.461055  0.00154946
        1142       -0.52   -0.461107  0.00154896
        1143      -0.456   -0.461102  0.00154761
        1144      -0.456   -0.461098  0.00154627
        1145      -0.464     -0.4611  0.00154492
        1146      -0.456   -0.461096  0.00154358
        1147      -0.512    -0.46114  0.00154287
        1148      -0.376   -0.461066  0.00154331
        1149      -0.384   -0.460999  0.00154342
        1150      -0.488   -0.461023  0.00154226
        1151      -0.544   -0.461095   0.0015426
        1152      -0.488   -0.461118  0.00154144
        1153      -0.392   -0.461058  0.00154127
        1154      -0.488   -0.461081  0.00154011
        1155      -0.552    -0.46116  0.00154079
        1156       -0.52   -0.461211  0.00154029
        1157      -0.448     -0.4612  0.00153901
        1158      -0.368   -0.461119  0.00153978
        1159       -0.44   -0.461101  0.00153856
        1160      -0.448    -0.46109  0.00153727
        1161      -0.464   -0.461092  0.00153595
        1162      -0.544   -0.461164  0.00153629
        1163      -0.536   -0.461228  0.00153631
        1164      -0.448   -0.461216  0.00153503
        1165      -0.368   -0.461136   0.0015358
        1166      -0.488    -0.46116  0.00153466
        1167      -0.464   -0.461162  0.00153334
        1168      -0.376   -0.461089  0.00153376
        1169      -0.336   -0.460982  0.00153618
        1170      -0.352   -0.460889  0.00153769
        1171      -0.472   -0.460898   0.0015364
        1172      -0.504   -0.460935  0.00153553
        1173       -0.48   -0.460951  0.00153431
        1174      -0.544   -0.461022  0.00153463
        1175      -0.504   -0.461059  0.00153376
        1176      -0.448   -0.461048   0.0015325
        1177        -0.4   -0.460996  0.00153207
        1178      -0.528   -0.461053  0.00153183
        1179      -0.472   -0.461062  0.00153056
        1180      -0.472   -0.461071  0.00152929
        1181      -0.384   -0.461006  0.00152939
        1182      -0.456   -0.461002   0.0015281
        1183      -0.384   -0.460937  0.00152819
        1184       -0.52   -0.460986  0.00152771
        1185      -0.504   -0.461023  0.00152686
        1186      -0.568   -0.461113  0.00152823
        1187      -0.448   -0.461102  0.00152698
        1188      -0.472   -0.461111  0.00152573
        1189       -0.64   -0.461262  0.00153184
        1190      -0.496   -0.461291  0.00153083
        1191      -0.536   -0.461353  0.00153083
        1192      -0.544   -0.461423  0.00153112
        1193      -0.352   -0.461331  0.00153258
        1194      -0.544     -0.4614  0.00153286
        1195      -0.552   -0.461476  0.00153345
        1196      -0.416   -0.461438  0.00153264
        1197      -0.448   -0.461427   0.0015314
        1198      -0.528   -0.461482  0.00153113
        1199      -0.528   -0.461538  0.00153086
        1200      -0.408   -0.461493  0.00153023
        1201      -0.344   -0.461396  0.00153208
        1202       -0.52   -0.461444  0.00153158
        1203       -0.52   -0.461493  0.00153108
        1204      -0.392   -0.461435   0.0015309
        1205      -0.416   -0.461398  0.00153009
        1206       -0.48   -0.461413   0.0015289
        1207      -0.408   -0.461369  0.00152827
        1208      -0.424   -0.461338  0.00152732
        1209      -0.456   -0.461333  0.00152607
        1210      -0.512   -0.461375  0.00152538
        1211      -0.536   -0.461437  0.00152536
        1212      -0.432   -0.461413   0.0015243
        1213      -0.432   -0.461388  0.00152323
        1214      -0.416   -0.461351  0.00152244
        1215       -0.44   -0.461333  0.00152129
        1216      -0.472   -0.461342  0.00152006
        1217       -0.52    -0.46139  0.00151958
        1218      -0.496   -0.461419  0.00151859
        1219       -0.52   -0.461467  0.00151811
        1220      -0.496   -0.461495  0.00151713
        1221      -0.416   -0.461458  0.00151634
        1222      -0.576   -0.461552    0.001518
        1223       -0.48   -0.461567  0.00151683
        1224      -0.488   -0.461588  0.00151574
        1225      -0.472   -0.461597  0.00151453
        1226      -0.432   -0.461573  0.00151349
        1227      -0.424   -0.461542  0.00151256
        1228      -0.456   -0.461537  0.00151134
        1229      -0.472   -0.461546  0.00151013
        1230      -0.528     -0.4616  0.00150987
        1231      -0.496   -0.461628   0.0015089
        1232      -0.528   -0.461682  0.00150864
        1233       -0.52   -0.461729  0.00150816
        1234       -0.36   -0.461647  0.00150919
        1235      -0.496   -0.461674  0.00150822
        1236      -0.536   -0.461735   0.0015082
        1237      -0.496   -0.461762  0.00150724
        1238      -0.448   -0.461751  0.00150606
        1239      -0.392   -0.461695   0.0015059
        1240      -0.448   -0.461684  0.00150472
        1241      -0.496   -0.461712  0.00150376
        1242      -0.424   -0.461681  0.00150286
        1243      -0.488   -0.461702   0.0015018
        1244      -0.432   -0.461678  0.00150078
        1245      -0.432   -0.461655  0.00149976
        1246      -0.472   -0.461663  0.00149858
        1247      -0.408    -0.46162    0.001498
        1248      -0.416   -0.461583  0.00149725
        1249      -0.376   -0.461515  0.00149761
        1250      -0.416   -0.461478  0.00149686
        1251      -0.416   -0.461442   0.0014961
        1252      -0.512   -0.461482  0.00149545
        1253      -0.384   -0.461421  0.00149554
        1254      -0.448    -0.46141  0.00149438
        1255      -0.512    -0.46145  0.00149374
        1256      -0.384   -0.461389  0.00149382
        1257      -0.464   -0.461391  0.00149263
        1258      -0.512   -0.461431  0.00149199
        1259      -0.496   -0.461458  0.00149106
        1260      -0.472   -0.461467   0.0014899
        1261      -0.424   -0.461437  0.00148901
        1262      -0.376   -0.461369  0.00148937
        1263      -0.504   -0.461403  0.00148857
        1264      -0.408   -0.461361  0.00148799
        1265      -0.448    -0.46135  0.00148685
        1266       -0.44   -0.461333  0.00148578
        1267       -0.48   -0.461348  0.00148468
        1268      -0.448   -0.461338  0.00148354
        1269       -0.44   -0.461321  0.00148247
        1270      -0.336   -0.461222  0.00148458
        1271       -0.56     -0.4613  0.00148545
        1272      -0.432   -0.461277  0.00148446
        1273      -0.512   -0.461317  0.00148383
        1274      -0.472   -0.461325  0.00148269
        1275      -0.432   -0.461302   0.0014817
        1276      -0.448   -0.461292  0.00148058
        1277      -0.512   -0.461331  0.00147995
        1278      -0.504   -0.461365  0.00147917
        1279        -0.4   -0.461317  0.00147879
        1280      -0.504    -0.46135  0.00147801
        1281      -0.464   -0.461352  0.00147686
        1282      -0.472    -0.46136  0.00147573
        1283      -0.448    -0.46135  0.00147462
        1284      -0.408   -0.461308  0.00147405
        1285      -0.424   -0.461279  0.00147319
        1286      -0.392   -0.461226  0.00147303
        1287      -0.488   -0.461246  0.00147203
        1288        -0.4   -0.461199  0.00147166
        1289      -0.432   -0.461176  0.00147069
        1290      -0.488   -0.461197   0.0014697
        1291      -0.512   -0.461236  0.00146909
        1292      -0.552   -0.461307  0.00146963
        1293      -0.424   -0.461278  0.00146877
        1294      -0.568    -0.46136  0.00146995
        1295       -0.48   -0.461375  0.00146889
        1296      -0.432   -0.461352  0.00146793
        1297      -0.496   -0.461379  0.00146704
        1298      -0.504   -0.461411  0.00146628
        1299      -0.344   -0.461321  0.00146793
        1300      -0.448   -0.461311  0.00146684
        1301      -0.352   -0.461227  0.00146812
        1302       -0.44    -0.46121  0.00146708
        1303      -0.512   -0.461249  0.00146647
        1304      -0.464   -0.461252  0.00146535
        1305      -0.512    -0.46129  0.00146474
        1306        -0.4   -0.461243  0.00146437
        1307      -0.512   -0.461282  0.00146376
        1308      -0.424   -0.461254  0.00146292
        1309      -0.448   -0.461244  0.00146184
        1310      -0.496    -0.46127  0.00146097
        1311      -0.496   -0.461297  0.00146009
        1312      -0.424   -0.461268  0.00145926
        1313      -0.504   -0.461301  0.00145851
        1314      -0.424   -0.461272  0.00145767
        1315      -0.504   -0.461305  0.00145693
        1316      -0.536   -0.461362  0.00145692
        1317      -0.464   -0.461364  0.00145582
        1318      -0.472   -0.461372  0.00145474
        1319      -0.496   -0.461398  0.00145387
        1320       -0.52   -0.461442  0.00145345
        1321      -0.456   -0.461438  0.00145235
        1322      -0.416   -0.461404  0.00145166
        1323      -0.416    -0.46137  0.00145097
        1324      -0.472   -0.461378   0.0014499
        1325      -0.512   -0.461416   0.0014493
        1326      -0.464   -0.461418  0.00144821
        1327       -0.44   -0.461402  0.00144721
        1328      -0.456   -0.461398  0.00144613
        1329      -0.448   -0.461388  0.00144507
        1330      -0.464   -0.461389  0.00144399
        1331      -0.536   -0.461446  0.00144399
        1332      -0.488   -0.461465  0.00144305
        1333       -0.48   -0.461479  0.00144203
        1334      -0.488   -0.461499  0.00144109
        1335      -0.416   -0.461465  0.00144041
        1336      -0.376   -0.461401  0.00144075
        1337      -0.528   -0.461451  0.00144053
        1338        -0.4   -0.461405  0.00144019
        1339      -0.496   -0.461431  0.00143935
        1340      -0.504   -0.461463  0.00143862
        1341      -0.496   -0.461488  0.00143778
        1342      -0.536   -0.461544  0.00143778
        1343      -0.504   -0.461576  0.00143706
        1344       -0.52   -0.461619  0.00143665
        1345      -0.488   -0.461639  0.00143571
        1346       -0.44   -0.461623  0.00143473
        1347       -0.52   -0.461666  0.00143432
        1348      -0.448   -0.461656   0.0014333
        1349      -0.464   -0.461658  0.00143223
        1350      -0.456   -0.461653  0.00143118
        1351      -0.416    -0.46162  0.00143052
        1352      -0.408    -0.46158  0.00143001
        1353      -0.464   -0.461582  0.00142896
        1354       -0.44   -0.461566  0.00142799
        1355       -0.48   -0.461579    0.001427
        1356      -0.512   -0.461617  0.00142643
        1357       -0.48    -0.46163  0.00142544
        1358      -0.488   -0.461649  0.00142453
        1359      -0.496   -0.461675   0.0014237
        1360      -0.512   -0.461712  0.00142314
        1361      -0.504   -0.461743  0.00142243
        1362      -0.448   -0.461733  0.00142142
        1363      -0.416   -0.461699  0.00142078
        1364      -0.408    -0.46166  0.00142028
        1365      -0.416   -0.461626  0.00141963
        1366      -0.504   -0.461657  0.00141893
        1367      -0.392   -0.461606  0.00141881
        1368      -0.496   -0.461632  0.00141799
        1369      -0.408   -0.461592   0.0014175
        1370      -0.448   -0.461582   0.0014165
        1371      -0.448   -0.461573   0.0014155
        1372      -0.456   -0.461569  0.00141448
        1373      -0.416   -0.461535  0.00141383
        1374      -0.424   -0.461508  0.00141307
        1375      -0.472   -0.461516  0.00141206
        1376      -0.392   -0.461465  0.00141194
        1377      -0.552   -0.461531  0.00141244
        1378      -0.424   -0.461504  0.00141168
        1379      -0.464   -0.461505  0.00141066
        1380      -0.488   -0.461525  0.00140977
        1381      -0.448   -0.461515  0.00140878
        1382       -0.52   -0.461557   0.0014084
        1383       -0.56   -0.461628  0.00140918
        1384      -0.448   -0.461618  0.00140819
        1385        -0.4   -0.461574  0.00140788
        1386      -0.432   -0.461553  0.00140702
        1387      -0.464   -0.461554  0.00140601
        1388      -0.416   -0.461522  0.00140538
        1389       -0.52   -0.461564    0.001405
        1390      -0.496   -0.461588  0.00140421
        1391        -0.4   -0.461544   0.0014039
        1392      -0.472   -0.461552  0.00140291
        1393       -0.52   -0.461594  0.00140253
        1394      -0.464   -0.461595  0.00140152
        1395      -0.424   -0.461568  0.00140078
        1396      -0.472   -0.461576  0.00139979
        1397      -0.416   -0.461543  0.00139917
        1398      -0.528   -0.461591  0.00139898
        1399       -0.52   -0.461633   0.0013986
        1400        -0.4   -0.461589  0.00139829
        1401      -0.392   -0.461539  0.00139818
        1402      -0.536   -0.461592  0.00139819
        1403      -0.384   -0.461537  0.00139829
        1404      -0.456   -0.461533   0.0013973
        1405       -0.44   -0.461517  0.00139638
        1406      -0.496   -0.461542  0.00139561
        1407       -0.48   -0.461555  0.00139468
        1408      -0.456   -0.461551  0.00139369
        1409      -0.496   -0.461576  0.00139292
        1410      -0.464   -0.461577  0.00139193
        1411      -0.536    -0.46163  0.00139194
        1412      -0.408   -0.461592  0.00139148
        1413      -0.552   -0.461656  0.00139196
        1414      -0.504   -0.461686   0.0013913
        1415      -0.472   -0.461693  0.00139033
        1416       -0.44   -0.461678  0.00138944
        1417      -0.528   -0.461725  0.00138924
        1418      -0.464   -0.461726  0.00138827
        1419      -0.432   -0.461705  0.00138745
        1420      -0.456   -0.461701  0.00138647
        1421      -0.448   -0.461692  0.00138553
        1422      -0.448   -0.461682  0.00138459
        1423      -0.536   -0.461734   0.0013846
        1424       -0.44   -0.461719  0.00138371
        1425        -0.4   -0.461676  0.00138342
        1426      -0.392   -0.461627  0.00138331
        1427      -0.344   -0.461544   0.0013848
        1428       -0.48   -0.461557  0.00138389
        1429      -0.424   -0.461531  0.00138317
        1430        -0.4   -0.461488  0.00138287
        1431      -0.472   -0.461495  0.00138192
        1432      -0.496    -0.46152  0.00138117
        1433      -0.456   -0.461516  0.00138021
        1434      -0.448   -0.461506  0.00137928
        1435      -0.472   -0.461514  0.00137834
        1436      -0.504   -0.461543   0.0013777
        1437      -0.448   -0.461534  0.00137677
        1438      -0.496   -0.461558  0.00137602
        1439      -0.464   -0.461559  0.00137507
        1440        -0.4   -0.461517  0.00137478
        1441      -0.568   -0.461591  0.00137581
        1442      -0.416   -0.461559  0.00137522
        1443      -0.488   -0.461577  0.00137438
        1444      -0.488   -0.461596  0.00137355
        1445      -0.424    -0.46157  0.00137285
        1446       -0.48   -0.461582  0.00137196
        1447      -0.424   -0.461556  0.00137126
        1448      -0.456   -0.461552  0.00137032
        1449      -0.424   -0.461527  0.00136962
        1450      -0.464   -0.461528  0.00136867
        1451      -0.424   -0.461502  0.00136797
        1452      -0.504   -0.461532  0.00136734
        1453      -0.488    -0.46155  0.00136652
        1454      -0.344   -0.461469  0.00136797
        1455      -0.448    -0.46146  0.00136706
        1456      -0.456   -0.461456  0.00136613
        1457      -0.472   -0.461463  0.00136521
        1458      -0.592   -0.461553  0.00136721
        1459       -0.48   -0.461565  0.00136633
        1460      -0.504   -0.461595   0.0013657
        1461      -0.496   -0.461618  0.00136497
        1462      -0.528   -0.461663  0.00136479
        1463      -0.488   -0.461681  0.00136398
        1464      -0.488   -0.461699  0.00136317
        1465        -0.4   -0.461657  0.00136289
        1466      -0.464   -0.461659  0.00136196
        1467       -0.48   -0.461671  0.00136109
        1468      -0.472   -0.461678  0.00136018
        1469      -0.504   -0.461707  0.00135956
        1470      -0.352   -0.461633  0.00136068
        1471      -0.416   -0.461602  0.00136011
        1472       -0.48   -0.461614  0.00135924
        1473      -0.416   -0.461583  0.00135867
        1474      -0.352   -0.461509  0.00135978
        1475      -0.456   -0.461505  0.00135886
        1476      -0.552   -0.461566  0.00135933
        1477       -0.44   -0.461552  0.00135848
        1478       -0.52   -0.461591  0.00135814
        1479       -0.48   -0.461604  0.00135728
        1480      -0.512   -0.461638  0.00135679
        1481       -0.52   -0.461677  0.00135644
        1482      -0.432   -0.461657  0.00135568
        1483       -0.48    -0.46167  0.00135482
        1484      -0.456   -0.461666  0.00135391
        1485      -0.432   -0.461646  0.00135315
        1486      -0.512    -0.46168  0.00135266
        1487       -0.48   -0.461692  0.00135181
        1488       -0.52   -0.461731  0.00135147
        1489      -0.488   -0.461749  0.00135067
        1490      -0.504   -0.461777  0.00135007
        1491      -0.448   -0.461768  0.00134919
        1492      -0.432   -0.461748  0.00134844
        1493      -0.504   -0.461776  0.00134783
        1494        -0.4   -0.461735  0.00134756
        1495      -0.512   -0.461769  0.00134708
        1496      -0.504   -0.461797  0.00134647
        1497      -0.536   -0.461846  0.00134649
        1498      -0.584   -0.461928  0.00134805
        1499      -0.432   -0.461908   0.0013473
        1500      -0.432   -0.461888  0.00134655
        1501      -0.504   -0.461916  0.00134595
        1502      -0.504   -0.461944  0.00134534
        1503      -0.528   -0.461988  0.00134517
        1504      -0.464   -0.461989  0.00134427
        1505      -0.504   -0.462017  0.00134367
        1506      -0.464   -0.462019  0.00134278
        1507      -0.496   -0.462041  0.00134208
        1508      -0.528   -0.462085   0.0013419
        1509       -0.44    -0.46207  0.00134109
        1510      -0.512   -0.462103  0.00134061
        1511       -0.48   -0.462115  0.00133977
        1512      -0.488   -0.462132    0.001339
        1513      -0.456   -0.462128  0.00133812
        1514       -0.44   -0.462114  0.00133731
        1515      -0.592   -0.462199  0.00133918
        1516      -0.504   -0.462227  0.00133858
        1517      -0.504   -0.462254  0.00133798
        1518      -0.472   -0.462261  0.00133711
        1519      -0.408   -0.462225  0.00133671
        1520      -0.424     -0.4622  0.00133607
        1521        -0.4   -0.462159  0.00133581
        1522      -0.408   -0.462124  0.00133541
        1523      -0.544   -0.462177  0.00133561
        1524      -0.368   -0.462115  0.00133617
        1525       -0.52   -0.462153  0.00133583
        1526       -0.56   -0.462218  0.00133649
        1527       -0.48   -0.462229  0.00133567
        1528       -0.44   -0.462215  0.00133487
        1529      -0.496   -0.462237  0.00133418
        1530      -0.368   -0.462175  0.00133473
        1531      -0.488   -0.462192  0.00133397
        1532      -0.496   -0.462214  0.00133328
        1533       -0.48   -0.462226  0.00133246
        1534      -0.536   -0.462274  0.00133246
        1535      -0.536   -0.462322  0.00133245
        1536      -0.448   -0.462313  0.00133162
        1537      -0.416   -0.462282  0.00133109
        1538      -0.488   -0.462299  0.00133033
        1539       -0.52   -0.462337     0.00133
        1540       -0.44   -0.462322  0.00132921
        1541       -0.48   -0.462334   0.0013284
        1542      -0.528   -0.462376  0.00132822
        1543      -0.456   -0.462372  0.00132737
        1544      -0.488   -0.462389  0.00132661
        1545      -0.392   -0.462343  0.00132653
        1546      -0.536   -0.462391  0.00132653
        1547        -0.4    -0.46235  0.00132629
        1548      -0.384     -0.4623   0.0013264
        1549      -0.528   -0.462342  0.00132622
        1550      -0.408   -0.462307  0.00132582
        1551      -0.464   -0.462308  0.00132497
        1552       -0.44   -0.462294  0.00132419
        1553      -0.456    -0.46229  0.00132335
        1554       -0.48   -0.462301  0.00132255
        1555      -0.408   -0.462266  0.00132216
        1556      -0.432   -0.462247  0.00132145
        1557      -0.536   -0.462294  0.00132145
        1558      -0.408   -0.462259  0.00132106
        1559      -0.416    -0.46223  0.00132055
        1560      -0.472   -0.462236  0.00131971
        1561       -0.48   -0.462247  0.00131892
        1562       -0.44   -0.462233  0.00131815
        1563       -0.44   -0.462219  0.00131738
        1564      -0.432   -0.462199  0.00131668
        1565      -0.528   -0.462242  0.00131651
        1566       -0.48   -0.462253  0.00131572
        1567       -0.48   -0.462264  0.00131493
        1568      -0.512   -0.462296  0.00131447
        1569      -0.448   -0.462287  0.00131367
        1570      -0.456   -0.462283  0.00131284
        1571      -0.456   -0.462279  0.00131201
        1572       -0.56   -0.462341  0.00131265
        1573       -0.48   -0.462352  0.00131186
        1574      -0.504   -0.462379  0.00131129
        1575      -0.488   -0.462395  0.00131056
        1576        -0.4   -0.462355  0.00131033
        1577       -0.48   -0.462367  0.00130954
        1578      -0.536   -0.462413  0.00130955
        1579      -0.472   -0.462419  0.00130873
        1580      -0.448    -0.46241  0.00130793
        1581      -0.472   -0.462416  0.00130712
        1582      -0.488   -0.462432  0.00130639
        1583      -0.496   -0.462454  0.00130574
        1584      -0.464   -0.462455  0.00130492
        1585      -0.544   -0.462506  0.00130511
        1586      -0.488   -0.462522  0.00130438
        1587      -0.576   -0.462594  0.00130552
        1588      -0.536    -0.46264  0.00130552
        1589      -0.504   -0.462666  0.00130495
        1590      -0.504   -0.462692  0.00130439
        1591      -0.448   -0.462683   0.0013036
        1592      -0.432   -0.462663  0.00130293
        1593      -0.504   -0.462689  0.00130237
        1594      -0.472   -0.462695  0.00130157
        1595      -0.448   -0.462686  0.00130078
        1596      -0.496   -0.462707  0.00130013
        1597      -0.408   -0.462673  0.00129977
        1598      -0.536   -0.462718  0.00129977
        1599      -0.424   -0.462694  0.00129918
        1600      -0.448   -0.462685   0.0012984
        1601      -0.472   -0.462691   0.0012976
        1602      -0.456   -0.462687   0.0012968
        1603      -0.472   -0.462692    0.001296
        1604      -0.504   -0.462718  0.00129545
        1605      -0.552   -0.462774  0.00129584
        1606       -0.44    -0.46276  0.00129511
        1607      -0.464    -0.46276   0.0012943
        1608        -0.4   -0.462721  0.00129409
        1609      -0.416   -0.462692  0.00129361
        1610      -0.488   -0.462708   0.0012929
        1611       -0.48   -0.462719  0.00129214
        1612      -0.496   -0.462739  0.00129151
        1613       -0.52   -0.462775  0.00129119
        1614      -0.512   -0.462805  0.00129075
        1615      -0.504   -0.462831  0.00129021
        1616      -0.496   -0.462851  0.00128957
        1617      -0.368   -0.462793  0.00129011
        1618       -0.48   -0.462803  0.00128935
        1619      -0.504   -0.462829  0.00128881
        1620      -0.416     -0.4628  0.00128834
        1621      -0.352   -0.462732  0.00128935
        1622      -0.472   -0.462737  0.00128857
        1623      -0.504   -0.462763  0.00128803
        1624      -0.392   -0.462719  0.00128797
        1625        -0.4   -0.462681  0.00128776
        1626       -0.48   -0.462691  0.00128701
        1627      -0.336   -0.462613  0.00128857
        1628      -0.472   -0.462619  0.00128779
        1629      -0.488   -0.462635   0.0012871
        1630      -0.416   -0.462606  0.00128662
        1631      -0.456   -0.462602  0.00128584
        1632        -0.4   -0.462564  0.00128563
        1633      -0.544   -0.462614  0.00128581
        1634       -0.52   -0.462649   0.0012855
        1635       -0.52   -0.462684  0.00128519
        1636      -0.456    -0.46268  0.00128441
        1637      -0.504   -0.462705  0.00128388
        1638      -0.464   -0.462706  0.00128309
        1639       -0.44   -0.462692  0.00128238
        1640       -0.52   -0.462727  0.00128208
        1641       -0.52   -0.462762  0.00128177
        1642      -0.544   -0.462811  0.00128195
        1643      -0.528   -0.462851  0.00128178
        1644      -0.528   -0.462891  0.00128161
        1645        -0.4   -0.462852   0.0012814
        1646       -0.44   -0.462838   0.0012807
        1647      -0.432    -0.46282  0.00128006
        1648        -0.4   -0.462782  0.00127985
        1649      -0.488   -0.462797  0.00127916
        1650      -0.336    -0.46272   0.0012807
        1651      -0.424   -0.462697  0.00128013
        1652       -0.36   -0.462634  0.00128087
        1653      -0.456    -0.46263   0.0012801
        1654      -0.544    -0.46268  0.00128027
        1655      -0.416   -0.462651  0.00127981
        1656      -0.416   -0.462623  0.00127934
        1657        -0.4   -0.462585  0.00127913
        1658      -0.448   -0.462577  0.00127839
        1659      -0.464   -0.462577  0.00127762
        1660      -0.512   -0.462607   0.0012772
        1661      -0.496   -0.462627  0.00127659
        1662      -0.504   -0.462652  0.00127606
        1663      -0.472   -0.462658  0.00127531
        1664      -0.584   -0.462731  0.00127662
        1665       -0.44   -0.462717  0.00127593
        1666      -0.544   -0.462766   0.0012761
        1667      -0.472   -0.462771  0.00127534
        1668      -0.544    -0.46282  0.00127551
        1669       -0.44   -0.462806  0.00127482
        1670       -0.48   -0.462817  0.00127409
        1671       -0.36   -0.462755  0.00127482
        1672      -0.432   -0.462737  0.00127419
        1673       -0.44   -0.462723   0.0012735
        1674      -0.504   -0.462748  0.00127298
        1675      -0.568   -0.462811  0.00127377
        1676       -0.44   -0.462797  0.00127308
        1677      -0.448   -0.462788  0.00127235
        1678       -0.44   -0.462775  0.00127166
        1679        -0.4   -0.462737  0.00127146
        1680      -0.464   -0.462738   0.0012707
        1681      -0.536   -0.462782  0.00127069
        1682      -0.472   -0.462787  0.00126995
        1683      -0.488   -0.462802  0.00126928
        1684      -0.488   -0.462817  0.00126861
        1685      -0.384    -0.46277  0.00126872
        1686      -0.464   -0.462771  0.00126797
        1687        -0.4   -0.462734  0.00126777
        1688      -0.408   -0.462701  0.00126743
        1689      -0.464   -0.462702  0.00126668
        1690      -0.512   -0.462731  0.00126627
        1691      -0.392    -0.46269  0.00126621
        1692      -0.376   -0.462638   0.0012665
        1693      -0.432    -0.46262  0.00126588
        1694       -0.48    -0.46263  0.00126517
        1695      -0.448   -0.462622  0.00126445
        1696      -0.424   -0.462599  0.00126391
        1697       -0.48   -0.462609  0.00126321
        1698      -0.424   -0.462587  0.00126267
        1699      -0.472   -0.462592  0.00126194
        1700      -0.512   -0.462621  0.00126153
        1701      -0.496   -0.462641  0.00126094
        1702      -0.456   -0.462637  0.00126021
        1703      -0.448   -0.462628   0.0012595
        1704      -0.408   -0.462596  0.00125917
        1705      -0.424   -0.462574  0.00125863
        1706      -0.504   -0.462598  0.00125813
        1707      -0.488   -0.462613  0.00125748
        1708      -0.576   -0.462679  0.00125849
        1709      -0.432   -0.462661  0.00125789
        1710      -0.432   -0.462643  0.00125728
        1711      -0.448   -0.462635  0.00125657
        1712      -0.464   -0.462636  0.00125584
        1713       -0.48   -0.462646  0.00125515
        1714      -0.416   -0.462618  0.00125471
        1715      -0.464   -0.462619  0.00125398
        1716      -0.432   -0.462601  0.00125337
        1717      -0.544   -0.462649  0.00125354
        1718      -0.328    -0.46257  0.00125526
        1719      -0.544   -0.462618  0.00125542
        1720      -0.312    -0.46253  0.00125774
        1721      -0.416   -0.462503   0.0012573
        1722      -0.536   -0.462546   0.0012573
        1723      -0.448   -0.462537  0.00125659
        1724       -0.52   -0.462571  0.00125631
        1725      -0.496    -0.46259  0.00125573
        1726      -0.448   -0.462582  0.00125503
        1727      -0.496   -0.462601  0.00125445
        1728      -0.416   -0.462574  0.00125402
        1729      -0.432   -0.462556  0.00125341
        1730       -0.44   -0.462543  0.00125276
        1731      -0.464   -0.462544  0.00125203
        1732      -0.416   -0.462517   0.0012516
        1733      -0.456   -0.462514  0.00125088
        1734      -0.464   -0.462514  0.00125016
        1735       -0.48   -0.462524  0.00124948
        1736      -0.456   -0.462521  0.00124877
        1737      -0.392    -0.46248  0.00124871
        1738      -0.384   -0.462435  0.00124881
        1739       -0.52   -0.462468  0.00124853
        1740      -0.432   -0.462451  0.00124793
        1741      -0.408   -0.462419  0.00124761
        1742       -0.52   -0.462452  0.00124733
        1743      -0.408   -0.462421    0.001247
        1744        -0.4   -0.462385   0.0012468
        1745      -0.432   -0.462368  0.00124621
        1746      -0.384   -0.462323   0.0012463
        1747      -0.424   -0.462301  0.00124578
        1748      -0.392   -0.462261  0.00124572
        1749      -0.504   -0.462285  0.00124524
        1750      -0.408   -0.462254  0.00124491
        1751      -0.624   -0.462346  0.00124762
        1752      -0.536   -0.462388  0.00124762
        1753       -0.48   -0.462398  0.00124695
        1754      -0.528   -0.462436   0.0012468
        1755      -0.432   -0.462418  0.00124621
        1756      -0.488   -0.462433  0.00124558
        1757      -0.488   -0.462447  0.00124496
        1758      -0.424   -0.462425  0.00124444
        1759      -0.448   -0.462417  0.00124376
        1760      -0.448   -0.462409  0.00124308
        1761       -0.44   -0.462396  0.00124244
        1762       -0.48   -0.462406  0.00124178
        1763       -0.48   -0.462416  0.00124111
        1764      -0.504    -0.46244  0.00124063
        1765       -0.56   -0.462495  0.00124116
        1766      -0.408   -0.462464  0.00124084
        1767       -0.48   -0.462474  0.00124018
        1768       -0.56   -0.462529   0.0012407
        1769      -0.408   -0.462499  0.00124039
        1770       -0.52   -0.462531  0.00124011
        1771      -0.552   -0.462582  0.00124044
        1772      -0.456   -0.462578  0.00123974
        1773       -0.44   -0.462565  0.00123911
        1774      -0.416   -0.462539  0.00123869
        1775      -0.416   -0.462513  0.00123827
        1776       -0.48   -0.462523  0.00123761
        1777      -0.432   -0.462505  0.00123703
        1778       -0.48   -0.462515  0.00123638
        1779      -0.512   -0.462543    0.001236
        1780      -0.456   -0.462539  0.00123531
        1781       -0.48   -0.462549  0.00123465
        1782      -0.496   -0.462568   0.0012341
        1783      -0.496   -0.462587  0.00123355
        1784       -0.52   -0.462619  0.00123328
        1785      -0.488   -0.462633  0.00123267
        1786      -0.504   -0.462656   0.0012322
        1787      -0.408   -0.462626  0.00123189
        1788      -0.504   -0.462649  0.00123142
        1789      -0.472   -0.462654  0.00123074
        1790        -0.4   -0.462619  0.00123055
        1791       -0.44   -0.462606  0.00122993
        1792      -0.408   -0.462576  0.00122962
        1793      -0.448   -0.462568  0.00122896
        1794      -0.432   -0.462551  0.00122839
        1795      -0.456   -0.462547  0.00122771
        1796      -0.424   -0.462526  0.00122722
        1797      -0.384   -0.462482  0.00122731
        1798      -0.392   -0.462443  0.00122726
        1799      -0.512    -0.46247  0.00122688
        1800      -0.576   -0.462533  0.00122782
        1801      -0.416   -0.462507  0.00122741
        1802      -0.456   -0.462504  0.00122674
        1803      -0.496   -0.462522   0.0012262
        1804      -0.456   -0.462519  0.00122552
        1805      -0.504   -0.462542  0.00122506
        1806       -0.48   -0.462551  0.00122442
        1807      -0.432   -0.462535  0.00122386
        1808      -0.408   -0.462504  0.00122355
        1809      -0.424   -0.462483  0.00122306
        1810      -0.408   -0.462453  0.00122276
        1811      -0.392   -0.462414   0.0012227
        1812      -0.568   -0.462472  0.00122341
        1813       -0.44    -0.46246   0.0012228
        1814      -0.424   -0.462439  0.00122231
        1815      -0.544   -0.462484  0.00122246
        1816       -0.44   -0.462471  0.00122185
        1817       -0.48   -0.462481  0.00122122
        1818      -0.512   -0.462508  0.00122085
        1819       -0.44   -0.462496  0.00122024
        1820      -0.504   -0.462519  0.00121978
        1821       -0.48   -0.462528  0.00121915
        1822      -0.392    -0.46249   0.0012191
        1823      -0.504   -0.462512  0.00121864
        1824      -0.552   -0.462561  0.00121896
        1825      -0.584   -0.462628  0.00122011
        1826      -0.552   -0.462677  0.00122042
        1827      -0.432    -0.46266  0.00121987
        1828      -0.408    -0.46263  0.00121957
        1829      -0.496   -0.462648  0.00121904
        1830      -0.408   -0.462619  0.00121874
        1831      -0.472   -0.462624  0.00121808
        1832      -0.456    -0.46262  0.00121742
        1833      -0.472   -0.462625  0.00121677
        1834      -0.552   -0.462674  0.00121708
        1835      -0.384   -0.462631  0.00121717
        1836        -0.4   -0.462597  0.00121699
        1837      -0.424   -0.462576   0.0012165
        1838      -0.456   -0.462572  0.00121585
        1839      -0.472   -0.462577   0.0012152
        1840      -0.432   -0.462561  0.00121465
        1841      -0.448   -0.462553  0.00121402
        1842      -0.496   -0.462571  0.00121349
        1843      -0.424    -0.46255  0.00121302
        1844      -0.352    -0.46249  0.00121384
        1845      -0.544   -0.462534  0.00121398
        1846      -0.424   -0.462514  0.00121351
        1847      -0.512    -0.46254  0.00121314
        1848      -0.408   -0.462511  0.00121285
        1849      -0.408   -0.462481  0.00121255
        1850      -0.416   -0.462456  0.00121215
        1851      -0.432    -0.46244  0.00121161
        1852      -0.488   -0.462454  0.00121104
        1853      -0.424   -0.462433  0.00121056
        1854      -0.504   -0.462455  0.00121011
        1855      -0.496   -0.462473   0.0012096
        1856      -0.416   -0.462448   0.0012092
        1857       -0.52   -0.462479  0.00120895
        1858       -0.44   -0.462467  0.00120836
        1859      -0.464   -0.462468  0.00120771
        1860      -0.456   -0.462465  0.00120707
        1861      -0.488   -0.462478   0.0012065
        1862      -0.328   -0.462406  0.00120801
        1863      -0.528   -0.462441  0.00120787
        1864      -0.448   -0.462433  0.00120725
        1865      -0.496   -0.462451  0.00120674
        1866       -0.44   -0.462439  0.00120615
        1867      -0.496   -0.462457  0.00120564
        1868      -0.456   -0.462454    0.001205
        1869       -0.56   -0.462506  0.00120548
        1870      -0.456   -0.462503  0.00120484
        1871      -0.536   -0.462542  0.00120484
        1872      -0.448   -0.462534  0.00120422
        1873      -0.616   -0.462616  0.00120636
        1874       -0.56   -0.462668  0.00120684
        1875      -0.376   -0.462622  0.00120708
        1876      -0.584   -0.462687  0.00120817
        1877      -0.424   -0.462666   0.0012077
        1878      -0.552   -0.462714  0.00120799
        1879       -0.48   -0.462723  0.00120738
        1880      -0.408   -0.462694  0.00120709
        1881       -0.48   -0.462703  0.00120649
        1882      -0.488   -0.462716  0.00120592
        1883      -0.392   -0.462679  0.00120586
        1884       -0.52   -0.462709  0.00120561
        1885      -0.416   -0.462684  0.00120522
        1886      -0.584   -0.462749   0.0012063
        1887      -0.448   -0.462741  0.00120569
        1888      -0.504   -0.462763  0.00120524
        1889      -0.512   -0.462789  0.00120489
        1890      -0.576   -0.462849  0.00120574
        1891      -0.408    -0.46282  0.00120545
        1892       -0.44   -0.462808  0.00120487
        1893      -0.464   -0.462808  0.00120424
        1894      -0.456   -0.462805  0.00120361
        1895      -0.416    -0.46278  0.00120322
        1896      -0.528   -0.462814  0.00120308
        1897      -0.416    -0.46279   0.0012027
        1898      -0.504   -0.462811  0.00120226
        1899      -0.528   -0.462846  0.00120212
        1900      -0.456   -0.462842  0.00120149
        1901      -0.416   -0.462817  0.00120111
        1902       -0.48   -0.462826  0.00120052
        1903       -0.44   -0.462815  0.00119994
        1904      -0.464   -0.462815  0.00119931
        1905      -0.496   -0.462833  0.00119881
        1906      -0.416   -0.462808  0.00119843
        1907      -0.448     -0.4628  0.00119783
        1908       -0.48   -0.462809  0.00119724
        1909      -0.408   -0.462781  0.00119695
        1910      -0.456   -0.462777  0.00119633
        1911       -0.56   -0.462828  0.00119679
        1912      -0.472   -0.462833  0.00119617
        1913      -0.512   -0.462858  0.00119582
        1914      -0.544   -0.462901  0.00119595
        1915       -0.52   -0.462931   0.0011957
        1916      -0.496   -0.462948   0.0011952
        1917       -0.44   -0.462936  0.00119463
        1918      -0.448   -0.462928  0.00119404
        1919      -0.456   -0.462924  0.00119342
        1920      -0.496   -0.462942  0.00119292
        1921      -0.512   -0.462967  0.00119257
        1922       -0.44   -0.462955  0.00119201
        1923      -0.576   -0.463014  0.00119284
        1924      -0.432   -0.462998  0.00119233
        1925       -0.44   -0.462986  0.00119177
        1926      -0.456   -0.462982  0.00119116
        1927      -0.344   -0.462921  0.00119214
        1928      -0.568   -0.462975  0.00119277
        1929      -0.528   -0.463009  0.00119262
        1930      -0.424   -0.462989  0.00119218
        1931      -0.424   -0.462968  0.00119173
        1932      -0.456   -0.462965  0.00119112
        1933      -0.456   -0.462961  0.00119051
        1934      -0.448   -0.462953  0.00118992
        1935      -0.504   -0.462975  0.00118949
        1936      -0.464   -0.462975  0.00118888
        1937      -0.512   -0.463001  0.00118853
        1938      -0.472   -0.463005  0.00118793
        1939      -0.408   -0.462977  0.00118766
        1940      -0.488    -0.46299  0.00118711
        1941      -0.456   -0.462986  0.00118651
        1942      -0.432    -0.46297    0.001186
        1943      -0.504   -0.462991  0.00118558
        1944      -0.392   -0.462955  0.00118553
        1945      -0.464   -0.462955  0.00118492
        1946      -0.432   -0.462939  0.00118442
        1947      -0.464    -0.46294  0.00118381
        1948      -0.472   -0.462945  0.00118322
        1949      -0.424   -0.462925  0.00118278
        1950      -0.488   -0.462937  0.00118224
        1951        -0.4   -0.462905  0.00118207
        1952      -0.408   -0.462877   0.0011818
        1953      -0.528    -0.46291  0.00118167
        1954      -0.496   -0.462927  0.00118119
        1955      -0.416   -0.462903  0.00118083
        1956      -0.488   -0.462916  0.00118029
        1957      -0.464   -0.462917  0.00117969
        1958       -0.48   -0.462925  0.00117912
        1959      -0.376   -0.462881  0.00117935
        1960      -0.432   -0.462865  0.00117885
        1961      -0.488   -0.462878  0.00117832
        1962      -0.328   -0.462809  0.00117973
        1963      -0.376   -0.462765  0.00117995
        1964      -0.512    -0.46279  0.00117962
        1965        -0.4   -0.462758  0.00117945
        1966      -0.416   -0.462734  0.00117909
        1967      -0.448   -0.462727  0.00117852
        1968      -0.416   -0.462703  0.00117816
        1969      -0.424   -0.462684  0.00117772
        1970      -0.536   -0.462721  0.00117771
        1971      -0.528   -0.462754  0.00117758
        1972      -0.536   -0.462791  0.00117757
        1973      -0.504   -0.462812  0.00117716
        1974       -0.44     -0.4628  0.00117662
        1975      -0.464   -0.462801  0.00117602
        1976      -0.424   -0.462781  0.00117559
        1977      -0.448   -0.462774  0.00117502
        1978      -0.432   -0.462758  0.00117453
        1979      -0.512   -0.462783   0.0011742
        1980      -0.352   -0.462727  0.00117494
        1981      -0.392   -0.462692  0.00117489
        1982      -0.544   -0.462733  0.00117501
        1983      -0.496   -0.462749  0.00117454
        1984       -0.48   -0.462758  0.00117398
        1985       -0.44   -0.462747  0.00117344
        1986      -0.464   -0.462747  0.00117285
        1987      -0.472   -0.462752  0.00117227
        1988      -0.376   -0.462708  0.00117249
        1989      -0.384   -0.462669  0.00117257
        1990      -0.408   -0.462641   0.0011723
        1991      -0.416   -0.462618  0.00117195
        1992       -0.52   -0.462647  0.00117171
        1993        -0.4   -0.462615  0.00117155
        1994      -0.416   -0.462592  0.00117119
        1995       -0.48   -0.462601  0.00117064
        1996       -0.44   -0.462589  0.00117011
        1997      -0.496   -0.462606  0.00116964
        1998      -0.392   -0.462571  0.00116959
        1999      -0.512   -0.462595  0.00116927
        2000      -0.472     -0.4626  0.00116869
