#     BLOCK:   ACTUAL_T:     T_AVE:       ERROR:
           1    0.970196    0.970196           0
           2    0.971441    0.970818 0.000440191
           3    0.974273     0.97197 0.000985049
           4    0.979492     0.97385  0.00178826
           5     0.98872    0.976824  0.00302026
           6     1.00577    0.981649   0.0050726
           7     1.02732    0.988173  0.00744221
           8     1.05054    0.995969  0.00977672
           9     1.06881     1.00406   0.0115648
          10     1.09012     1.01267   0.0132284
          11      1.1101     1.02153   0.0146952
          12     1.11151     1.02902   0.0152645
          13      1.1089     1.03517   0.0152768
          14     1.13092     1.04201   0.0156419
          15     1.13938      1.0485    0.015889
          16     1.13989     1.05421   0.0158894
          17      1.1436     1.05947   0.0158008
          18      1.1537      1.0647   0.0157664
          19        1.15     1.06919   0.0155626
          20     1.16256     1.07386   0.0154689
          21     1.16153     1.07804   0.0152852
          22     1.18036     1.08269   0.0152817
          23     1.19263     1.08747   0.0153466
          24     1.20022     1.09217   0.0154095
          25     1.22228     1.09737   0.0156475
          26     1.20895     1.10166   0.0156231
          27     1.21581     1.10589   0.0156059
          28     1.19041     1.10891   0.0153377
          29     1.18304     1.11146   0.0150203
          30     1.18075     1.11377   0.0146961
          31     1.17295     1.11568   0.0143455
          32     1.18674      1.1179    0.014068
          33     1.17479     1.11963   0.0137469
          34     1.19755     1.12192   0.0135323
          35     1.19196     1.12392   0.0132928
          36      1.1922     1.12582   0.0130582
          37     1.18387     1.12739   0.0127992
          38     1.21178     1.12961   0.0126536
          39     1.20044     1.13142   0.0124588
          40     1.20266      1.1332   0.0122739
          41     1.22328      1.1354   0.0121696
          42     1.20924     1.13716   0.0120062
          43     1.20497     1.13874   0.0118301
          44     1.20289     1.14019   0.0116507
          45     1.20275     1.14158   0.0114744
          46     1.19138     1.14267   0.0112759
          47     1.19393     1.14376   0.0110887
          48     1.19615     1.14485   0.0109112
          49       1.177      1.1455   0.0107083
          50     1.20243     1.14664   0.0105544
          51     1.18772     1.14745   0.0103782
          52     1.19811     1.14842   0.0102242
          53     1.19408     1.14928   0.0100675
          54     1.20408      1.1503   0.0099321
          55     1.21692     1.15151  0.00982509
          56     1.19357     1.15226  0.00967831
          57     1.18844      1.1529  0.00952931
          58     1.17958     1.15336  0.00937611
          59     1.16241     1.15351  0.00921845
          60     1.16125     1.15364  0.00906571
          61     1.14683     1.15353  0.00891778
          62     1.14385     1.15337  0.00877531
          63     1.16896     1.15362   0.0086395
          64     1.16501      1.1538  0.00850634
          65      1.1666     1.15399  0.00837776
          66     1.15814     1.15406  0.00825106
          67     1.15086     1.15401  0.00812805
          68     1.14645      1.1539  0.00800928
          69     1.13473     1.15362  0.00789801
          70       1.148     1.15354  0.00778559
          71     1.15052      1.1535  0.00767605
          72     1.15731     1.15355  0.00756962
          73     1.16043     1.15364  0.00746652
          74     1.17217     1.15389  0.00736981
          75     1.18445      1.1543   0.0072828
          76     1.16315     1.15442   0.0071879
          77     1.17659     1.15471  0.00710032
          78     1.17374     1.15495  0.00701348
          79     1.19266     1.15543  0.00694093
          80      1.1888     1.15584  0.00686669
          81     1.19902     1.15638  0.00680257
          82      1.1953     1.15685  0.00673616
          83     1.20386     1.15742  0.00667877
          84     1.19892     1.15791  0.00661751
          85     1.19172     1.15831   0.0065516
          86     1.19673     1.15876  0.00649063
          87     1.17174     1.15891  0.00641774
          88     1.17323     1.15907  0.00634688
          89     1.19052     1.15942  0.00628539
          90     1.18861     1.15975  0.00622391
          91     1.18396     1.16001   0.0061612
          92     1.20155     1.16046  0.00611075
          93      1.1962     1.16085  0.00605711
          94     1.18963     1.16115  0.00600041
          95     1.22189     1.16179  0.00597121
          96     1.20605     1.16226  0.00592678
          97     1.19879     1.16263  0.00587763
          98     1.22401     1.16326  0.00585093
          99     1.22489     1.16388  0.00582486
         100     1.20335     1.16428  0.00577997
         101     1.22354     1.16486  0.00575245
         102     1.20942      1.1653  0.00571261
         103     1.18827     1.16552   0.0056615
         104     1.18036     1.16566  0.00560886
         105     1.17202     1.16573  0.00555577
         106     1.16913     1.16576  0.00550345
         107      1.1675     1.16577  0.00545204
         108     1.17951      1.1659  0.00540304
         109     1.20442     1.16625  0.00536502
         110     1.19077     1.16648  0.00532087
         111     1.19619     1.16674  0.00527966
         112     1.18404      1.1669  0.00523478
         113     1.16909     1.16692  0.00518849
         114      1.1718     1.16696  0.00514315
         115     1.17467     1.16703  0.00509887
         116      1.2122     1.16742  0.00506976
         117     1.21349     1.16781   0.0050417
         118     1.20898     1.16816  0.00501103
         119     1.21637     1.16857  0.00498527
         120     1.21683     1.16897  0.00495992
         121     1.22164      1.1694    0.004938
         122     1.21871     1.16981  0.00491403
         123     1.22517     1.17026  0.00489464
         124     1.22173     1.17067  0.00487274
         125     1.20447     1.17094  0.00484126
         126     1.20609     1.17122  0.00481086
         127     1.23239      1.1717  0.00479703
         128     1.20979       1.172  0.00476877
         129     1.24181     1.17254  0.00476241
         130      1.2154     1.17287  0.00473718
         131     1.22073     1.17324  0.00471508
         132     1.20768      1.1735  0.00468657
         133     1.21278     1.17379  0.00466064
         134     1.21448      1.1741  0.00463573
         135     1.22598     1.17448   0.0046173
         136     1.23839     1.17495  0.00460719
         137     1.25867     1.17556  0.00461391
         138     1.24402     1.17606  0.00460707
         139     1.24887     1.17658  0.00460361
         140     1.23666     1.17701  0.00459068
         141     1.22371     1.17734  0.00457006
         142      1.2067     1.17755  0.00454254
         143     1.20989     1.17778   0.0045164
         144      1.2263     1.17811   0.0044976
         145     1.24524     1.17858  0.00449034
         146     1.24863     1.17906  0.00448515
         147     1.23463     1.17943  0.00447054
         148     1.24761     1.17989  0.00446401
         149     1.21201     1.18011  0.00443924
         150     1.19176     1.18019  0.00441033
         151     1.19413     1.18028  0.00438209
         152      1.1943     1.18037  0.00435423
         153     1.21634     1.18061  0.00433211
         154     1.24451     1.18102  0.00432381
         155      1.2359     1.18138  0.00431039
         156     1.26501     1.18191  0.00431597
         157     1.24395     1.18231  0.00430653
         158     1.22158     1.18256  0.00428644
         159     1.22093      1.1828  0.00426627
         160     1.18648     1.18282  0.00423967
         161     1.18024      1.1828  0.00421336
         162     1.16023     1.18266  0.00418966
         163      1.1613     1.18253    0.004166
         164     1.18002     1.18252  0.00414063
         165     1.17256     1.18246  0.00411597
         166     1.17777     1.18243  0.00409128
         167     1.19906     1.18253  0.00406799
         168     1.21356     1.18271  0.00404797
         169     1.19464     1.18278  0.00402463
         170     1.20159      1.1829  0.00400247
         171     1.19562     1.18297  0.00397976
         172     1.17698     1.18293  0.00395677
         173     1.17498     1.18289  0.00393417
         174     1.18879     1.18292   0.0039117
         175     1.16521     1.18282  0.00389066
         176     1.16682     1.18273  0.00386962
         177     1.15377     1.18257  0.00385121
         178      1.1423     1.18234  0.00383621
         179     1.15518     1.18219  0.00381778
         180     1.15776     1.18205  0.00379898
         181     1.15739     1.18192  0.00378044
         182     1.17112     1.18186  0.00376013
         183     1.16557     1.18177  0.00374064
         184     1.17435     1.18173  0.00372052
         185     1.18239     1.18173  0.00370041
         186     1.16962     1.18167  0.00368109
         187     1.16881      1.1816  0.00366205
         188     1.16468     1.18151  0.00364367
         189     1.17551     1.18148  0.00362453
         190     1.17842     1.18146  0.00360549
         191     1.18455     1.18148  0.00358665
         192      1.1906     1.18152  0.00356829
         193     1.20836     1.18166  0.00355251
         194     1.18312     1.18167   0.0035342
         195     1.19979     1.18176   0.0035173
         196     1.17264     1.18172  0.00349966
         197     1.18367     1.18173  0.00348191
         198     1.17911     1.18171  0.00346435
         199     1.18344     1.18172  0.00344695
         200     1.15694      1.1816  0.00343195
         201     1.16528     1.18152  0.00341583
         202     1.16594     1.18144  0.00339979
         203     1.16309     1.18135  0.00338424
         204     1.16705     1.18128  0.00336838
         205     1.16376     1.18119  0.00335303
         206     1.16037     1.18109  0.00333828
         207     1.15861     1.18098  0.00332392
         208     1.16288      1.1809  0.00330908
         209     1.14558     1.18073  0.00329756
         210     1.15749     1.18062  0.00328371
         211     1.15311     1.18049  0.00327074
         212     1.15441     1.18036  0.00325762
         213     1.17187     1.18032  0.00324257
         214     1.15763     1.18022  0.00322915
         215     1.18752     1.18025  0.00321431
         216     1.18881     1.18029  0.00319967
         217     1.17986     1.18029  0.00318493
         218     1.18402     1.18031  0.00317037
         219     1.18037     1.18031  0.00315589
         220     1.20793     1.18043  0.00314404
         221     1.21408     1.18059   0.0031335
         222     1.20522      1.1807  0.00312135
         223     1.20029     1.18078  0.00310859
         224     1.16161      1.1807  0.00309589
         225     1.17579     1.18068   0.0030822
         226     1.14473     1.18052  0.00307267
         227     1.16488     1.18045   0.0030599
         228      1.1508     1.18032  0.00304925
         229     1.18633     1.18034  0.00303604
         230     1.18691     1.18037  0.00302298
         231     1.19106     1.18042  0.00301024
         232     1.20916     1.18054  0.00299982
         233     1.20093     1.18063  0.00298822
         234     1.20666     1.18074  0.00297752
         235     1.20836     1.18086  0.00296717
         236     1.22355     1.18104   0.0029601
         237     1.22922     1.18124  0.00295458
         238     1.24284      1.1815  0.00295348
         239      1.2568     1.18182  0.00295788
         240     1.26087     1.18215  0.00296384
         241     1.25217     1.18244  0.00296575
         242     1.25147     1.18272  0.00296718
         243     1.24423     1.18298  0.00296574
         244     1.25848     1.18329  0.00296969
         245     1.22724     1.18347  0.00296298
         246     1.21706      1.1836  0.00295408
         247     1.21363     1.18372  0.00294462
         248     1.20091     1.18379  0.00293357
         249     1.21471     1.18392  0.00292441
         250     1.19861     1.18398   0.0029133
         251      1.2066     1.18407  0.00290309
         252     1.21159     1.18417  0.00289363
         253      1.2028     1.18425  0.00288312
         254     1.20026     1.18431  0.00287246
         255      1.1961     1.18436  0.00286157
         256     1.19358     1.18439  0.00285062
         257     1.19914     1.18445   0.0028401
         258     1.19436     1.18449  0.00282935
         259      1.2039     1.18456  0.00281942
         260     1.20859     1.18466  0.00281009
         261     1.19135     1.18468  0.00279944
         262     1.19816     1.18473  0.00278923
         263     1.18876     1.18475  0.00277867
         264      1.2075     1.18484  0.00276948
         265     1.21652     1.18495  0.00276161
         266     1.21159     1.18506  0.00275304
         267      1.2299     1.18522  0.00274785
         268     1.23437     1.18541  0.00274371
         269     1.22107     1.18554  0.00273671
         270      1.2416     1.18575  0.00273444
         271      1.2282      1.1859  0.00272883
         272     1.22641     1.18605  0.00272286
         273     1.23073     1.18622   0.0027178
         274     1.22202     1.18635  0.00271102
         275     1.22387     1.18648   0.0027046
         276     1.23164     1.18665  0.00269974
         277      1.2081     1.18672  0.00269111
         278     1.23419     1.18689  0.00268684
         279     1.22921     1.18705  0.00268148
         280     1.23597     1.18722  0.00267759
         281     1.22704     1.18736  0.00267181
         282     1.23504     1.18753  0.00266768
         283     1.20351     1.18759  0.00265885
         284     1.21358     1.18768  0.00265107
         285     1.19351      1.1877  0.00264184
         286     1.20035     1.18774  0.00263298
         287      1.2022      1.1878  0.00262428
         288     1.19489     1.18782  0.00261529
         289     1.20599     1.18788  0.00260699
         290     1.20997     1.18796  0.00259912
         291     1.21147     1.18804  0.00259144
         292     1.22468     1.18816   0.0025856
         293     1.23291     1.18832  0.00258128
         294     1.27068      1.1886  0.00258766
         295     1.25221     1.18881  0.00258786
         296     1.26314     1.18906  0.00259127
         297     1.28342     1.18938  0.00260194
         298      1.2636     1.18963  0.00260511
         299     1.25197     1.18984  0.00260472
         300     1.25536     1.19006  0.00260518
         301     1.24294     1.19023  0.00260244
         302     1.24197     1.19041  0.00259946
         303     1.23353     1.19055  0.00259477
         304     1.22276     1.19065   0.0025884
         305     1.22793     1.19078  0.00258279
         306     1.23108     1.19091  0.00257771
         307      1.2222     1.19101  0.00257133
         308     1.23245     1.19114   0.0025665
         309     1.23762     1.19129   0.0025626
         310     1.21693     1.19138  0.00255566
         311     1.24685     1.19156  0.00255366
         312     1.22242     1.19165  0.00254739
         313      1.2386      1.1918  0.00254366
         314     1.20668     1.19185  0.00253601
         315     1.23962       1.192  0.00253248
         316     1.23308     1.19213   0.0025278
         317      1.2369     1.19227  0.00252377
         318     1.23302      1.1924  0.00251909
         319     1.22811     1.19251  0.00251367
         320     1.21444     1.19258  0.00250675
         321      1.2165     1.19266  0.00250005
         322     1.18904     1.19265  0.00249231
         323     1.19538     1.19265  0.00248461
         324     1.19318     1.19266  0.00247694
         325      1.2068      1.1927   0.0024697
         326     1.20855     1.19275  0.00246261
         327     1.20636     1.19279  0.00245543
         328     1.23305     1.19291  0.00245101
         329      1.2273     1.19302  0.00244578
         330     1.23635     1.19315  0.00244189
         331     1.23139     1.19326  0.00243725
         332     1.22462     1.19336  0.00243174
         333     1.22794     1.19346  0.00242665
         334     1.23514     1.19359  0.00242259
         335     1.22622     1.19368  0.00241732
         336     1.23139      1.1938  0.00241273
         337     1.21447     1.19386  0.00240635
         338      1.2263     1.19395  0.00240114
         339     1.19955     1.19397  0.00239412
         340     1.21638     1.19404  0.00238798
         341     1.20805     1.19408  0.00238133
         342     1.19206     1.19407  0.00237438
         343      1.2122     1.19412  0.00236804
         344     1.22757     1.19422  0.00236315
         345     1.23301     1.19433  0.00235898
         346     1.22956     1.19444  0.00235435
         347     1.23394     1.19455  0.00235032
         348     1.25191     1.19471  0.00234934
         349     1.23612     1.19483   0.0023456
         350     1.25703     1.19501  0.00234562
         351     1.24456     1.19515  0.00234318
         352      1.2516     1.19531  0.00234201
         353     1.24679     1.19546  0.00233991
         354     1.21847     1.19552   0.0023342
         355     1.21852     1.19559  0.00232852
         356     1.20441     1.19561  0.00232212
         357     1.21338     1.19566  0.00231614
         358     1.21467     1.19572  0.00231028
         359     1.21402     1.19577  0.00230441
         360     1.22692     1.19585  0.00229963
         361     1.23497     1.19596  0.00229582
         362     1.22006     1.19603  0.00229044
         363     1.23114     1.19613  0.00228617
         364     1.23513     1.19623   0.0022824
         365     1.22622     1.19631  0.00227762
         366     1.25257     1.19647  0.00227658
         367     1.23559     1.19657  0.00227287
         368     1.23736     1.19669   0.0022694
         369     1.23788      1.1968  0.00226599
         370     1.22009     1.19686  0.00226074
         371     1.24018     1.19698  0.00225766
         372      1.2404     1.19709  0.00225461
         373     1.23912     1.19721  0.00225138
         374     1.23263      1.1973  0.00224735
         375     1.27361      1.1975  0.00225055
         376     1.27235      1.1977  0.00225335
         377     1.26015     1.19787  0.00225345
         378     1.25865     1.19803  0.00225322
         379     1.23652     1.19813  0.00224957
         380       1.222     1.19819  0.00224452
         381      1.2289     1.19828  0.00224008
         382      1.2426     1.19839  0.00223722
         383     1.23989      1.1985    0.002234
         384     1.25038     1.19863  0.00223226
         385     1.23728     1.19874  0.00222872
         386     1.22493      1.1988  0.00222398
         387     1.22837     1.19888  0.00221954
         388     1.21164     1.19891  0.00221407
         389     1.20041     1.19892  0.00220838
         390      1.2273     1.19899  0.00220392
         391     1.22529     1.19906  0.00219931
         392     1.22458     1.19912  0.00219466
         393     1.23736     1.19922  0.00219123
         394     1.23645     1.19931  0.00218771
         395     1.21851     1.19936  0.00218271
         396      1.2266     1.19943  0.00217828
         397     1.23319     1.19952  0.00217445
         398     1.20169     1.19952  0.00216899
         399     1.21331     1.19956  0.00216383
         400     1.21263     1.19959  0.00215867
         401     1.19273     1.19957  0.00215336
         402      1.1785     1.19952  0.00214864
         403     1.17842     1.19947  0.00214394
         404     1.18169     1.19942  0.00213909
         405     1.17843     1.19937  0.00213443
         406     1.18048     1.19932  0.00212968
         407     1.15554     1.19922  0.00212717
         408     1.16013     1.19912  0.00212411
         409     1.15668     1.19902  0.00212145
         410     1.15304      1.1989  0.00211924
         411     1.16232     1.19882  0.00211595
         412     1.16099     1.19872   0.0021128
         413     1.18328     1.19869  0.00210802
         414     1.18106     1.19864  0.00210336
         415     1.19031     1.19862  0.00209838
         416     1.21449     1.19866  0.00209369
         417     1.22126     1.19872  0.00208937
         418     1.21105     1.19875  0.00208458
         419      1.2342     1.19883  0.00208132
         420     1.24046     1.19893  0.00207872
         421     1.22229     1.19898  0.00207452
         422     1.22939     1.19906  0.00207086
         423     1.22326     1.19911  0.00206675
         424     1.20398     1.19913  0.00206191
         425     1.21936     1.19917  0.00205761
         426     1.22418     1.19923  0.00205362
         427     1.23292     1.19931  0.00205032
         428     1.23411     1.19939  0.00204714
         429     1.25291     1.19952  0.00204617
         430     1.23659      1.1996  0.00204323
         431     1.23764     1.19969  0.00204039
         432     1.21954     1.19974  0.00203619
         433     1.18766     1.19971  0.00203167
         434     1.20336     1.19972  0.00202701
         435      1.1823     1.19968  0.00202275
         436     1.20316     1.19969  0.00201812
         437     1.22128     1.19974  0.00201411
         438     1.21061     1.19976  0.00200966
         439     1.23078     1.19983  0.00200633
         440     1.22928      1.1999  0.00200288
         441     1.21175     1.19992  0.00199852
         442      1.2348         1.2  0.00199556
         443     1.22903     1.20007  0.00199213
         444     1.25404     1.20019  0.00199135
         445     1.22098     1.20024  0.00198742
         446     1.23986     1.20033  0.00198495
         447     1.22571     1.20038  0.00198132
         448     1.21685     1.20042  0.00197724
         449     1.19481     1.20041  0.00197287
         450     1.20454     1.20042  0.00196851
         451      1.1835     1.20038   0.0019645
         452      1.2018     1.20038  0.00196016
         453     1.18308     1.20034  0.00195621
         454     1.19954     1.20034   0.0019519
         455     1.19897     1.20034  0.00194761
         456     1.20269     1.20034  0.00194335
         457      1.1911     1.20032   0.0019392
         458     1.20708     1.20034  0.00193502
         459     1.21235     1.20036  0.00193098
         460     1.21399     1.20039  0.00192701
         461     1.22903     1.20046  0.00192383
         462     1.24462     1.20055  0.00192204
         463     1.26473     1.20069  0.00192288
         464     1.24927      1.2008  0.00192159
         465     1.23661     1.20087    0.001919
         466     1.25244     1.20098  0.00191807
         467       1.228     1.20104  0.00191483
         468     1.24221     1.20113  0.00191276
         469     1.21506     1.20116  0.00190891
         470      1.2179     1.20119  0.00190518
         471     1.21868     1.20123   0.0019015
         472     1.22057     1.20127  0.00189791
         473     1.20505     1.20128  0.00189392
         474     1.20613     1.20129  0.00188995
         475     1.19033     1.20127  0.00188611
         476     1.17671     1.20122  0.00188285
         477     1.19057     1.20119  0.00187904
         478     1.15772      1.2011  0.00187731
         479     1.18211     1.20106  0.00187381
         480     1.16187     1.20098  0.00187168
         481     1.17249     1.20092  0.00186873
         482     1.16438     1.20085  0.00186639
         483     1.18687     1.20082  0.00186275
         484      1.1883     1.20079  0.00185908
         485     1.19495     1.20078  0.00185528
         486     1.19492     1.20077  0.00185151
         487     1.19491     1.20076  0.00184774
         488      1.1893     1.20073  0.00184411
         489      1.1912     1.20071  0.00184044
         490     1.17349     1.20066  0.00183752
         491     1.18118     1.20062  0.00183421
         492     1.18641     1.20059   0.0018307
         493      1.1714     1.20053  0.00182795
         494     1.20072     1.20053  0.00182425
         495     1.19218     1.20051  0.00182064
         496      1.2098     1.20053  0.00181707
         497     1.21625     1.20056  0.00181368
         498     1.23487     1.20063  0.00181135
         499     1.22694     1.20068  0.00180849
         500      1.2407     1.20076  0.00180664
         501     1.25056     1.20086  0.00180577
         502     1.24438     1.20095  0.00180425
         503     1.25782     1.20106   0.0018042
         504     1.25664     1.20117  0.00180399
         505     1.27737     1.20132  0.00180671
         506     1.25999     1.20144  0.00180686
         507     1.24677     1.20153  0.00180551
         508     1.23704      1.2016  0.00180331
         509      1.2311     1.20166  0.00180069
         510     1.20798     1.20167  0.00179721
         511      1.2358     1.20174  0.00179493
         512     1.22118     1.20178  0.00179183
         513     1.24903     1.20187   0.0017907
         514     1.25445     1.20197  0.00179013
         515     1.25388     1.20207  0.00178949
         516     1.24884     1.20216  0.00178832
         517     1.25631     1.20227  0.00178793
         518     1.23576     1.20233  0.00178564
         519     1.23465     1.20239  0.00178329
         520     1.21958     1.20243  0.00178016
         521     1.23092     1.20248  0.00177759
         522      1.2343     1.20254  0.00177523
         523     1.22771     1.20259  0.00177249
         524     1.22507     1.20263  0.00176962
         525     1.25361     1.20273  0.00176891
         526     1.22172     1.20277  0.00176592
         527     1.24098     1.20284  0.00176406
         528     1.21459     1.20286  0.00176086
         529     1.22572      1.2029  0.00175806
         530     1.20982     1.20292  0.00175479
         531     1.19668      1.2029  0.00175152
         532     1.19782      1.2029  0.00174826
         533     1.20226     1.20289  0.00174498
         534     1.19596     1.20288  0.00174176
         535     1.20413     1.20288   0.0017385
         536     1.22084     1.20292  0.00173558
         537     1.21671     1.20294  0.00173254
         538      1.2358       1.203   0.0017304
         539     1.21795     1.20303  0.00172741
         540     1.22099     1.20306  0.00172453
         541     1.18067     1.20302  0.00172184
         542     1.16884     1.20296  0.00171982
         543     1.17203      1.2029  0.00171759
         544     1.15882     1.20282  0.00171635
         545     1.17743     1.20278  0.00171383
         546     1.17265     1.20272  0.00171158
         547     1.17838     1.20268  0.00170903
         548     1.16679     1.20261  0.00170716
         549     1.16836     1.20255  0.00170519
         550     1.16968     1.20249  0.00170314
         551     1.17112     1.20243    0.001701
         552     1.18614      1.2024  0.00169818
         553     1.15836     1.20232  0.00169697
         554     1.18431     1.20229  0.00169422
         555     1.17476     1.20224  0.00169189
         556     1.16291     1.20217  0.00169033
         557     1.16095      1.2021  0.00168891
         558     1.15942     1.20202  0.00168762
         559     1.16869     1.20196  0.00168565
         560     1.15983     1.20188  0.00168432
         561     1.17816     1.20184  0.00168185
         562     1.16675     1.20178  0.00168001
         563     1.18843     1.20176   0.0016772
         564     1.18582     1.20173  0.00167446
         565     1.18173     1.20169  0.00167187
         566      1.1978     1.20169  0.00166893
         567     1.20757      1.2017  0.00166602
         568     1.21397     1.20172  0.00166323
         569     1.21817     1.20175  0.00166056
         570     1.23224      1.2018   0.0016585
         571     1.22982     1.20185  0.00165632
         572     1.21094     1.20186  0.00165351
         573     1.20806     1.20188  0.00165065
         574     1.17848     1.20183  0.00164828
         575      1.1867     1.20181  0.00164563
         576     1.19449      1.2018  0.00164282
         577     1.19143     1.20178  0.00164007
         578     1.19417     1.20176  0.00163728
         579     1.20971     1.20178  0.00163451
         580     1.21318      1.2018  0.00163181
         581     1.19958     1.20179  0.00162901
         582     1.21144     1.20181   0.0016263
         583     1.19733      1.2018  0.00162352
         584     1.17451     1.20176  0.00162142
         585     1.19118     1.20174  0.00161875
         586     1.19173     1.20172  0.00161607
         587     1.18034     1.20168  0.00161373
         588     1.19125     1.20167  0.00161108
         589     1.19698     1.20166  0.00160837
         590     1.18305     1.20163  0.00160595
         591     1.18558      1.2016  0.00160346
         592     1.18566     1.20157  0.00160098
         593     1.19125     1.20156  0.00159838
         594     1.19533     1.20155  0.00159572
         595     1.18726     1.20152  0.00159322
         596     1.20357     1.20152  0.00159055
         597     1.20129     1.20152  0.00158788
         598     1.18259     1.20149  0.00158554
         599     1.18193     1.20146  0.00158323
         600     1.16384      1.2014  0.00158184
         601     1.18868     1.20138  0.00157935
         602     1.20067     1.20138  0.00157672
         603     1.20392     1.20138  0.00157411
         604     1.21093      1.2014  0.00157159
         605      1.2293     1.20144  0.00156967
         606     1.24271     1.20151  0.00156855
         607      1.2284     1.20155  0.00156659
         608     1.23197      1.2016  0.00156482
         609     1.22172     1.20164  0.00156259
         610     1.18849     1.20162  0.00156018
         611     1.20053     1.20161  0.00155763
         612     1.18422     1.20158  0.00155534
         613     1.17294     1.20154  0.00155351
         614     1.16371     1.20148   0.0015522
         615      1.1711     1.20143  0.00155046
         616     1.17572     1.20139  0.00154851
         617      1.1811     1.20135  0.00154634
         618     1.19051     1.20134  0.00154394
         619     1.21489     1.20136   0.0015416
         620     1.20537     1.20136  0.00153913
         621     1.24603     1.20144  0.00153833
         622     1.22729     1.20148  0.00153642
         623     1.23346     1.20153  0.00153481
         624     1.22394     1.20156  0.00153277
         625     1.21745     1.20159  0.00153053
         626     1.21818     1.20162  0.00152831
         627     1.19763     1.20161  0.00152589
         628     1.21026     1.20162  0.00152352
         629     1.20942     1.20164  0.00152115
         630     1.19721     1.20163  0.00151875
         631     1.18786     1.20161   0.0015165
         632     1.19928      1.2016  0.00151411
         633     1.18502     1.20158  0.00151194
         634     1.20054     1.20158  0.00150956
         635     1.19928     1.20157  0.00150718
         636     1.21915      1.2016  0.00150507
         637     1.21673     1.20162  0.00150289
         638     1.19319     1.20161   0.0015006
         639     1.22513     1.20165   0.0014987
         640      1.2065     1.20165  0.00149638
         641     1.23526     1.20171  0.00149496
         642     1.21304     1.20172  0.00149274
         643     1.24034     1.20178  0.00149162
         644      1.2339     1.20183  0.00149014
         645     1.21902     1.20186  0.00148807
         646     1.22436      1.2019  0.00148617
         647     1.20824     1.20191  0.00148391
         648     1.21344     1.20192  0.00148172
         649     1.18152     1.20189  0.00147977
         650     1.18441     1.20187  0.00147774
         651     1.17153     1.20182  0.00147621
         652     1.17059     1.20177  0.00147472
         653     1.17963     1.20174  0.00147285
         654     1.16825     1.20169  0.00147149
         655     1.17401     1.20164  0.00146985
         656     1.18153     1.20161  0.00146793
         657     1.17658     1.20157  0.00146619
         658     1.18209     1.20154  0.00146426
         659     1.18694     1.20152   0.0014622
         660     1.19644     1.20152  0.00146001
         661     1.22252     1.20155  0.00145815
         662     1.21587     1.20157   0.0014561
         663     1.21958      1.2016  0.00145416
         664     1.21942     1.20162  0.00145222
         665     1.20185     1.20162  0.00145003
         666     1.19521     1.20161  0.00144789
         667     1.19291      1.2016  0.00144578
         668     1.18767     1.20158  0.00144376
         669     1.18057     1.20155  0.00144195
         670     1.18355     1.20152  0.00144005
         671     1.16098     1.20146  0.00143917
         672     1.16606     1.20141  0.00143799
         673     1.16757     1.20136  0.00143673
         674       1.169     1.20131   0.0014354
         675     1.17454     1.20127  0.00143382
         676     1.16515     1.20122   0.0014327
         677      1.1886      1.2012   0.0014307
         678     1.17566     1.20116  0.00142909
         679     1.15933      1.2011  0.00142831
         680     1.16877     1.20105    0.001427
         681     1.17746     1.20102  0.00142533
         682     1.18296     1.20099  0.00142348
         683     1.19269     1.20098  0.00142145
         684     1.19737     1.20097  0.00141938
         685     1.21238     1.20099  0.00141741
         686     1.19896     1.20099  0.00141534
         687     1.21148       1.201  0.00141337
         688     1.20658     1.20101  0.00141133
         689     1.20753     1.20102  0.00140932
         690     1.21312     1.20104  0.00140738
         691     1.20456     1.20104  0.00140536
         692      1.2049     1.20105  0.00140334
         693     1.21798     1.20107  0.00140152
         694     1.21347     1.20109  0.00139962
         695     1.22635     1.20113  0.00139808
         696     1.20953     1.20114  0.00139612
         697     1.23924     1.20119  0.00139519
         698     1.24508     1.20126   0.0013946
         699     1.23128      1.2013  0.00139327
         700     1.26548     1.20139  0.00139429
         701     1.26575     1.20148  0.00139532
         702     1.27306     1.20158  0.00139706
         703     1.29542     1.20172  0.00140143
         704     1.27844     1.20183  0.00140367
         705     1.26263     1.20191  0.00140433
         706     1.28766     1.20203  0.00140758
         707     1.26868     1.20213  0.00140874
         708     1.26902     1.20222  0.00140992
         709     1.26692     1.20231  0.00141088
         710     1.25827     1.20239  0.00141109
         711     1.27186     1.20249  0.00141249
         712     1.25155     1.20256  0.00141218
         713     1.25651     1.20264  0.00141223
         714     1.25401     1.20271  0.00141208
         715     1.26409     1.20279  0.00141271
         716       1.261     1.20287  0.00141308
         717     1.25368     1.20295  0.00141288
         718     1.25296     1.20301  0.00141263
         719      1.2354     1.20306  0.00141138
         720     1.23184      1.2031  0.00140999
         721     1.19214     1.20308  0.00140812
         722     1.19156     1.20307  0.00140626
         723     1.18304     1.20304  0.00140458
         724     1.19815     1.20303  0.00140266
         725     1.18898     1.20301  0.00140086
         726     1.19955     1.20301  0.00139894
         727     1.20779     1.20302  0.00139703
         728     1.20587     1.20302  0.00139512
         729     1.22668     1.20305  0.00139358
         730     1.22171     1.20308   0.0013919
         731     1.24159     1.20313    0.001391
         732     1.26747     1.20322  0.00139187
         733     1.25714     1.20329  0.00139191
         734     1.27357     1.20339  0.00139331
         735     1.25387     1.20346   0.0013931
         736     1.25702     1.20353  0.00139311
         737     1.23008     1.20357  0.00139169
         738       1.222     1.20359  0.00139002
         739     1.23441     1.20363  0.00138877
         740     1.21286     1.20365  0.00138695
         741     1.21037     1.20365  0.00138511
         742     1.21188     1.20367  0.00138328
         743     1.20749     1.20367  0.00138143
         744     1.19146     1.20365  0.00137967
         745      1.2089     1.20366  0.00137784
         746     1.21282     1.20367  0.00137605
         747     1.21936     1.20369  0.00137436
         748     1.24491     1.20375  0.00137363
         749     1.25309     1.20382  0.00137338
         750     1.27885     1.20392  0.00137518
         751      1.2779     1.20401  0.00137688
         752     1.28819     1.20413  0.00137959
         753     1.28444     1.20423  0.00138187
         754     1.28256     1.20434  0.00138394
         755       1.282     1.20444  0.00138592
         756     1.24084     1.20449  0.00138493
         757     1.24945     1.20455  0.00138437
         758     1.23843     1.20459  0.00138327
         759     1.21404      1.2046   0.0013815
         760     1.22878     1.20464  0.00138005
         761     1.20835     1.20464  0.00137824
         762     1.20589     1.20464  0.00137644
         763     1.20046     1.20464  0.00137464
         764      1.2103     1.20464  0.00137286
         765     1.22034     1.20466  0.00137122
         766      1.2112     1.20467  0.00136946
         767     1.23235     1.20471  0.00136815
         768     1.23479     1.20475  0.00136693
         769     1.24393      1.2048   0.0013661
         770     1.26282     1.20487   0.0013664
         771     1.26332     1.20495  0.00136673
         772     1.26112     1.20502   0.0013669
         773      1.2727     1.20511  0.00136793
         774     1.25528     1.20518   0.0013677
         775     1.26347     1.20525    0.001368
         776     1.26606     1.20533  0.00136848
         777     1.24645     1.20538  0.00136774
         778     1.27289     1.20547  0.00136873
         779     1.26916     1.20555  0.00136941
         780     1.23779     1.20559  0.00136828
         781     1.23327     1.20563  0.00136699
         782     1.22908     1.20566  0.00136557
         783     1.22025     1.20568  0.00136395
         784     1.23409     1.20571  0.00136269
         785      1.2489     1.20577  0.00136207
         786     1.25683     1.20583  0.00136188
         787     1.26772     1.20591  0.00136242
         788     1.27618       1.206  0.00136361
         789     1.24807     1.20605  0.00136292
         790     1.26897     1.20613  0.00136352
         791     1.25892      1.2062  0.00136343
         792     1.25017     1.20626  0.00136284
         793     1.25476     1.20632  0.00136249
         794     1.23347     1.20635   0.0013612
         795     1.25016     1.20641  0.00136061
         796     1.23097     1.20644  0.00135925
         797     1.24111     1.20648  0.00135824
         798     1.24001     1.20652  0.00135719
         799     1.25275     1.20658  0.00135672
         800     1.24936     1.20663  0.00135608
         801     1.25918      1.2067  0.00135597
         802      1.2675     1.20678   0.0013564
         803     1.25021     1.20683  0.00135579
         804     1.25843     1.20689  0.00135562
         805     1.24176     1.20694  0.00135463
         806     1.21473     1.20695  0.00135298
         807     1.19713     1.20693  0.00135136
         808     1.20334     1.20693  0.00134969
         809     1.20836     1.20693  0.00134802
         810      1.1993     1.20692  0.00134639
         811      1.1948     1.20691  0.00134482
         812     1.20432      1.2069  0.00134316
         813     1.20936     1.20691  0.00134152
         814     1.19894      1.2069   0.0013399
         815      1.1992     1.20689  0.00133829
         816     1.22555     1.20691  0.00133685
         817     1.21323     1.20692  0.00133523
         818     1.21064     1.20692  0.00133361
         819     1.21843     1.20694  0.00133205
         820      1.2031     1.20693  0.00133044
         821     1.20315     1.20693  0.00132883
         822     1.20421     1.20692  0.00132721
         823     1.20365     1.20692  0.00132561
         824     1.20331     1.20692  0.00132401
         825     1.19989     1.20691  0.00132243
         826     1.19111     1.20689  0.00132097
         827     1.19756     1.20688  0.00131942
         828     1.20635     1.20688  0.00131782
         829     1.21344     1.20688  0.00131626
         830     1.22754     1.20691  0.00131491
         831     1.21302     1.20692  0.00131334
         832     1.22464     1.20694  0.00131194
         833     1.22124     1.20696  0.00131048
         834     1.20853     1.20696  0.00130891
         835     1.20105     1.20695  0.00130736
         836     1.20004     1.20694  0.00130582
         837     1.20293     1.20694  0.00130427
         838     1.20731     1.20694  0.00130271
         839     1.20262     1.20693  0.00130117
         840     1.21145     1.20694  0.00129963
         841     1.21474     1.20695  0.00129812
         842     1.19512     1.20693  0.00129665
         843     1.20135     1.20693  0.00129513
         844     1.20127     1.20692  0.00129362
         845     1.19651     1.20691  0.00129214
         846     1.21844     1.20692  0.00129069
         847     1.22108     1.20694  0.00128927
         848     1.23849     1.20697  0.00128829
         849      1.2503     1.20703  0.00128778
         850     1.26575     1.20709  0.00128812
         851      1.2203     1.20711   0.0012867
         852     1.27403     1.20719  0.00128758
         853     1.23608     1.20722  0.00128652
         854     1.23512     1.20726  0.00128543
         855     1.20987     1.20726  0.00128393
         856     1.21091     1.20726  0.00128243
         857     1.19297     1.20725  0.00128105
         858     1.19576     1.20723  0.00127962
         859      1.1911     1.20721  0.00127827
         860     1.19047     1.20719  0.00127693
         861      1.1979     1.20718   0.0012755
         862     1.19907     1.20717  0.00127405
         863     1.21385     1.20718   0.0012726
         864     1.20926     1.20718  0.00127113
         865     1.20376     1.20718  0.00126966
         866     1.20674     1.20718   0.0012682
         867      1.2159     1.20719  0.00126678
         868     1.21686      1.2072  0.00126537
         869     1.21167     1.20721  0.00126392
         870     1.23468     1.20724  0.00126286
         871     1.23874     1.20727  0.00126193
         872     1.23139      1.2073  0.00126078
         873      1.2243     1.20732  0.00125949
         874     1.19998     1.20731  0.00125808
         875     1.20095     1.20731  0.00125666
         876     1.19287     1.20729  0.00125533
         877     1.17839     1.20726  0.00125434
         878     1.17516     1.20722  0.00125344
         879      1.1677     1.20717  0.00125282
         880      1.1735     1.20714  0.00125198
         881     1.17191      1.2071   0.0012512
         882     1.18628     1.20707     0.00125
         883     1.18189     1.20704  0.00124891
         884     1.20161     1.20704  0.00124751
         885       1.203     1.20703  0.00124611
         886     1.21268     1.20704  0.00124472
         887     1.20979     1.20704  0.00124332
         888     1.22579     1.20706   0.0012421
         889     1.22236     1.20708  0.00124082
         890     1.20317     1.20708  0.00123944
         891     1.24413     1.20712  0.00123874
         892     1.24795     1.20716   0.0012382
         893      1.2231     1.20718  0.00123694
         894      1.2118     1.20719  0.00123557
         895     1.20722     1.20719  0.00123419
         896     1.21307     1.20719  0.00123283
         897      1.2076     1.20719  0.00123145
         898     1.20213     1.20719   0.0012301
         899     1.20615     1.20719  0.00122873
         900     1.18988     1.20717  0.00122751
         901     1.19981     1.20716  0.00122618
         902     1.20049     1.20715  0.00122484
         903     1.19461     1.20714  0.00122356
         904     1.21348     1.20715  0.00122223
         905     1.22099     1.20716  0.00122098
         906     1.22075     1.20718  0.00121972
         907     1.21203     1.20718  0.00121839
         908     1.22321      1.2072  0.00121717
         909     1.19023     1.20718  0.00121598
         910     1.19107     1.20716  0.00121477
         911     1.19424     1.20715  0.00121352
         912     1.18739     1.20713  0.00121238
         913     1.18069      1.2071   0.0012114
         914     1.19274     1.20708  0.00121018
         915     1.20427     1.20708  0.00120886
         916     1.19845     1.20707  0.00120757
         917     1.20348     1.20707  0.00120626
         918       1.215     1.20707  0.00120498
         919      1.2154     1.20708   0.0012037
         920     1.20413     1.20708   0.0012024
         921     1.21805     1.20709  0.00120115
         922     1.22398     1.20711  0.00119999
         923     1.23245     1.20714    0.001199
         924     1.22534     1.20716  0.00119787
         925     1.22533     1.20718  0.00119673
         926     1.22042     1.20719  0.00119553
         927     1.21163      1.2072  0.00119425
         928     1.20283     1.20719  0.00119297
         929     1.21458      1.2072  0.00119171
         930     1.18829     1.20718   0.0011906
         931     1.20677     1.20718  0.00118932
         932     1.20595     1.20718  0.00118805
         933      1.1937     1.20716  0.00118686
         934     1.19125     1.20715  0.00118572
         935     1.15878     1.20709  0.00118557
         936     1.17698     1.20706  0.00118474
         937     1.17125     1.20702   0.0011841
         938     1.16559     1.20698  0.00118366
         939      1.1636     1.20693   0.0011833
         940     1.17261      1.2069   0.0011826
         941     1.15515     1.20684  0.00118262
         942     1.16351      1.2068  0.00118226
         943     1.17007     1.20676  0.00118165
         944      1.1898     1.20674  0.00118054
         945     1.18925     1.20672  0.00117943
         946      1.2073     1.20672  0.00117818
         947     1.23418     1.20675   0.0011773
         948      1.2048     1.20675  0.00117606
         949     1.23963     1.20678  0.00117533
         950     1.24812     1.20683   0.0011749
         951     1.25965     1.20688  0.00117497
         952     1.25432     1.20693   0.0011748
         953     1.26064     1.20699  0.00117491
         954     1.26528     1.20705  0.00117527
         955     1.26111     1.20711   0.0011754
         956     1.23901     1.20714  0.00117465
         957     1.20207     1.20713  0.00117343
         958     1.21004     1.20714  0.00117221
         959      1.2135     1.20714  0.00117101
         960     1.19997     1.20714  0.00116981
         961     1.18447     1.20711  0.00116883
         962      1.1993      1.2071  0.00116764
         963     1.19439     1.20709  0.00116651
         964     1.18511     1.20707  0.00116552
         965     1.20814     1.20707  0.00116431
         966     1.22187     1.20708  0.00116321
         967     1.21066     1.20709  0.00116201
         968     1.22418     1.20711  0.00116094
         969     1.22859     1.20713  0.00115996
         970     1.23009     1.20715    0.001159
         971     1.23473     1.20718  0.00115816
         972      1.2248      1.2072  0.00115711
         973      1.2494     1.20724  0.00115673
         974     1.23194     1.20727  0.00115582
         975     1.25282     1.20731  0.00115558
         976     1.24971     1.20736  0.00115521
         977     1.26498     1.20742  0.00115553
         978     1.28216     1.20749  0.00115688
         979     1.28689     1.20757  0.00115853
         980     1.29353     1.20766  0.00116067
         981     1.29675     1.20775  0.00116303
         982     1.28663     1.20783  0.00116462
         983     1.28449     1.20791  0.00116604
         984     1.25704     1.20796  0.00116592
         985     1.25052       1.208  0.00116554
         986     1.22787     1.20802  0.00116453
         987     1.21649     1.20803  0.00116338
         988     1.21975     1.20804  0.00116227
         989      1.2056     1.20804   0.0011611
         990     1.21861     1.20805  0.00115997
         991     1.20731     1.20805   0.0011588
         992     1.20244     1.20805  0.00115765
         993     1.19119     1.20803  0.00115661
         994     1.18013       1.208  0.00115578
         995     1.16395     1.20796  0.00115547
         996      1.1754     1.20792  0.00115477
         997     1.17777     1.20789  0.00115401
         998     1.18317     1.20787  0.00115312
         999      1.1742     1.20784  0.00115246
        1000     1.17768     1.20781   0.0011517
        1001     1.18288     1.20778  0.00115082
        1002     1.18561     1.20776  0.00114988
        1003     1.19667     1.20775  0.00114879
        1004     1.21239     1.20775  0.00114765
        1005     1.20869     1.20775  0.00114651
        1006     1.22827     1.20777  0.00114555
        1007     1.23213      1.2078  0.00114467
        1008     1.24026     1.20783  0.00114399
        1009     1.24124     1.20786  0.00114333
        1010     1.23049     1.20789  0.00114242
        1011     1.26731     1.20794   0.0011428
        1012     1.24194     1.20798  0.00114217
        1013     1.24046     1.20801  0.00114149
        1014     1.24364     1.20804   0.0011409
        1015     1.24036     1.20808  0.00114022
        1016     1.23626      1.2081  0.00113944
        1017      1.2502     1.20815  0.00113907
        1018     1.24669     1.20818  0.00113858
        1019     1.23916     1.20821  0.00113787
        1020     1.24235     1.20825  0.00113725
        1021     1.24694     1.20829  0.00113676
        1022     1.25006     1.20833  0.00113638
        1023     1.23153     1.20835   0.0011355
        1024     1.24736     1.20839  0.00113503
        1025     1.25096     1.20843  0.00113468
        1026     1.23199     1.20845  0.00113381
        1027     1.24927     1.20849   0.0011334
        1028     1.23708     1.20852  0.00113264
        1029     1.24968     1.20856  0.00113225
        1030     1.24326     1.20859  0.00113165
        1031     1.25418     1.20864  0.00113141
        1032     1.27615      1.2087  0.00113221
        1033     1.26683     1.20876  0.00113251
        1034     1.25121      1.2088  0.00113216
        1035     1.25135     1.20884  0.00113181
        1036     1.24989     1.20888  0.00113141
        1037     1.24895     1.20892  0.00113098
        1038     1.23293     1.20894  0.00113013
        1039     1.23987     1.20897  0.00112943
        1040     1.23435       1.209  0.00112861
        1041     1.23463     1.20902  0.00112779
        1042     1.22618     1.20904  0.00112683
        1043     1.22998     1.20906  0.00112593
        1044     1.23692     1.20908  0.00112517
        1045     1.21197     1.20909  0.00112409
        1046     1.21959      1.2091  0.00112306
        1047     1.20047     1.20909  0.00112202
        1048     1.21724      1.2091  0.00112098
        1049     1.21582      1.2091  0.00111993
        1050     1.22342     1.20912  0.00111894
        1051     1.21171     1.20912  0.00111788
        1052     1.20029     1.20911  0.00111685
        1053      1.2057     1.20911  0.00111579
        1054     1.20541      1.2091  0.00111474
        1055     1.18862     1.20908  0.00111385
        1056     1.19563     1.20907  0.00111287
        1057     1.18145     1.20905  0.00111213
        1058     1.20565     1.20904  0.00111108
        1059     1.20215     1.20904  0.00111005
        1060     1.21071     1.20904    0.001109
        1061     1.23039     1.20906  0.00110814
        1062     1.22231     1.20907  0.00110717
        1063     1.21999     1.20908  0.00110617
        1064      1.2015     1.20907  0.00110516
        1065     1.22083     1.20908  0.00110417
        1066     1.20018     1.20908  0.00110317
        1067     1.19924     1.20907  0.00110217
        1068     1.20687     1.20906  0.00110114
        1069     1.21079     1.20907  0.00110012
        1070     1.21247     1.20907  0.00109909
        1071      1.2162     1.20908  0.00109809
        1072     1.22664     1.20909  0.00109718
        1073     1.20176     1.20909  0.00109618
        1074     1.20459     1.20908  0.00109517
        1075     1.18899     1.20906  0.00109431
        1076     1.17669     1.20903  0.00109371
        1077      1.1751       1.209  0.00109314
        1078     1.16939     1.20896  0.00109275
        1079     1.19992     1.20896  0.00109177
        1080     1.20174     1.20895  0.00109078
        1081     1.22662     1.20897  0.00108989
        1082     1.21887     1.20897  0.00108892
        1083     1.21835     1.20898  0.00108795
        1084     1.21996     1.20899  0.00108699
        1085     1.20444     1.20899    0.001086
        1086     1.21066     1.20899    0.001085
        1087     1.24021     1.20902  0.00108438
        1088     1.22416     1.20903  0.00108348
        1089      1.2039     1.20903  0.00108249
        1090     1.22161     1.20904  0.00108156
        1091     1.21642     1.20905  0.00108059
        1092     1.20341     1.20904  0.00107961
        1093     1.20868     1.20904  0.00107862
        1094     1.20383     1.20904  0.00107765
        1095     1.19601     1.20902  0.00107673
        1096     1.19816     1.20902  0.00107579
        1097     1.19716       1.209  0.00107487
        1098     1.17446     1.20897  0.00107435
        1099     1.19378     1.20896  0.00107346
        1100     1.18538     1.20894   0.0010727
        1101     1.18462     1.20892  0.00107195
        1102     1.19406      1.2089  0.00107106
        1103     1.19866     1.20889  0.00107013
        1104     1.20768     1.20889  0.00106916
        1105     1.21081     1.20889   0.0010682
        1106      1.2023     1.20889  0.00106725
        1107     1.20636     1.20889  0.00106629
        1108     1.21305     1.20889  0.00106533
        1109     1.21154     1.20889  0.00106437
        1110      1.2086     1.20889  0.00106341
        1111     1.21811      1.2089  0.00106249
        1112     1.20433      1.2089  0.00106154
        1113      1.2145      1.2089   0.0010606
        1114       1.224     1.20891  0.00105974
        1115     1.23394     1.20894  0.00105902
        1116     1.23038     1.20896  0.00105825
        1117     1.24064     1.20898  0.00105768
        1118     1.25129     1.20902  0.00105741
        1119     1.24824     1.20906  0.00105705
        1120     1.25902      1.2091  0.00105704
        1121     1.25309     1.20914  0.00105683
        1122     1.24607     1.20917   0.0010564
        1123     1.24406      1.2092  0.00105592
        1124     1.24348     1.20923  0.00105542
        1125     1.23066     1.20925  0.00105465
        1126     1.24009     1.20928  0.00105407
        1127     1.22933      1.2093  0.00105328
        1128     1.22647     1.20931  0.00105246
        1129     1.24542     1.20935  0.00105201
        1130      1.2553     1.20939  0.00105187
        1131     1.23322     1.20941  0.00105115
        1132     1.26357     1.20946  0.00105131
        1133     1.26479      1.2095  0.00105151
        1134     1.27189     1.20956  0.00105203
        1135      1.2822     1.20962  0.00105304
        1136     1.29825      1.2097    0.001055
        1137     1.31502     1.20979  0.00105813
        1138     1.32214     1.20989   0.0010618
        1139     1.31475     1.20999  0.00106485
        1140     1.30008     1.21006  0.00106684
        1141     1.29494     1.21014   0.0010685
        1142     1.28393      1.2102  0.00106952
        1143     1.28943     1.21027  0.00107082
        1144     1.28071     1.21033  0.00107166
        1145     1.27578     1.21039  0.00107224
        1146     1.29236     1.21046  0.00107369
        1147     1.27611     1.21052  0.00107428
        1148     1.27319     1.21057  0.00107473
        1149     1.27783     1.21063  0.00107539
        1150     1.27473     1.21069   0.0010759
        1151     1.26692     1.21074  0.00107607
        1152     1.24579     1.21077  0.00107557
        1153     1.20317     1.21076  0.00107465
        1154     1.25752      1.2108  0.00107449
        1155     1.22624     1.21082  0.00107364
        1156     1.23395     1.21084   0.0010729
        1157     1.22572     1.21085  0.00107205
        1158     1.22427     1.21086  0.00107118
        1159     1.24624     1.21089  0.00107069
        1160     1.22541      1.2109  0.00106984
        1161     1.25294     1.21094  0.00106953
        1162     1.24452     1.21097    0.001069
        1163     1.24452       1.211  0.00106847
        1164     1.24032     1.21102  0.00106785
        1165     1.25257     1.21106  0.00106753
        1166      1.2512     1.21109  0.00106717
        1167     1.25977     1.21113  0.00106707
        1168     1.26712     1.21118  0.00106723
        1169       1.253     1.21122  0.00106692
        1170     1.24931     1.21125  0.00106651
        1171     1.23311     1.21127  0.00106576
        1172     1.21621     1.21127  0.00106486
        1173     1.23056     1.21129  0.00106408
        1174     1.22509      1.2113  0.00106323
        1175     1.23413     1.21132  0.00106251
        1176     1.21531     1.21132  0.00106161
        1177     1.23406     1.21134  0.00106088
        1178     1.22147     1.21135  0.00106002
        1179     1.21511     1.21136  0.00105912
        1180      1.2048     1.21135  0.00105824
        1181     1.20157     1.21134  0.00105738
        1182     1.19215     1.21133  0.00105661
        1183     1.20799     1.21132  0.00105572
        1184     1.21454     1.21133  0.00105483
        1185     1.23824     1.21135  0.00105418
        1186     1.24137     1.21137   0.0010536
        1187     1.23653     1.21139  0.00105292
        1188     1.26108     1.21144  0.00105287
        1189     1.22013     1.21144  0.00105201
        1190     1.23762     1.21147  0.00105135
        1191     1.22997     1.21148  0.00105059
        1192     1.24679     1.21151  0.00105012
        1193     1.24665     1.21154  0.00104965
        1194      1.2417     1.21157  0.00104908
        1195     1.25095      1.2116  0.00104872
        1196     1.25776     1.21164  0.00104855
        1197     1.25959     1.21168  0.00104844
        1198     1.26438     1.21172  0.00104849
        1199     1.25831     1.21176  0.00104833
        1200     1.26597      1.2118  0.00104843
        1201     1.25857     1.21184  0.00104828
        1202     1.23814     1.21187  0.00104764
        1203     1.23792     1.21189  0.00104699
        1204     1.23048      1.2119  0.00104624
        1205      1.2272     1.21192  0.00104545
        1206     1.22487     1.21193  0.00104463
        1207     1.23891     1.21195  0.00104401
        1208     1.24145     1.21197  0.00104343
        1209     1.23025     1.21199  0.00104268
        1210     1.24761     1.21202  0.00104223
        1211     1.24272     1.21204  0.00104168
        1212     1.24392     1.21207  0.00104115
        1213     1.23801     1.21209  0.00104051
        1214     1.22276      1.2121  0.00103969
        1215     1.21435      1.2121  0.00103884
        1216     1.22411     1.21211  0.00103803
        1217     1.22484     1.21212  0.00103723
        1218     1.21982     1.21213   0.0010364
        1219     1.24156     1.21215  0.00103583
        1220     1.24253     1.21218  0.00103528
        1221     1.23413      1.2122  0.00103459
        1222     1.23161     1.21221  0.00103386
        1223     1.23394     1.21223  0.00103317
        1224     1.23374     1.21225  0.00103247
        1225     1.23843     1.21227  0.00103185
        1226     1.21566     1.21227  0.00103101
        1227     1.24934      1.2123  0.00103062
        1228     1.24709     1.21233  0.00103017
        1229     1.22616     1.21234  0.00102939
        1230     1.23678     1.21236  0.00102875
        1231      1.2353     1.21238  0.00102808
        1232      1.1924     1.21236  0.00102737
        1233     1.20155     1.21235  0.00102658
        1234     1.19738     1.21234  0.00102582
        1235     1.20191     1.21233  0.00102502
        1236     1.20556     1.21233  0.00102421
        1237     1.18944     1.21231  0.00102354
        1238     1.19729      1.2123  0.00102279
        1239     1.20624     1.21229  0.00102198
        1240     1.19442     1.21228  0.00102125
        1241     1.18889     1.21226   0.0010206
        1242     1.19128     1.21224  0.00101992
        1243     1.19156     1.21223  0.00101924
        1244     1.19359     1.21221  0.00101853
        1245       1.197      1.2122  0.00101778
        1246     1.19658     1.21219  0.00101704
        1247     1.19686     1.21217   0.0010163
        1248     1.19315     1.21216   0.0010156
        1249     1.18369     1.21214  0.00101504
        1250     1.18512     1.21211  0.00101446
        1251     1.20078      1.2121  0.00101369
        1252     1.19733     1.21209  0.00101295
        1253      1.1958     1.21208  0.00101223
        1254     1.21497     1.21208  0.00101142
        1255     1.19492     1.21207  0.00101071
        1256     1.18712     1.21205   0.0010101
        1257     1.19727     1.21204  0.00100936
        1258     1.19508     1.21202  0.00100865
        1259     1.18476       1.212  0.00100808
        1260      1.1786     1.21198  0.00100763
        1261     1.17224     1.21194  0.00100732
        1262     1.16853     1.21191  0.00100711
        1263     1.18275     1.21189  0.00100658
        1264     1.16801     1.21185  0.00100638
        1265     1.16867     1.21182  0.00100617
        1266      1.1785     1.21179  0.00100571
        1267     1.17036     1.21176  0.00100545
        1268     1.17182     1.21173  0.00100515
        1269     1.17708      1.2117  0.00100473
        1270     1.18913     1.21168   0.0010041
        1271      1.1691     1.21165  0.00100387
        1272     1.18525     1.21163  0.00100329
        1273     1.18332     1.21161  0.00100275
        1274     1.17378     1.21158   0.0010024
        1275     1.19365     1.21156  0.00100171
        1276     1.19727     1.21155  0.00100099
        1277       1.205     1.21155  0.00100022
        1278     1.20466     1.21154 0.000999453
        1279     1.18915     1.21152 0.000998825
        1280     1.18937      1.2115 0.000998195
        1281     1.17609     1.21148 0.000997799
        1282     1.18485     1.21146 0.000997236
        1283     1.16701     1.21142 0.000997061
        1284     1.16944     1.21139  0.00099682
        1285     1.19936     1.21138 0.000996088
        1286     1.18146     1.21136 0.000995585
        1287     1.20242     1.21135 0.000994836
        1288     1.20103     1.21134 0.000994096
        1289      1.2094     1.21134 0.000993326
        1290     1.22225     1.21135 0.000992592
        1291     1.20788     1.21135 0.000991827
        1292     1.19589     1.21133 0.000991131
        1293     1.19728     1.21132 0.000990424
        1294     1.18184      1.2113 0.000989921
        1295     1.19144     1.21128 0.000989275
        1296     1.17411     1.21126 0.000988928
        1297     1.18908     1.21124 0.000988313
        1298     1.16869     1.21121 0.000988095
        1299     1.19105     1.21119 0.000987456
        1300     1.19221     1.21118 0.000986805
        1301      1.1944     1.21116 0.000986131
        1302     1.21341     1.21117 0.000985375
        1303     1.22144     1.21117  0.00098465
        1304     1.23687     1.21119 0.000984092
        1305     1.22787     1.21121 0.000983421
        1306     1.24411     1.21123 0.000982991
        1307     1.23893     1.21125 0.000982467
        1308     1.22573     1.21126 0.000981778
        1309     1.21852     1.21127 0.000981044
        1310     1.21306     1.21127 0.000980296
        1311     1.21286     1.21127 0.000979549
        1312     1.17533     1.21124 0.000979185
        1313     1.19517     1.21123 0.000978516
        1314     1.18073     1.21121 0.000978046
        1315     1.16726     1.21117 0.000977874
        1316     1.16974     1.21114 0.000977637
        1317     1.19055     1.21113  0.00097702
        1318     1.18606     1.21111 0.000976464
        1319     1.18919     1.21109 0.000975865
        1320     1.19545     1.21108 0.000975197
        1321     1.19532     1.21107 0.000974532
        1322     1.18656     1.21105 0.000973971
        1323     1.18856     1.21103 0.000973383
        1324     1.19162     1.21102 0.000972759
        1325     1.18598       1.211 0.000972208
        1326      1.2014     1.21099 0.000971502
        1327     1.19852     1.21098 0.000970815
        1328     1.19872     1.21097 0.000970128
        1329     1.20608     1.21097 0.000969405
        1330     1.20176     1.21096 0.000968701
        1331     1.21086     1.21096 0.000967973
        1332     1.19273     1.21095 0.000967343
        1333     1.21161     1.21095 0.000966618
        1334     1.18581     1.21093 0.000966077
        1335     1.19356     1.21092 0.000965441
        1336     1.19611     1.21091 0.000964782
        1337     1.20957     1.21091 0.000964061
        1338     1.22872     1.21092 0.000963432
        1339     1.23335     1.21094 0.000962858
        1340      1.2429     1.21096 0.000962435
        1341     1.23617     1.21098 0.000961901
        1342     1.21371     1.21098 0.000961186
        1343     1.17849     1.21096 0.000960775
        1344     1.21226     1.21096 0.000960061
        1345     1.21069     1.21096 0.000959347
        1346     1.18428     1.21094 0.000958839
        1347     1.22336     1.21095 0.000958171
        1348     1.22785     1.21096 0.000957543
        1349     1.20988     1.21096 0.000956833
        1350     1.19501     1.21095 0.000956197
        1351     1.19186     1.21093 0.000955594
        1352     1.18798     1.21091 0.000955038
        1353     1.19694      1.2109 0.000954388
        1354     1.20029      1.2109 0.000953715
        1355     1.20916      1.2109 0.000953012
        1356     1.20287     1.21089 0.000952328
        1357     1.20418     1.21088 0.000951639
        1358     1.21023     1.21088 0.000950938
        1359     1.19434     1.21087 0.000950316
        1360     1.19687     1.21086 0.000949673
        1361     1.19966     1.21085 0.000949011
        1362      1.1831     1.21083 0.000948533
        1363     1.20104     1.21083 0.000947864
        1364     1.19253     1.21081 0.000947264
        1365      1.2117     1.21081 0.000946571
        1366     1.20819     1.21081  0.00094588
        1367     1.19612      1.2108 0.000945249
        1368     1.23137     1.21082 0.000944677
        1369     1.20759     1.21081  0.00094399
        1370     1.21965     1.21082 0.000943323
        1371     1.21678     1.21082 0.000942645
        1372     1.20278     1.21082 0.000941976
        1373     1.17458     1.21079  0.00094166
        1374     1.17265     1.21076 0.000941384
        1375     1.17517     1.21074 0.000941055
        1376     1.17373     1.21071 0.000940755
        1377       1.181     1.21069  0.00094032
        1378     1.20057     1.21068 0.000939666
        1379      1.2097     1.21068 0.000938985
        1380     1.21305     1.21068 0.000938306
        1381     1.21215     1.21068 0.000937627
        1382     1.21764     1.21069 0.000936962
        1383      1.2248      1.2107  0.00093634
        1384     1.20044     1.21069 0.000935693
        1385     1.19352     1.21068   0.0009351
        1386     1.20285     1.21067 0.000934442
        1387     1.18236     1.21065 0.000933991
        1388     1.19887     1.21065 0.000933357
        1389     1.20189     1.21064 0.000932706
        1390     1.20912     1.21064 0.000932036
        1391     1.21212     1.21064 0.000931366
        1392     1.21891     1.21064 0.000930716
        1393     1.18935     1.21063 0.000930174
        1394     1.18927     1.21061 0.000929633
        1395      1.1762     1.21059 0.000929293
        1396     1.16511     1.21056 0.000929199
        1397     1.17723     1.21053  0.00092884
        1398     1.18234     1.21051 0.000928394
        1399     1.20219     1.21051  0.00092775
        1400     1.20624      1.2105 0.000927092
        1401     1.21773     1.21051 0.000926445
        1402     1.22265     1.21052 0.000925824
        1403     1.22357     1.21053 0.000925211
        1404     1.23781     1.21055 0.000924756
        1405     1.25138     1.21058 0.000924555
        1406     1.25189      1.2106 0.000924364
        1407     1.26019     1.21064 0.000924379
        1408     1.24927     1.21067 0.000924129
        1409     1.26845     1.21071 0.000924383
        1410      1.2314     1.21072 0.000923844
        1411     1.25569     1.21076 0.000923739
        1412     1.23398     1.21077 0.000923231
        1413     1.25294      1.2108  0.00092306
        1414     1.22284     1.21081 0.000922446
        1415     1.27328     1.21085  0.00092285
        1416      1.2553     1.21089 0.000922732
        1417     1.25268     1.21091 0.000922552
        1418     1.23213     1.21093 0.000922023
        1419     1.22643     1.21094 0.000921438
        1420     1.22892     1.21095 0.000920876
        1421      1.2054     1.21095 0.000920236
        1422     1.21406     1.21095 0.000919592
        1423     1.21951     1.21096 0.000918965
        1424     1.21776     1.21096 0.000918332
        1425     1.20422     1.21096   0.0009177
        1426     1.20449     1.21095 0.000917067
        1427     1.20858     1.21095 0.000916426
        1428     1.19134     1.21094 0.000915887
        1429     1.20513     1.21093 0.000915256
        1430     1.21329     1.21094 0.000914617
        1431     1.20578     1.21093 0.000913985
        1432     1.21085     1.21093 0.000913347
        1433     1.19292     1.21092 0.000912796
        1434     1.20575     1.21092 0.000912166
        1435     1.19022      1.2109 0.000911645
        1436     1.20276      1.2109 0.000911028
        1437     1.18983     1.21088 0.000910512
        1438     1.20531     1.21088 0.000909887
        1439     1.20573     1.21087 0.000909261
        1440     1.20254     1.21087 0.000908648
        1441      1.2013     1.21086 0.000908042
        1442     1.20075     1.21085 0.000907439
        1443     1.19172     1.21084 0.000906907
        1444     1.19035     1.21083  0.00090639
        1445     1.18354     1.21081  0.00090596
        1446     1.20349      1.2108 0.000905347
        1447     1.22562     1.21081  0.00090478
        1448     1.24219     1.21083 0.000904414
        1449     1.26343     1.21087 0.000904518
        1450     1.26376     1.21091 0.000904629
        1451     1.25644     1.21094  0.00090455
        1452     1.23838     1.21096 0.000904125
        1453     1.23725     1.21098 0.000903684
        1454     1.22713     1.21099  0.00090313
        1455     1.20798     1.21098 0.000902512
        1456     1.21867     1.21099 0.000901908
        1457     1.20579     1.21099 0.000901296
        1458     1.21614     1.21099 0.000900684
        1459     1.22053       1.211 0.000900091
        1460     1.19909     1.21099 0.000899511
        1461     1.20875     1.21099 0.000898897
        1462     1.20273     1.21098   0.0008983
        1463     1.20326     1.21098 0.000897701
        1464     1.18664     1.21096 0.000897242
        1465     1.22681     1.21097 0.000896695
        1466     1.22316     1.21098 0.000896122
        1467     1.22835     1.21099 0.000895589
        1468     1.23799     1.21101 0.000895168
        1469     1.23247     1.21102 0.000894678
        1470     1.23953     1.21104 0.000894279
        1471     1.23806     1.21106  0.00089386
        1472     1.22138     1.21107  0.00089328
        1473     1.21138     1.21107 0.000892674
        1474     1.21743     1.21107 0.000892078
        1475     1.21323     1.21107 0.000891475
        1476     1.21215     1.21107 0.000890871
        1477     1.22197     1.21108 0.000890299
        1478     1.20541     1.21108 0.000889704
        1479     1.21435     1.21108 0.000889106
        1480     1.21933     1.21109 0.000888522
        1481     1.21613     1.21109 0.000887929
        1482     1.21053     1.21109  0.00088733
        1483     1.22292      1.2111 0.000886767
        1484     1.20682     1.21109 0.000886175
        1485     1.21101     1.21109 0.000885578
        1486     1.21092     1.21109 0.000884982
        1487       1.201     1.21109 0.000884413
        1488     1.21271     1.21109 0.000883819
        1489     1.20821     1.21109 0.000883228
        1490     1.21958     1.21109 0.000882653
        1491     1.20477     1.21109 0.000882071
        1492     1.22668      1.2111 0.000881542
        1493     1.21145      1.2111 0.000880952
        1494     1.21917      1.2111 0.000880379
        1495      1.2253     1.21111 0.000879841
        1496     1.22041     1.21112 0.000879275
        1497     1.22349     1.21113 0.000878726
        1498       1.216     1.21113 0.000878146
        1499     1.22521     1.21114  0.00087761
        1500     1.20835     1.21114 0.000877027
        1501       1.219     1.21114 0.000876458
        1502     1.21256     1.21114 0.000875875
        1503      1.2059     1.21114 0.000875299
        1504     1.22465     1.21115 0.000874764
        1505     1.22608     1.21116 0.000874239
        1506     1.23867     1.21118 0.000873849
        1507     1.22179     1.21119 0.000873297
        1508     1.23435      1.2112 0.000872853
        1509      1.2283     1.21121 0.000872349
        1510     1.22411     1.21122 0.000871813
        1511     1.21694     1.21122 0.000871244
        1512     1.22312     1.21123 0.000870703
        1513     1.20921     1.21123 0.000870129
        1514     1.20978     1.21123 0.000869555
        1515     1.21163     1.21123 0.000868981
        1516     1.21023     1.21123 0.000868408
        1517     1.22656     1.21124 0.000867894
        1518     1.22951     1.21125 0.000867406
        1519     1.21256     1.21125 0.000866835
        1520     1.20025     1.21125 0.000866295
        1521     1.18148     1.21123 0.000865947
        1522      1.1709      1.2112 0.000865783
        1523     1.15926     1.21117 0.000865886
        1524     1.16221     1.21113 0.000865913
        1525     1.16187      1.2111 0.000865948
        1526     1.20189     1.21109 0.000865401
        1527     1.19579     1.21108 0.000864893
        1528     1.20641     1.21108 0.000864332
        1529     1.21556     1.21108 0.000863772
        1530     1.20449     1.21108 0.000863218
        1531     1.21319     1.21108 0.000862655
        1532     1.20869     1.21108 0.000862093
        1533     1.19103     1.21107  0.00086163
        1534     1.17646     1.21104 0.000861364
        1535     1.16365     1.21101 0.000861356
        1536     1.16546     1.21098 0.000861306
        1537      1.1598     1.21095 0.000861389
        1538     1.16731     1.21092 0.000861296
        1539     1.17885      1.2109 0.000860988
        1540     1.18972     1.21089 0.000860539
        1541     1.18463     1.21087 0.000860149
        1542     1.20725     1.21087 0.000859595
        1543     1.20125     1.21086  0.00085906
        1544     1.22789     1.21087 0.000858575
        1545     1.22289     1.21088 0.000858054
        1546     1.23563      1.2109 0.000857648
        1547     1.22376     1.21091 0.000857134
        1548     1.23245     1.21092 0.000856694
        1549     1.23995     1.21094 0.000856346
        1550     1.24727     1.21096 0.000856114
        1551     1.24003     1.21098 0.000855767
        1552     1.25316     1.21101 0.000855647
        1553     1.24843     1.21103 0.000855435
        1554      1.2481     1.21106 0.000855217
        1555      1.2409     1.21107 0.000854883
        1556     1.24928      1.2111 0.000854686
        1557     1.22548     1.21111 0.000854187
        1558     1.23319     1.21112 0.000853756
        1559     1.23514     1.21114 0.000853348
        1560     1.23157     1.21115 0.000852901
        1561      1.2427     1.21117 0.000852594
        1562     1.24084     1.21119  0.00085226
        1563     1.25546     1.21122 0.000852185
        1564     1.26057     1.21125 0.000852224
        1565       1.278     1.21129 0.000852746
        1566     1.29168     1.21134 0.000853745
        1567     1.27095     1.21138 0.000854047
        1568     1.28199     1.21143 0.000854689
        1569      1.2612     1.21146 0.000854733
        1570     1.24074     1.21148 0.000854392
        1571     1.20301     1.21147 0.000853865
        1572     1.20755     1.21147 0.000853326
        1573     1.19471     1.21146  0.00085285
        1574      1.1884     1.21144 0.000852434
        1575     1.18983     1.21143 0.000852003
        1576     1.20746     1.21143 0.000851466
        1577     1.20547     1.21142 0.000850934
        1578     1.22517     1.21143  0.00085044
        1579     1.22749     1.21144 0.000849962
        1580     1.19973     1.21144 0.000849456
        1581     1.24971     1.21146 0.000849264
        1582     1.24626     1.21148 0.000849012
        1583     1.23115     1.21149 0.000848566
        1584     1.20635     1.21149 0.000848037
        1585     1.22431      1.2115  0.00084754
        1586     1.22201     1.21151 0.000847032
        1587      1.2345     1.21152 0.000846622
        1588     1.23691     1.21154  0.00084624
        1589     1.24205     1.21156 0.000845925
        1590     1.24253     1.21158 0.000845618
        1591     1.24672      1.2116 0.000845375
        1592     1.24369     1.21162 0.000845084
        1593     1.24505     1.21164 0.000844814
        1594     1.22829     1.21165 0.000844349
        1595     1.21783     1.21165 0.000843828
        1596     1.20432     1.21165 0.000843312
        1597     1.20035     1.21164 0.000842813
        1598     1.21619     1.21164 0.000842291
        1599     1.22081     1.21165 0.000841784
        1600     1.21983     1.21165 0.000841273
        1601     1.21356     1.21166 0.000840748
        1602     1.21446     1.21166 0.000840225
        1603     1.20178     1.21165 0.000839724
        1604      1.2014     1.21165 0.000839225
        1605     1.19417     1.21163 0.000838772
        1606     1.19474     1.21162 0.000838316
        1607     1.19125     1.21161  0.00083789
        1608     1.19615      1.2116 0.000837424
        1609     1.22697     1.21161 0.000836958
        1610     1.22887     1.21162 0.000836507
        1611     1.23097     1.21163 0.000836074
        1612     1.22967     1.21164  0.00083563
        1613     1.22597     1.21165  0.00083516
        1614     1.20456     1.21165 0.000834654
        1615     1.20506     1.21165 0.000834147
        1616     1.20847     1.21164 0.000833633
        1617      1.2088     1.21164 0.000833119
        1618     1.21943     1.21165 0.000832618
        1619     1.23866     1.21166 0.000832271
        1620     1.23042     1.21167 0.000831838
        1621     1.21348     1.21168 0.000831326
        1622     1.23129     1.21169 0.000830901
        1623     1.20894     1.21169 0.000830391
        1624     1.20695     1.21168 0.000829885
        1625     1.20837     1.21168 0.000829376
        1626     1.20305     1.21168 0.000828883
        1627     1.21035     1.21167 0.000828374
        1628     1.21202     1.21168 0.000827865
        1629     1.22276     1.21168 0.000827385
        1630     1.23556      1.2117 0.000827007
        1631     1.24136     1.21171   0.0008267
        1632     1.23448     1.21173 0.000826311
        1633     1.24542     1.21175 0.000826063
        1634      1.2462     1.21177 0.000825826
        1635     1.24054     1.21179 0.000825509
        1636     1.22266     1.21179 0.000825031
        1637     1.21383      1.2118 0.000824528
        1638         1.2     1.21179 0.000824056
        1639     1.21174     1.21179 0.000823553
        1640     1.20884     1.21179 0.000823053
        1641      1.2106     1.21179 0.000822552
        1642     1.21429     1.21179 0.000822052
        1643     1.22206     1.21179 0.000821575
        1644     1.20985     1.21179 0.000821077
        1645     1.22506      1.2118 0.000820617
        1646      1.2042      1.2118 0.000820131
        1647     1.23962     1.21181 0.000819807
        1648     1.25744     1.21184 0.000819777
        1649     1.23239     1.21185 0.000819375
        1650     1.25269     1.21188 0.000819252
        1651     1.23856     1.21189 0.000818915
        1652     1.24172     1.21191 0.000818618
        1653     1.23157     1.21192  0.00081821
        1654     1.23528     1.21194 0.000817837
        1655     1.24053     1.21196 0.000817525
        1656     1.23107     1.21197 0.000817113
        1657     1.23146     1.21198 0.000816704
        1658     1.23911       1.212 0.000816376
        1659     1.21134     1.21199 0.000815884
        1660     1.24676     1.21202 0.000815661
        1661      1.2392     1.21203 0.000815334
        1662     1.25665     1.21206 0.000815285
        1663     1.25127     1.21208 0.000815136
        1664     1.25333     1.21211 0.000815023
        1665     1.22196     1.21211 0.000814555
        1666     1.22344     1.21212 0.000814094
        1667     1.21626     1.21212  0.00081361
        1668      1.1817      1.2121 0.000813327
        1669     1.20259      1.2121 0.000812859
        1670      1.2001     1.21209 0.000812404
        1671     1.20717     1.21209 0.000811923
        1672     1.20578     1.21208 0.000811447
        1673     1.21999     1.21209 0.000810975
        1674     1.18992     1.21208 0.000810599
        1675     1.21971     1.21208 0.000810128
        1676     1.19239     1.21207  0.00080973
        1677     1.21319     1.21207 0.000809247
        1678     1.19911     1.21206 0.000808802
        1679      1.2173     1.21207 0.000808326
        1680     1.19204     1.21205 0.000807933
        1681     1.18152     1.21203 0.000807656
        1682      1.1794     1.21202 0.000807409
        1683     1.16352     1.21199 0.000807443
        1684     1.16851     1.21196 0.000807376
        1685     1.17254     1.21194 0.000807236
        1686     1.17381     1.21191 0.000807074
        1687      1.1877      1.2119 0.000806723
        1688     1.19512     1.21189 0.000806307
        1689     1.21341     1.21189  0.00080583
        1690     1.21806      1.2119 0.000805361
        1691     1.19084     1.21188 0.000804981
        1692     1.23216     1.21189 0.000804595
        1693     1.23565     1.21191 0.000804242
        1694     1.21748     1.21191 0.000803774
        1695      1.2067     1.21191 0.000803305
        1696     1.20868     1.21191 0.000802834
        1697       1.191     1.21189 0.000802455
        1698     1.17776     1.21187 0.000802235
        1699     1.17649     1.21185 0.000802033
        1700     1.17678     1.21183 0.000801826
        1701      1.1589      1.2118 0.000801959
        1702     1.18046     1.21178 0.000801699
        1703     1.17343     1.21176 0.000801544
        1704     1.17138     1.21174 0.000801424
        1705     1.17493     1.21172 0.000801245
        1706     1.16191     1.21169 0.000801307
        1707     1.16783     1.21166 0.000801249
        1708      1.1745     1.21164 0.000801076
        1709     1.17694     1.21162 0.000800864
        1710     1.18405      1.2116 0.000800558
        1711     1.18285     1.21159 0.000800267
        1712      1.1471     1.21155 0.000800685
        1713     1.17734     1.21153 0.000800467
        1714     1.16208      1.2115 0.000800519
        1715     1.16079     1.21147 0.000800599
        1716     1.16061     1.21144  0.00080068
        1717     1.16702     1.21141 0.000800632
        1718     1.18609      1.2114 0.000800301
        1719     1.20711      1.2114  0.00079984
        1720     1.20286     1.21139  0.00079939
        1721     1.19665     1.21138 0.000798972
        1722     1.21347     1.21138 0.000798508
        1723     1.20469     1.21138 0.000798054
        1724     1.24007      1.2114 0.000797765
        1725      1.2458     1.21142 0.000797552
        1726     1.26727     1.21145 0.000797746
        1727     1.25245     1.21147 0.000797637
        1728     1.24585     1.21149 0.000797424
        1729     1.25412     1.21152 0.000797343
        1730     1.22727     1.21153 0.000796934
        1731     1.22967     1.21154 0.000796543
        1732     1.22908     1.21155 0.000796147
        1733     1.21453     1.21155  0.00079569
        1734       1.215     1.21155 0.000795233
        1735     1.20418     1.21155 0.000794786
        1736     1.19878     1.21154 0.000794363
        1737     1.19638     1.21153 0.000793953
        1738     1.19571     1.21152 0.000793549
        1739     1.17874      1.2115 0.000793316
        1740     1.17007     1.21148 0.000793218
        1741     1.16212     1.21145 0.000793269
        1742     1.15561     1.21142 0.000793461
        1743     1.14763     1.21138 0.000793849
        1744     1.14339     1.21134  0.00079435
        1745     1.13559      1.2113  0.00079508
        1746     1.13863     1.21126 0.000795714
        1747     1.14518     1.21122 0.000796157
        1748     1.14754     1.21118 0.000796534
        1749      1.1605     1.21116 0.000796606
        1750     1.17749     1.21114 0.000796383
        1751     1.18926     1.21112 0.000796026
        1752     1.17973     1.21111 0.000795773
        1753     1.19532      1.2111  0.00079537
        1754     1.19646     1.21109 0.000794961
        1755     1.19088     1.21108 0.000794591
        1756     1.20604     1.21107 0.000794144
        1757     1.20387     1.21107 0.000793702
        1758     1.19527     1.21106 0.000793302
        1759     1.20772     1.21106 0.000792853
        1760     1.18806     1.21105  0.00079251
        1761     1.19945     1.21104 0.000792088
        1762     1.18771     1.21103 0.000791749
        1763     1.17776     1.21101 0.000791525
        1764     1.18354     1.21099 0.000791229
        1765      1.1797     1.21097 0.000790979
        1766     1.18095     1.21096 0.000790714
        1767     1.19104     1.21095 0.000790347
        1768      1.1729     1.21092 0.000790193
        1769     1.20625     1.21092  0.00078975
        1770     1.18556     1.21091 0.000789434
        1771     1.20385      1.2109 0.000788998
        1772      1.2081      1.2109 0.000788555
        1773     1.20234      1.2109 0.000788125
        1774     1.22363      1.2109 0.000787713
        1775     1.22411     1.21091 0.000787305
        1776     1.21301     1.21091 0.000786862
        1777     1.22876     1.21092 0.000786483
        1778      1.2211     1.21093 0.000786062
        1779     1.19956     1.21092 0.000785646
        1780     1.20708     1.21092 0.000785208
        1781     1.17633      1.2109 0.000785007
        1782     1.18059     1.21088 0.000784751
        1783     1.17484     1.21086 0.000784571
        1784     1.15686     1.21083 0.000784715
        1785     1.16554     1.21081 0.000784685
        1786     1.15713     1.21078 0.000784821
        1787     1.15653     1.21075 0.000784969
        1788     1.17405     1.21073 0.000784798
        1789      1.1707      1.2107 0.000784678
        1790     1.17278     1.21068 0.000784526
        1791     1.18627     1.21067 0.000784206
        1792     1.18328     1.21065 0.000783918
        1793     1.18284     1.21064 0.000783634
        1794     1.19091     1.21063 0.000783274
        1795     1.20578     1.21062 0.000782842
        1796     1.21578     1.21063 0.000782412
        1797     1.23369     1.21064 0.000782082
        1798     1.25552     1.21067 0.000782045
        1799      1.2553     1.21069 0.000782004
        1800     1.24653     1.21071 0.000781823
        1801     1.24395     1.21073 0.000781606
        1802     1.21223     1.21073 0.000781173
        1803     1.21362     1.21073 0.000780741
        1804     1.21647     1.21073 0.000780315
        1805     1.20236     1.21073 0.000779897
        1806      1.1998     1.21072 0.000779488
        1807     1.21405     1.21073 0.000779059
        1808     1.21505     1.21073 0.000778632
        1809     1.21387     1.21073 0.000778203
        1810     1.21082     1.21073 0.000777773
        1811     1.22301     1.21074 0.000777374
        1812     1.20173     1.21073  0.00077696
        1813     1.21894     1.21074 0.000776545
        1814     1.20705     1.21073  0.00077612
        1815     1.22259     1.21074 0.000775719
        1816     1.23484     1.21075 0.000775406
        1817     1.22831     1.21076 0.000775039
        1818     1.22875     1.21077 0.000774676
        1819     1.23538     1.21079 0.000774368
        1820     1.22417     1.21079 0.000773978
        1821     1.21641      1.2108 0.000773559
        1822     1.20848      1.2108 0.000773135
        1823     1.20674     1.21079 0.000772714
        1824     1.20681     1.21079 0.000772294
        1825     1.19691     1.21078 0.000771908
        1826     1.18863     1.21077 0.000771581
        1827     1.18931     1.21076 0.000771248
        1828     1.17199     1.21074 0.000771118
        1829     1.16996     1.21072 0.000771018
        1830     1.18026      1.2107 0.000770776
        1831     1.16754     1.21068 0.000770716
        1832     1.18086     1.21066 0.000770467
        1833     1.16401     1.21063 0.000770467
        1834     1.17537     1.21062 0.000770287
        1835     1.17811      1.2106  0.00077007
        1836     1.18754     1.21059 0.000769753
        1837     1.18691     1.21057 0.000769442
        1838     1.19956     1.21057 0.000769047
        1839     1.21531     1.21057 0.000768633
        1840     1.20663     1.21057 0.000768218
        1841     1.20356     1.21056  0.00076781
        1842      1.2126     1.21056 0.000767394
        1843     1.22663     1.21057 0.000767028
        1844     1.22218     1.21058 0.000766637
        1845     1.22559     1.21059 0.000766265
        1846     1.21984     1.21059 0.000765866
        1847     1.23578     1.21061 0.000765573
        1848     1.21501     1.21061 0.000765163
        1849     1.24457     1.21063 0.000764969
        1850     1.22839     1.21064 0.000764616
        1851     1.23187     1.21065 0.000764289
        1852     1.23286     1.21066  0.00076397
        1853      1.2103     1.21066 0.000763558
        1854     1.19385     1.21065   0.0007632
        1855     1.19034     1.21064 0.000762867
        1856      1.1851     1.21063  0.00076258
        1857      1.1756     1.21061 0.000762403
        1858     1.18847     1.21059 0.000762086
        1859     1.19421     1.21059 0.000761727
        1860     1.21016     1.21059 0.000761317
        1861     1.20395     1.21058 0.000760916
        1862     1.20594     1.21058 0.000760512
        1863     1.18513     1.21057 0.000760226
        1864     1.18432     1.21055 0.000759949
        1865     1.18608     1.21054 0.000759655
        1866     1.19617     1.21053 0.000759287
        1867     1.19438     1.21052 0.000758929
        1868     1.19922     1.21052 0.000758547
        1869     1.19875     1.21051 0.000758167
        1870     1.17989     1.21049 0.000757939
        1871     1.17893     1.21048 0.000757721
        1872     1.16518     1.21045 0.000757703
        1873     1.18844     1.21044 0.000757389
        1874     1.20194     1.21044 0.000756999
        1875     1.17698     1.21042 0.000756805
        1876     1.21022     1.21042 0.000756402
        1877     1.22185     1.21042 0.000756023
        1878     1.22846     1.21043 0.000755682
        1879     1.22996     1.21044 0.000755351
        1880     1.22185     1.21045 0.000754974
        1881     1.21473     1.21045 0.000754576
        1882     1.21633     1.21046 0.000754181
        1883     1.20461     1.21045 0.000753787
        1884     1.20409     1.21045 0.000753395
        1885      1.1995     1.21044 0.000753017
        1886     1.19288     1.21043 0.000752676
        1887     1.20892     1.21043 0.000752277
        1888     1.21342     1.21044  0.00075188
        1889     1.20519     1.21043 0.000751487
        1890     1.21023     1.21043  0.00075109
        1891     1.20875     1.21043 0.000750693
        1892     1.19961     1.21043 0.000750318
        1893     1.19057     1.21042 0.000749995
        1894     1.20819     1.21041   0.0007496
        1895     1.19539     1.21041 0.000749246
        1896     1.17684     1.21039  0.00074906
        1897     1.17909     1.21037 0.000748847
        1898     1.19023     1.21036 0.000748528
        1899     1.17382     1.21034 0.000748381
        1900     1.19618     1.21033 0.000748024
        1901     1.19148     1.21032 0.000747696
        1902     1.22255     1.21033 0.000747331
        1903     1.21353     1.21033  0.00074694
        1904     1.21051     1.21033 0.000746548
        1905     1.22342     1.21034 0.000746188
        1906     1.22674     1.21035 0.000745846
        1907     1.23175     1.21036 0.000745539
        1908     1.23698     1.21037 0.000745279
        1909     1.25814      1.2104 0.000745308
        1910     1.25339     1.21042 0.000745258
        1911     1.24484     1.21044 0.000745085
        1912     1.24616     1.21046  0.00074493
        1913     1.24411     1.21048 0.000744748
        1914     1.23268     1.21049 0.000744449
        1915     1.24854     1.21051 0.000744326
        1916     1.23418     1.21052  0.00074404
        1917     1.26011     1.21055 0.000744101
        1918     1.26988     1.21058 0.000744356
        1919     1.27284     1.21061 0.000744675
        1920     1.28567     1.21065 0.000745313
        1921     1.24246     1.21066 0.000745109
        1922     1.25332     1.21069 0.000745051
        1923     1.22653     1.21069  0.00074471
        1924     1.22078      1.2107 0.000744341
        1925     1.22968     1.21071  0.00074402
        1926     1.21567     1.21071 0.000743638
        1927     1.21472     1.21071 0.000743255
        1928     1.21956     1.21072 0.000742883
        1929     1.20946     1.21072 0.000742499
        1930     1.22975     1.21073 0.000742179
        1931     1.23138     1.21074 0.000741872
        1932     1.23831     1.21075 0.000741625
        1933     1.24786     1.21077  0.00074149
        1934     1.21127     1.21077 0.000741107
        1935     1.21911     1.21078 0.000740736
        1936     1.21779     1.21078 0.000740363
        1937     1.22286     1.21079 0.000740007
        1938      1.2295      1.2108 0.000739688
        1939     1.25013     1.21082 0.000739584
        1940     1.24777     1.21084 0.000739448
        1941     1.24922     1.21086 0.000739332
        1942      1.2319     1.21087  0.00073903
        1943     1.23525     1.21088 0.000738757
        1944     1.22098     1.21088 0.000738395
        1945     1.22266     1.21089  0.00073804
        1946     1.22358      1.2109  0.00073769
        1947     1.23532     1.21091 0.000737417
        1948     1.21863     1.21091  0.00073705
        1949      1.2334     1.21092 0.000736762
        1950     1.23592     1.21094 0.000736495
        1951     1.24021     1.21095 0.000736271
        1952     1.23934     1.21097 0.000736037
        1953     1.22455     1.21097 0.000735693
        1954     1.24893     1.21099 0.000735573
        1955     1.22516       1.211 0.000735232
        1956     1.25323     1.21102 0.000735173
        1957     1.23622     1.21104  0.00073491
        1958     1.24977     1.21105 0.000734801
        1959     1.24469     1.21107 0.000734627
        1960     1.24018     1.21109 0.000734402
        1961     1.22575     1.21109 0.000734066
        1962     1.19152     1.21108 0.000733759
        1963     1.21685     1.21109 0.000733391
        1964     1.20228     1.21108 0.000733032
        1965     1.21221     1.21108 0.000732659
        1966     1.19562     1.21108 0.000732328
        1967     1.20731     1.21107 0.000731959
        1968      1.2049     1.21107 0.000731593
        1969      1.2044     1.21107  0.00073123
        1970     1.19663     1.21106 0.000730895
        1971     1.20755     1.21106 0.000730526
        1972     1.21549     1.21106 0.000730159
        1973      1.2437     1.21108 0.000729977
        1974     1.25281      1.2111 0.000729913
        1975     1.25631     1.21112 0.000729902
        1976     1.23884     1.21113 0.000729668
        1977     1.25681     1.21116 0.000729664
        1978     1.24394     1.21117 0.000729484
        1979     1.24003     1.21119 0.000729261
        1980     1.23892      1.2112 0.000729027
        1981     1.23439     1.21121 0.000728753
        1982     1.22772     1.21122 0.000728433
        1983       1.228     1.21123 0.000728115
        1984     1.23488     1.21124 0.000727845
        1985      1.2282     1.21125 0.000727529
        1986     1.22455     1.21126 0.000727193
        1987     1.23982     1.21127 0.000726969
        1988     1.22597     1.21128 0.000726641
        1989     1.22865     1.21129 0.000726328
        1990     1.23219      1.2113 0.000726039
        1991     1.21595      1.2113 0.000725678
        1992     1.20237      1.2113 0.000725328
        1993      1.2022     1.21129 0.000724978
        1994     1.20837     1.21129 0.000724616
        1995     1.20698     1.21129 0.000724256
        1996     1.22084     1.21129 0.000723909
        1997     1.23163      1.2113 0.000723618
        1998     1.19165     1.21129 0.000723323
        1999     1.19292     1.21129  0.00072302
        2000     1.17348     1.21127 0.000722905
