#     BLOCK:   ACTUAL_P:     P_AVE:       ERROR:
           1      1.7219      1.7219           0
           2      1.6947      1.7083   0.0096149
           3     1.63972     1.68544   0.0197344
           4     1.55776     1.65352   0.0313564
           5     1.45056     1.61293   0.0441305
           6     1.32194     1.56443   0.0575541
           7     1.17827     1.50926   0.0710087
           8     1.02915     1.44925   0.0837379
           9    0.886689     1.38674   0.0949386
          10    0.763654     1.32443    0.103899
          11     0.67013     1.26495    0.110172
          12    0.611098     1.21046     0.11367
          13    0.585867     1.16242    0.114631
          14    0.589011     1.12146    0.113525
          15      0.6125     1.08753    0.110911
          16    0.647593     1.06003    0.107333
          17    0.686573     1.03807    0.103243
          18    0.723506     1.02059   0.0989755
          19    0.754753      1.0066     0.09475
          20     0.77885    0.995211   0.0906942
          21    0.796044    0.985727   0.0868699
          22    0.807666    0.977633   0.0832975
          23    0.815748    0.970595   0.0799727
          24    0.822211    0.964412   0.0768791
          25    0.828653    0.958982   0.0739955
          26    0.836316    0.954264   0.0712997
          27    0.845994    0.950254   0.0687717
          28    0.858168    0.946965   0.0663941
          29    0.872863     0.94441   0.0641538
          30    0.889658    0.942585   0.0620413
          31    0.907765    0.941462   0.0600502
          32    0.926027    0.940979   0.0581755
          33    0.943353    0.941051   0.0564127
          34    0.958727    0.941571   0.0547559
          35    0.971283     0.94242    0.053198
          36    0.980341    0.943473   0.0517307
          37    0.985625    0.944613   0.0503451
          38     0.98728    0.945735   0.0490328
          39    0.985655    0.946759   0.0477862
          40    0.981194     0.94762   0.0465993
          41    0.974279     0.94827   0.0454673
          42    0.965361    0.948677   0.0443865
          43    0.954854    0.948821   0.0433545
          44    0.943163    0.948692   0.0423694
          45     0.93083    0.948295   0.0414297
          46    0.918583    0.947649   0.0405341
          47    0.907348    0.946792   0.0396807
          48    0.897987    0.945775   0.0388671
          49    0.891323    0.944664   0.0380898
          50    0.887777    0.943526   0.0373449
          51    0.887678    0.942431   0.0366287
          52    0.891231    0.941446   0.0359376
          53    0.898535    0.940637   0.0352686
          54    0.909329    0.940057   0.0346203
          55    0.922864    0.939744   0.0339922
          56    0.937731    0.939708   0.0333852
          57    0.952184    0.939927   0.0328002
          58    0.964615    0.940353   0.0322375
          59    0.973993    0.940923   0.0316961
          60    0.980334     0.94158   0.0311747
          61    0.984279     0.94228   0.0306715
          62    0.986915       0.943   0.0301852
          63     0.98927    0.943734    0.029715
          64    0.992143    0.944491   0.0292603
          65    0.996076    0.945284   0.0288209
          66      1.0012    0.946131   0.0283967
          67     1.00722    0.947043   0.0279875
          68     1.01337    0.948019   0.0275929
          69     1.01865    0.949042    0.027212
          70     1.02214    0.950087   0.0268433
          71     1.02308    0.951115   0.0264849
          72     1.02124    0.952088    0.026135
          73     1.01672    0.952974   0.0257919
          74      1.0099    0.953743   0.0254549
          75     1.00123    0.954376   0.0251233
          76    0.991442    0.954864   0.0247975
          77    0.981701    0.955213   0.0244779
          78    0.973179    0.955443   0.0241652
          79    0.967022    0.955589   0.0238597
          80    0.963755    0.955691   0.0235617
          81    0.963445    0.955787    0.023271
          82    0.965469    0.955905   0.0229875
          83    0.969241    0.956066   0.0227111
          84    0.974363    0.956284   0.0224418
          85    0.980364    0.956567   0.0221796
          86    0.986583    0.956916   0.0219244
          87     0.99204     0.95732   0.0216761
          88    0.995416    0.957753   0.0214341
          89    0.995554    0.958177   0.0211975
          90     0.99174     0.95855   0.0209652
          91    0.984081    0.958831   0.0207367
          92    0.973793    0.958994    0.020512
          93     0.96293    0.959036   0.0202915
          94    0.953846    0.958981   0.0200757
          95    0.948421     0.95887   0.0198647
          96    0.947695    0.958753   0.0196581
          97    0.951277    0.958676   0.0194556
          98    0.957585    0.958665    0.019257
          99    0.964252    0.958721   0.0190626
         100    0.968591     0.95882   0.0188722
         101     0.96854    0.958916   0.0186856
         102    0.963032    0.958957   0.0185025
         103     0.95253    0.958894   0.0183229
         104    0.939069    0.958704   0.0181478
         105    0.925861    0.958391   0.0179776
         106    0.916658    0.957997   0.0178123
         107    0.914395     0.95759   0.0176505
         108    0.920194    0.957243   0.0174905
         109    0.933258    0.957023   0.0173314
         110    0.951252    0.956971   0.0171739
         111    0.971216    0.957099   0.0170197
         112    0.990239    0.957395   0.0168703
         113     1.00565    0.957822   0.0167264
         114     1.01547    0.958328   0.0165873
         115     1.01839     0.95885   0.0164513
         116     1.01413    0.959327   0.0163164
         117     1.00331    0.959703   0.0161813
         118     0.98735    0.959937   0.0160458
         119    0.968109    0.960006   0.0159111
         120    0.947921    0.959905   0.0157789
         121    0.929217    0.959651   0.0156505
         122    0.914489    0.959281   0.0155266
         123    0.906092    0.958849   0.0154064
         124    0.905843    0.958421   0.0152881
         125     0.91442    0.958069   0.0151698
         126    0.930925    0.957854   0.0150509
         127     0.95293    0.957815   0.0149325
         128      0.9773    0.957967   0.0148166
         129     1.00105    0.958301   0.0147055
         130     1.02192     0.95879   0.0146005
         131     1.03875    0.959401   0.0145018
         132     1.05114    0.960096   0.0144086
         133     1.05897    0.960839   0.0143194
         134     1.06228    0.961596   0.0142326
         135     1.06097    0.962332   0.0141462
         136     1.05497    0.963013   0.0140585
         137     1.04416    0.963606   0.0139684
         138     1.02825    0.964074    0.013875
         139     1.00691    0.964382   0.0137786
         140    0.980263    0.964496   0.0136807
         141    0.949251    0.964388   0.0135841
         142    0.916016    0.964047   0.0134927
         143    0.883904    0.963487     0.01341
         144    0.857042    0.962747   0.0133372
         145    0.839391    0.961897   0.0132723
         146    0.833887     0.96102   0.0132103
         147    0.841555    0.960207   0.0131454
         148     0.86145     0.95954   0.0130736
         149    0.890815    0.959079   0.0129939
         150    0.925969    0.958858   0.0129092
         151    0.962932    0.958885   0.0128237
         152    0.998039    0.959143    0.012742
         153     1.02814    0.959594   0.0126666
         154     1.05053    0.960184   0.0125982
         155     1.06355    0.960851   0.0125345
         156      1.0663    0.961527   0.0124724
         157     1.05916    0.962149   0.0124084
         158     1.04343    0.962663   0.0123406
         159      1.0214    0.963033   0.0122685
         160    0.996032    0.963239   0.0121935
         161    0.970609    0.963285   0.0121179
         162    0.948185    0.963191   0.0120434
         163    0.931418    0.962996   0.0119711
         164    0.922003    0.962746   0.0119007
         165    0.920284    0.962489   0.0118314
         166    0.925365    0.962266   0.0117622
         167    0.935324    0.962104   0.0116929
         168    0.947813    0.962019   0.0116236
         169    0.960731    0.962011   0.0115548
         170     0.97269    0.962074    0.011487
         171    0.983083    0.962197   0.0114205
         172     0.99192     0.96237   0.0113554
         173     0.99957    0.962585   0.0112918
         174     1.00619    0.962836   0.0112297
         175      1.0115    0.963114    0.011169
         176     1.01446    0.963405   0.0111093
         177     1.01374     0.96369   0.0110502
         178     1.00833    0.963941    0.010991
         179    0.997994    0.964131   0.0109312
         180    0.983464    0.964238    0.010871
         181    0.966228    0.964249    0.010811
         182     0.94835    0.964162   0.0107519
         183    0.932127    0.963987   0.0106946
         184    0.919689    0.963746   0.0106392
         185    0.912666     0.96347   0.0105852
         186    0.911852    0.963192    0.010532
         187    0.917065    0.962946   0.0104785
         188    0.926969    0.962754   0.0104246
         189     0.93949    0.962631   0.0103701
         190    0.952287    0.962577   0.0103157
         191    0.963128     0.96258   0.0102617
         192    0.970543    0.962621   0.0102083
         193    0.974024     0.96268   0.0101556
         194    0.973785    0.962738   0.0101034
         195    0.970676    0.962778   0.0100517
         196    0.965843    0.962794   0.0100004
         197    0.960426    0.962782  0.00994965
         198    0.955298    0.962744  0.00989947
         199    0.950948    0.962685   0.0098499
         200    0.947427    0.962609  0.00980094
         201    0.944748     0.96252  0.00975259
         202    0.942983    0.962423  0.00970479
         203    0.942463    0.962325  0.00965748
         204    0.943373    0.962232  0.00961058
         205    0.945709    0.962151  0.00956404
         206    0.949455    0.962089  0.00951781
         207    0.954783    0.962054   0.0094719
         208    0.962243    0.962055  0.00942636
         209    0.972641    0.962106  0.00938139
         210    0.986402    0.962221  0.00933743
         211     1.00311    0.962415  0.00929519
         212     1.02123    0.962693  0.00925548
         213     1.03827    0.963047  0.00921883
         214     1.05134     0.96346  0.00918498
         215     1.05835    0.963901  0.00915286
         216     1.05817    0.964338  0.00912088
         217     1.05103    0.964737  0.00908759
         218     1.03813    0.965074  0.00905214
         219     1.02111     0.96533  0.00901442
         220     1.00141    0.965494  0.00897494
         221    0.980273    0.965561  0.00893458
         222    0.958997    0.965531  0.00889438
         223    0.939201    0.965413  0.00885528
         224    0.923122    0.965224  0.00881776
         225    0.913444    0.964994  0.00878157
         226    0.912229    0.964761  0.00874582
         227    0.919602    0.964562  0.00870955
         228    0.933691    0.964426  0.00867241
         229     0.95125    0.964369  0.00863473
         230     0.96901    0.964389  0.00859721
         231    0.984511    0.964476  0.00856043
         232    0.996101    0.964612  0.00852462
         233     1.00291    0.964777  0.00848962
         234     1.00462    0.964947  0.00845504
         235      1.0013    0.965102  0.00842048
         236    0.993543    0.965222  0.00838566
         237    0.982347    0.965295  0.00835059
         238    0.969186    0.965311  0.00831552
         239      0.9557    0.965271  0.00828082
         240    0.943062    0.965178  0.00824684
         241    0.931993     0.96504  0.00821377
         242    0.922597    0.964865   0.0081817
         243     0.91476    0.964659  0.00815063
         244    0.908594    0.964429  0.00812046
         245    0.904511    0.964185    0.008091
         246    0.903298    0.963937  0.00806189
         247    0.905472      0.9637  0.00803273
         248    0.911257    0.963489  0.00800312
         249    0.920397    0.963316  0.00797285
         250    0.932413    0.963192  0.00794192
         251    0.946648    0.963126  0.00791055
         252    0.962508    0.963124  0.00787916
         253    0.979208    0.963187  0.00784827
         254    0.995471    0.963314   0.0078184
         255     1.00972    0.963496  0.00778986
         256     1.02038    0.963719   0.0077626
         257     1.02655    0.963963  0.00773624
         258     1.02803    0.964211  0.00771024
         259     1.02486    0.964446  0.00768403
         260     1.01684    0.964647  0.00765712
         261     1.00333    0.964795  0.00762921
         262    0.984166    0.964869  0.00760045
         263    0.960427    0.964852  0.00757157
         264    0.934743    0.964738  0.00754375
         265    0.910776    0.964535  0.00751803
         266    0.892432    0.964264  0.00749465
         267    0.882644    0.963958  0.00747282
         268    0.882981    0.963656  0.00745104
         269    0.893508    0.963395   0.0074279
         270    0.912836    0.963208  0.00740275
         271    0.938255    0.963116  0.00737601
         272    0.966301    0.963127   0.0073489
         273    0.993097    0.963237   0.0073228
         274      1.0151    0.963426  0.00729852
         275     1.02967    0.963667  0.00727595
         276     1.03525    0.963927  0.00725421
         277     1.03176    0.964172  0.00723216
         278     1.02053    0.964374  0.00720898
         279     1.00376    0.964515  0.00718452
         280    0.984179    0.964586  0.00715921
         281    0.964548    0.964586  0.00713373
         282    0.947054    0.964523  0.00710871
         283    0.933697    0.964414  0.00708442
         284    0.926302     0.96428  0.00706075
         285    0.926719    0.964148   0.0070372
         286    0.936165    0.964051  0.00701328
         287    0.953883    0.964015  0.00698893
         288    0.976709    0.964059   0.0069648
         289    0.999395    0.964182  0.00694177
         290     1.01641    0.964362  0.00692017
         291      1.0236    0.964565  0.00689939
         292     1.01923    0.964752   0.0068783
         293     1.00408    0.964887  0.00685613
         294    0.980981    0.964941  0.00683303
         295    0.954076    0.964905  0.00680997
         296    0.928176     0.96478  0.00678809
         297    0.908066     0.96459  0.00676792
         298    0.897638    0.964365  0.00674894
         299    0.899262    0.964147  0.00672988
         300    0.912712    0.963976  0.00670963
         301    0.935038     0.96388  0.00668802
         302    0.961148     0.96387  0.00666589
         303    0.985353    0.963941  0.00664426
         304     1.00307     0.96407  0.00662365
         305     1.01168    0.964226  0.00660378
         306     1.01131     0.96438  0.00658399
         307      1.0041    0.964509  0.00656381
         308    0.993837    0.964605  0.00654319
         309    0.984482    0.964669  0.00652233
         310    0.978804    0.964715  0.00650145
         311    0.977867    0.964757  0.00648068
         312    0.981564    0.964811  0.00646014
         313    0.989272    0.964889  0.00643997
         314     1.00038    0.965002  0.00642045
         315      1.0137    0.965157  0.00640193
         316     1.02747    0.965354  0.00638471
         317     1.03959    0.965588  0.00636886
         318     1.04809    0.965847  0.00635411
         319     1.05177    0.966117   0.0063399
         320     1.05036     0.96638  0.00632555
         321     1.04408    0.966622  0.00631048
         322     1.03352     0.96683   0.0062943
         323     1.01923    0.966992   0.0062769
         324     1.00171    0.967099  0.00625844
         325    0.981437    0.967143  0.00623934
         326    0.959234    0.967119  0.00622025
         327    0.936542    0.967025  0.00620193
         328    0.915141    0.966867  0.00618504
         329    0.896845    0.966654   0.0061699
         330    0.882995    0.966401  0.00615641
         331    0.874311    0.966123  0.00614409
         332    0.871008    0.965836  0.00613226
         333    0.872819    0.965557  0.00612021
         334    0.879207    0.965298  0.00610734
         335     0.88923    0.965071  0.00609333
         336    0.901691    0.964883  0.00607811
         337    0.915469    0.964736  0.00606184
         338    0.929334    0.964631  0.00604482
         339    0.942192    0.964565  0.00602735
         340    0.953146    0.964532  0.00600971
         341    0.961453    0.964523   0.0059921
         342    0.966553    0.964528  0.00597458
         343    0.968122    0.964539  0.00595717
         344    0.966055    0.964543  0.00593985
         345    0.960614    0.964532  0.00592265
         346    0.952427    0.964497  0.00590563
         347     0.94293    0.964435  0.00588894
         348    0.934033    0.964347  0.00587267
         349    0.927873    0.964243  0.00585677
         350    0.926107    0.964134  0.00584105
         351    0.929192    0.964034  0.00582526
         352    0.936309    0.963956  0.00580924
         353    0.945763    0.963904  0.00579301
         354      0.9557    0.963881  0.00577669
         355    0.964653    0.963883  0.00576042
         356     0.97193    0.963906  0.00574428
         357    0.977861    0.963945  0.00572833
         358    0.983639       0.964  0.00571259
         359    0.990375    0.964073  0.00569715
         360    0.998069    0.964168  0.00568211
         361     1.00541    0.964282  0.00566752
         362     1.01073     0.96441  0.00565331
         363     1.01323    0.964545  0.00563934
         364     1.01334    0.964679  0.00562544
         365     1.01229    0.964809  0.00561154
         366     1.01145    0.964937  0.00559765
         367     1.01177    0.965064  0.00558385
         368     1.01365    0.965196  0.00557024
         369     1.01714    0.965337  0.00555692
         370     1.02194     0.96549  0.00554401
         371      1.0275    0.965657  0.00553159
         372     1.03278    0.965838  0.00551966
         373     1.03613    0.966026  0.00550808
         374     1.03567    0.966212   0.0054965
         375     1.02984    0.966382  0.00548446
         376     1.01808     0.96652  0.00547159
         377     1.00134    0.966612  0.00545786
         378    0.981886    0.966652  0.00544357
         379    0.962487    0.966641  0.00542922
         380    0.945587    0.966586  0.00541522
         381    0.932427    0.966496  0.00540174
         382    0.922688    0.966382  0.00538882
         383    0.914973    0.966247  0.00537642
         384    0.907635    0.966095  0.00536459
         385    0.900013    0.965923   0.0053534
         386    0.893167    0.965735  0.00534285
         387    0.889254    0.965537  0.00533269
         388    0.889806    0.965342  0.00532252
         389    0.894019    0.965158    0.005312
         390    0.899635     0.96499  0.00530103
         391     0.90503    0.964837  0.00528969
         392    0.910297    0.964698  0.00527803
         393     0.91696    0.964576  0.00526599
         394    0.926886    0.964481   0.0052535
         395    0.941162    0.964422  0.00524053
         396     0.95932    0.964409  0.00522731
         397    0.979283    0.964446  0.00521428
         398    0.998064    0.964531  0.00520186
         399     1.01267    0.964651  0.00519022
         400     1.02092    0.964792  0.00517915
         401     1.02163    0.964934  0.00516818
         402     1.01474    0.965058  0.00515681
         403     1.00119    0.965147  0.00514479
         404    0.982818    0.965191  0.00513224
         405    0.962381    0.965184  0.00511957
         406    0.943252     0.96513  0.00510725
         407     0.92867    0.965041  0.00509549
         408    0.921106    0.964933  0.00508413
         409    0.921554    0.964827  0.00507281
         410    0.929534    0.964741  0.00506117
         411    0.943244    0.964689  0.00504912
         412    0.960036    0.964677  0.00503688
         413     0.97688    0.964707  0.00502477
         414    0.990906     0.96477  0.00501303
         415     1.00001    0.964855  0.00500167
         416     1.00281    0.964946  0.00499048
         417    0.999008    0.965028  0.00497918
         418    0.989449    0.965086  0.00496761
         419    0.975879    0.965112  0.00495582
         420    0.960848    0.965102  0.00494404
         421    0.947214    0.965059  0.00493247
         422    0.937679    0.964995  0.00492121
         423    0.934013    0.964921  0.00491012
         424    0.936448    0.964854    0.004899
         425    0.944173    0.964805  0.00488772
         426    0.955743    0.964784  0.00487629
         427    0.969624    0.964796  0.00486488
         428    0.984448    0.964841  0.00485373
         429    0.998968    0.964921  0.00484307
         430     1.01206    0.965031  0.00483305
         431     1.02293    0.965165   0.0048237
         432     1.03129    0.965318  0.00481496
         433     1.03748    0.965485  0.00480673
         434      1.0422    0.965661   0.0047989
         435     1.04613    0.965846  0.00479143
         436     1.04979    0.966039  0.00478431
         437     1.05326    0.966239  0.00477752
         438     1.05623    0.966444  0.00477103
         439      1.0579    0.966652  0.00476471
         440     1.05687    0.966857  0.00475829
         441     1.05114    0.967049  0.00475134
         442     1.03865    0.967211  0.00474335
         443     1.01834    0.967326  0.00473405
         444    0.990689    0.967379  0.00472368
         445    0.957788    0.967357  0.00471311
         446    0.923214    0.967258  0.00470358
         447    0.891244    0.967088  0.00469613
         448    0.866379    0.966863  0.00469103
         449    0.852161    0.966608  0.00468753
         450    0.850133    0.966349  0.00468425
         451    0.859434    0.966112  0.00467986
         452    0.877289    0.965915  0.00467363
         453    0.900192     0.96577  0.00466557
         454    0.924607     0.96568  0.00465617
         455    0.947265    0.965639  0.00464611
         456    0.965846     0.96564  0.00463593
         457    0.978881    0.965669  0.00462587
         458    0.985748    0.965712  0.00461598
         459    0.986693    0.965758  0.00460615
         460    0.982659    0.965795  0.00459628
         461    0.974993    0.965815  0.00458636
         462    0.965114    0.965813  0.00457643
         463    0.954598    0.965789  0.00456661
         464    0.945187    0.965745  0.00455698
         465    0.938262    0.965686  0.00454757
         466    0.934577    0.965619   0.0045383
         467    0.934168    0.965551  0.00452908
         468    0.936418    0.965489  0.00451983
         469    0.940058    0.965435  0.00451052
         470    0.943769    0.965389  0.00450116
         471    0.946426    0.965349  0.00449178
         472    0.947414    0.965311  0.00448242
         473    0.946777    0.965271  0.00447312
         474    0.945477     0.96523  0.00446388
         475    0.944907    0.965187  0.00445468
         476     0.94681    0.965148  0.00444549
         477    0.952607    0.965122  0.00443625
         478    0.962954    0.965117  0.00442697
         479    0.977429    0.965143   0.0044178
         480    0.994524    0.965204  0.00440902
         481      1.0119    0.965301  0.00440093
         482     1.02721     0.96543  0.00439367
         483     1.03844    0.965581  0.00438717
         484      1.0443    0.965744  0.00438112
         485     1.04434    0.965906  0.00437509
         486      1.0387    0.966056  0.00436865
         487       1.028    0.966183  0.00436153
         488     1.01342     0.96628  0.00435366
         489    0.996307    0.966341  0.00434519
         490    0.978415    0.966366  0.00433639
         491    0.961701    0.966356  0.00432757
         492     0.94831    0.966319  0.00431893
         493    0.939819    0.966266  0.00431051
         494    0.937043    0.966206  0.00430219
         495    0.939572    0.966153  0.00429383
         496    0.946143    0.966112  0.00428536
         497    0.954823     0.96609   0.0042768
         498    0.963917    0.966085  0.00426822
         499    0.972081    0.966097  0.00425968
         500    0.978516    0.966122  0.00425123
