#     BLOCK:   ACTUAL_T:     T_AVE:       ERROR:
           1     1.98949     1.98949           0
           2     1.98607     1.98778   0.0012089
           3     1.97885      1.9848  0.00256052
           4     1.96733     1.98044  0.00424219
           5     1.95069     1.97449  0.00631086
           6     1.92775      1.9667  0.00884422
           7     1.89703     1.95675   0.0119321
           8     1.85679     1.94425   0.0156719
           9     1.80531     1.92881    0.020147
          10     1.74134     1.91007    0.025399
          11     1.66474     1.88776   0.0313898
          12     1.57726     1.86189   0.0379692
          13     1.48268     1.83272   0.0448757
          14     1.38613     1.80082    0.051781
          15     1.29298     1.76696   0.0583565
          16     1.20804     1.73203   0.0643205
          17     1.13555     1.69694   0.0694509
          18     1.07927     1.66263   0.0735834
          19     1.04198     1.62996   0.0766189
          20     1.02427     1.59968   0.0785455
          21     1.02339     1.57224   0.0794546
          22     1.03365     1.54775   0.0795252
          23     1.04846     1.52605   0.0789749
          24     1.06276     1.50674   0.0780078
          25     1.07404     1.48943   0.0767836
          26     1.08205     1.47377   0.0754121
          27     1.08773     1.45947   0.0739621
          28     1.09227     1.44635   0.0724739
          29     1.09633     1.43428   0.0709727
          30     1.09991     1.42314   0.0694767
          31     1.10277      1.4128   0.0679997
          32     1.10504     1.40319   0.0665514
          33     1.10743     1.39422   0.0651354
          34     1.11081     1.38589   0.0637508
          35      1.1151     1.37815    0.062397
          36     1.11892     1.37095   0.0610779
          37     1.12036     1.36418   0.0598015
          38     1.11828     1.35771   0.0585768
          39     1.11302     1.35143   0.0574098
          40     1.10607      1.3453   0.0563013
          41     1.09927      1.3393    0.055247
          42     1.09416     1.33346    0.054239
          43     1.09179     1.32784   0.0532681
          44     1.09304      1.3225    0.052324
          45     1.09885     1.31753   0.0513968
          46     1.10981     1.31302   0.0504774
          47     1.12533     1.30902   0.0495612
          48     1.14323     1.30557   0.0486488
          49     1.16048     1.30261    0.047746
          50     1.17454     1.30005   0.0468598
          51      1.1842     1.29778    0.045996
          52     1.18958      1.2957   0.0451585
          53     1.19158     1.29373   0.0443491
          54     1.19127     1.29183   0.0435684
          55     1.18952     1.28997    0.042816
          56      1.1869     1.28813   0.0420909
          57     1.18357      1.2863   0.0413925
          58     1.17934     1.28445   0.0407199
          59     1.17382     1.28258   0.0400728
          60     1.16657     1.28065   0.0394516
          61     1.15741     1.27863   0.0388565
          62     1.14661      1.2765   0.0382881
          63     1.13485     1.27425   0.0377463
          64     1.12279     1.27188   0.0372306
          65     1.11068      1.2694   0.0367404
          66     1.09841     1.26681   0.0362749
          67     1.08587     1.26411   0.0358339
          68     1.07357     1.26131   0.0354163
          69     1.06281     1.25843   0.0350197
          70     1.05527     1.25553   0.0346395
          71     1.05231     1.25267   0.0342696
          72     1.05446     1.24991   0.0339041
          73     1.06127     1.24733   0.0335379
          74     1.07157     1.24495   0.0331687
          75     1.08372      1.2428   0.0327961
          76     1.09609     1.24087   0.0324213
          77      1.1074     1.23914   0.0320466
          78     1.11677     1.23757   0.0316741
          79     1.12355     1.23613    0.031306
          80     1.12701     1.23477   0.0309444
          81     1.12639     1.23343   0.0305913
          82     1.12138     1.23206   0.0302487
          83     1.11298     1.23063   0.0299183
          84     1.10376     1.22912   0.0296002
          85     1.09679     1.22756   0.0292929
          86     1.09348       1.226   0.0289937
          87      1.0926     1.22447    0.028701
          88     1.09149     1.22296   0.0284146
          89     1.08826     1.22144   0.0281356
          90     1.08272      1.2199   0.0278651
          91     1.07593     1.21832   0.0276038
          92      1.0692      1.2167   0.0273513
          93     1.06341     1.21505   0.0271068
          94     1.05904     1.21339   0.0268692
          95     1.05668     1.21174    0.026637
          96     1.05698     1.21013   0.0264082
          97     1.05984     1.20858   0.0261814
          98     1.06389      1.2071   0.0259558
          99      1.0669     1.20569   0.0257323
         100     1.06692      1.2043   0.0255123
         101     1.06287      1.2029   0.0252981
         102     1.05464     1.20144   0.0250918
         103     1.04301     1.19991   0.0248953
         104     1.02967     1.19827   0.0247097
         105     1.01659     1.19654   0.0245349
         106      1.0051     1.19473   0.0243698
         107    0.995443     1.19287   0.0242131
         108     0.98747     1.19097   0.0240635
         109    0.981629     1.18905   0.0239192
         110    0.979104     1.18714   0.0237778
         111    0.981109     1.18528   0.0236359
         112    0.988112     1.18352   0.0234904
         113    0.999664      1.1819   0.0233388
         114     1.01465     1.18043   0.0231801
         115     1.03174     1.17914   0.0230146
         116      1.0498     1.17802   0.0228432
         117     1.06817     1.17708   0.0226672
         118     1.08673     1.17632    0.022488
         119     1.10551     1.17572   0.0223069
         120     1.12402     1.17529   0.0221252
         121     1.14102     1.17501   0.0219442
         122     1.15496     1.17484   0.0217649
         123     1.16473     1.17476   0.0215881
         124     1.17027     1.17472   0.0214141
         125     1.17251     1.17471   0.0212428
         126     1.17284     1.17469   0.0210742
         127     1.17243     1.17467   0.0209082
         128     1.17172     1.17465   0.0207449
         129     1.17058     1.17462   0.0205841
         130     1.16887     1.17458   0.0204258
         131     1.16692     1.17452     0.02027
         132     1.16546     1.17445   0.0201165
         133     1.16495     1.17438   0.0199654
         134      1.1651     1.17431   0.0198165
         135     1.16502     1.17424   0.0196699
         136     1.16402     1.17416   0.0195254
         137     1.16213     1.17408   0.0193831
         138     1.16015     1.17398   0.0192429
         139     1.15923     1.17387   0.0191047
         140     1.16035     1.17377   0.0189685
         141     1.16392      1.1737   0.0188341
         142     1.16947     1.17367   0.0187015
         143     1.17571     1.17369   0.0185707
         144     1.18093     1.17374   0.0184418
         145     1.18347      1.1738   0.0183148
         146     1.18235     1.17386   0.0181894
         147     1.17756     1.17389   0.0180657
         148     1.16997     1.17386   0.0179436
         149     1.16115     1.17378   0.0178234
         150     1.15304     1.17364   0.0177051
         151     1.14746     1.17346   0.0175887
         152      1.1456     1.17328    0.017474
         153     1.14737     1.17311   0.0173606
         154     1.15137     1.17297   0.0172484
         155     1.15563     1.17286   0.0171375
         156     1.15856     1.17277   0.0170279
         157     1.15953     1.17268   0.0169196
         158     1.15875     1.17259   0.0168128
         159     1.15694      1.1725   0.0167073
         160     1.15515     1.17239   0.0166033
         161      1.1545     1.17228   0.0165005
         162     1.15579     1.17218    0.016399
         163     1.15918      1.1721   0.0162986
         164       1.164     1.17205   0.0161992
         165     1.16916     1.17203   0.0161011
         166      1.1737     1.17204   0.0160041
         167     1.17724     1.17207   0.0159083
         168     1.17998     1.17212   0.0158137
         169     1.18246     1.17218   0.0157202
         170      1.1852     1.17225   0.0156279
         171     1.18854     1.17235   0.0155368
         172     1.19261     1.17247   0.0154469
         173     1.19726     1.17261   0.0153583
         174     1.20203     1.17278    0.015271
         175     1.20613     1.17297   0.0151849
         176     1.20861     1.17317      0.0151
         177     1.20853     1.17337    0.015016
         178     1.20525     1.17355   0.0149327
         179     1.19855     1.17369   0.0148499
         180      1.1885     1.17377   0.0147677
         181     1.17523     1.17378   0.0146861
         182     1.15864      1.1737   0.0146056
         183     1.13827     1.17351   0.0145271
         184     1.11342     1.17318   0.0144518
         185      1.0836     1.17269   0.0143818
         186     1.04932     1.17203   0.0143198
         187     1.01287     1.17118   0.0142685
         188    0.978733     1.17016   0.0142292
         189    0.952438       1.169   0.0142005
         190    0.938071     1.16779   0.0141777
         191    0.936506     1.16658   0.0141551
         192    0.946222     1.16543   0.0141278
         193    0.965094     1.16439   0.0140927
         194    0.990946      1.1635   0.0140484
         195     1.02155     1.16277   0.0139952
         196     1.05473     1.16222   0.0139346
         197     1.08811     1.16184    0.013869
         198     1.11883     1.16163   0.0138006
         199     1.14395     1.16154   0.0137315
         200     1.16129     1.16154   0.0136629
         201     1.17011     1.16158    0.013595
         202     1.17112     1.16163   0.0135278
         203     1.16584     1.16165   0.0134611
         204     1.15579     1.16162   0.0133952
         205      1.1419     1.16152   0.0133302
         206     1.12478     1.16134   0.0132667
         207      1.1054     1.16107   0.0132053
         208      1.0858     1.16071   0.0131468
         209     1.06901     1.16027   0.0130912
         210      1.0583     1.15979   0.0130379
         211     1.05606     1.15929   0.0129854
         212     1.06286     1.15884   0.0129321
         213     1.07713     1.15846    0.012877
         214      1.0959     1.15816   0.0128202
         215     1.11585     1.15797   0.0127621
         216     1.13435     1.15786   0.0127035
         217     1.14989     1.15782    0.012645
         218     1.16187     1.15784    0.012587
         219      1.1703      1.1579   0.0125296
         220      1.1755     1.15798   0.0124729
         221     1.17777     1.15807   0.0124168
         222     1.17731     1.15815   0.0123612
         223     1.17411     1.15822    0.012306
         224     1.16808     1.15827   0.0122511
         225     1.15917     1.15827   0.0121967
         226     1.14772     1.15823   0.0121428
         227     1.13448     1.15812   0.0120897
         228     1.12047     1.15796   0.0120378
         229     1.10659     1.15773   0.0119874
         230     1.09339     1.15745   0.0119385
         231     1.08123     1.15712   0.0118914
         232     1.07076     1.15675   0.0118459
         233     1.06307     1.15635   0.0118019
         234     1.05928     1.15593   0.0117588
         235     1.05983     1.15552   0.0117159
         236     1.06407     1.15514   0.0116726
         237     1.07028     1.15478   0.0116289
         238     1.07636     1.15445   0.0115847
         239     1.08085     1.15414   0.0115403
         240     1.08369     1.15385   0.0114959
         241     1.08596     1.15357   0.0114517
         242     1.08888      1.1533   0.0114075
         243     1.09298     1.15305   0.0113632
         244     1.09803     1.15282   0.0113189
         245     1.10359     1.15262   0.0112745
         246     1.10931     1.15245     0.01123
         247     1.11508      1.1523   0.0111856
         248     1.12088     1.15217   0.0111412
         249     1.12656     1.15207   0.0110969
         250     1.13172     1.15199   0.0110528
         251     1.13575     1.15192    0.011009
         252     1.13806     1.15187   0.0109654
         253     1.13829     1.15181   0.0109222
         254     1.13649     1.15175   0.0108794
         255     1.13303     1.15168    0.010837
         256      1.1286     1.15159    0.010795
         257     1.12406     1.15148   0.0107536
         258     1.12031     1.15136   0.0107125
         259     1.11818     1.15123    0.010672
         260     1.11824     1.15111   0.0106317
         261      1.1205     1.15099   0.0105916
         262     1.12427     1.15089   0.0105516
         263     1.12836      1.1508   0.0105119
         264     1.13145     1.15073   0.0104723
         265      1.1326     1.15066    0.010433
         266     1.13163     1.15059    0.010394
         267     1.12907     1.15051   0.0103554
         268     1.12594     1.15041   0.0103172
         269     1.12329     1.15031   0.0102793
         270     1.12194     1.15021   0.0102418
         271     1.12243     1.15011   0.0102045
         272     1.12509     1.15001   0.0101674
         273     1.13024     1.14994   0.0101304
         274     1.13832      1.1499   0.0100935
         275     1.14963      1.1499   0.0100568
         276     1.16402     1.14995   0.0100205
         277     1.18044     1.15006  0.00998496
         278      1.1969     1.15023  0.00995046
         279     1.21085     1.15045  0.00991717
         280     1.21983     1.15069  0.00988485
         281     1.22207     1.15095  0.00985293
         282     1.21697     1.15118  0.00982077
         283     1.20524     1.15137  0.00978793
         284      1.1887      1.1515  0.00975435
         285     1.16989     1.15157  0.00972033
         286     1.15145     1.15157  0.00968635
         287      1.1356     1.15151  0.00965276
         288     1.12387     1.15142  0.00961972
         289     1.11692      1.1513  0.00958717
         290     1.11464     1.15117  0.00955494
         291      1.1163     1.15105  0.00952286
         292     1.12081     1.15095  0.00949081
         293     1.12684     1.15087  0.00945878
         294     1.13289      1.1508   0.0094268
         295     1.13749     1.15076  0.00939495
         296     1.13941     1.15072  0.00936329
         297     1.13801     1.15068  0.00933186
         298     1.13343     1.15062  0.00930073
         299     1.12669     1.15054  0.00926997
         300     1.11939     1.15044  0.00923965
         301     1.11323     1.15031  0.00920978
         302     1.10944     1.15018  0.00918028
         303     1.10833     1.15004  0.00915102
         304      1.1091      1.1499  0.00912191
         305     1.11005     1.14977  0.00909293
         306     1.10915     1.14964  0.00906419
         307     1.10492      1.1495  0.00903583
         308     1.09734     1.14933  0.00900808
         309     1.08817     1.14913   0.0089811
         310     1.08007     1.14891   0.0089549
         311     1.07485     1.14867  0.00892927
         312     1.07261     1.14842  0.00890397
         313     1.07238     1.14818  0.00887884
         314      1.0733     1.14794  0.00885377
         315     1.07523     1.14771  0.00882867
         316     1.07862     1.14749  0.00880344
         317     1.08409     1.14729  0.00877794
         318      1.0919     1.14712  0.00875206
         319     1.10161     1.14698  0.00872579
         320     1.11221     1.14687   0.0086992
         321     1.12237     1.14679  0.00867243
         322     1.13094     1.14674  0.00864564
         323     1.13731     1.14671  0.00861892
         324      1.1415      1.1467  0.00859233
         325     1.14407     1.14669   0.0085659
         326     1.14582     1.14669  0.00853962
         327     1.14748     1.14669  0.00851351
         328      1.1494      1.1467  0.00848756
         329     1.15158     1.14671  0.00846177
         330     1.15386     1.14673  0.00843616
         331     1.15603     1.14676  0.00841072
         332     1.15789     1.14679  0.00838545
         333     1.15912     1.14683  0.00836035
         334     1.15925     1.14687   0.0083354
         335      1.1577      1.1469  0.00831058
         336     1.15393     1.14692  0.00828588
         337     1.14777     1.14692  0.00826129
         338     1.13964      1.1469  0.00823688
         339     1.13068     1.14685  0.00821272
         340     1.12281     1.14678  0.00818887
         341     1.11831      1.1467  0.00816528
         342     1.11868     1.14662  0.00814182
         343     1.12353     1.14655  0.00811836
         344     1.13027      1.1465  0.00809489
         345     1.13536     1.14647   0.0080715
         346     1.13609     1.14644  0.00804822
         347     1.13168      1.1464  0.00802514
         348     1.12358     1.14633  0.00800235
         349     1.11466     1.14624  0.00797993
         350     1.10778     1.14613  0.00795789
         351     1.10446     1.14601   0.0079361
         352     1.10471      1.1459  0.00791443
         353     1.10766     1.14579  0.00789275
         354     1.11238     1.14569  0.00787102
         355     1.11812     1.14562  0.00784923
         356     1.12407     1.14556  0.00782741
         357     1.12916     1.14551  0.00780562
         358     1.13227     1.14547  0.00778391
         359     1.13252     1.14544  0.00776231
         360     1.12953     1.14539  0.00774087
         361     1.12339     1.14533  0.00771967
         362     1.11436     1.14525  0.00769882
         363     1.10274     1.14513   0.0076785
         364     1.08894     1.14497  0.00765896
         365      1.0737     1.14478  0.00764046
         366     1.05805     1.14454  0.00762326
         367     1.04326     1.14427  0.00760748
         368     1.03069     1.14396  0.00759307
         369     1.02156     1.14363  0.00757973
         370     1.01682     1.14328  0.00756699
         371     1.01694     1.14294  0.00755425
         372     1.02171     1.14262  0.00754097
         373     1.03028     1.14232  0.00752677
         374      1.0412     1.14205   0.0075115
         375     1.05273     1.14181  0.00749524
         376     1.06322      1.1416  0.00747822
         377     1.07134     1.14141  0.00746071
         378     1.07614     1.14124  0.00744297
         379     1.07693     1.14107  0.00742526
         380     1.07335     1.14089  0.00740786
         381     1.06553     1.14069  0.00739106
         382     1.05447     1.14047  0.00737515
         383      1.0419     1.14021  0.00736039
         384     1.02984     1.13992  0.00734683
         385     1.01962     1.13961  0.00733439
         386     1.01135     1.13928  0.00732291
         387     1.00415     1.13893  0.00731231
         388     0.99679     1.13856  0.00730263
         389    0.988434     1.13818  0.00729405
         390    0.979071     1.13777  0.00728675
         391    0.969634     1.13734  0.00728079
         392    0.961725     1.13689  0.00727599
         393     0.95717     1.13643  0.00727183
         394    0.957477     1.13598  0.00726754
         395    0.963471     1.13554  0.00726226
         396    0.975064     1.13514  0.00725521
         397    0.991165     1.13477    0.007246
         398     1.00984     1.13446  0.00723459
         399     1.02867      1.1342  0.00722131
         400     1.04513     1.13397  0.00720669
         401       1.057     1.13378  0.00719127
         402     1.06266      1.1336  0.00717556
         403     1.06128     1.13342     0.00716
         404     1.05301     1.13323  0.00714504
         405     1.03912     1.13299  0.00713118
         406     1.02207     1.13272  0.00711885
         407     1.00523     1.13241  0.00710824
         408    0.992203     1.13206  0.00709912
         409    0.985738     1.13171  0.00709078
         410    0.986922     1.13135  0.00708227
         411    0.994969     1.13102  0.00707281
         412     1.00779     1.13072  0.00706196
         413     1.02287     1.13046  0.00704969
         414     1.03814     1.13024  0.00703619
         415     1.05239     1.13005  0.00702173
         416     1.06527     1.12989  0.00700658
         417     1.07694     1.12977  0.00699093
         418     1.08757     1.12967  0.00697493
         419     1.09686     1.12959  0.00695873
         420     1.10392     1.12953  0.00694243
         421     1.10738     1.12947  0.00692613
         422     1.10602     1.12942  0.00690994
         423     1.09951     1.12935  0.00689397
         424     1.08911     1.12925  0.00687836
         425     1.07795     1.12913  0.00686324
         426     1.07024     1.12899  0.00684852
         427     1.06969     1.12885  0.00683389
         428     1.07756     1.12874  0.00681897
         429     1.09199     1.12865  0.00680362
         430     1.10917      1.1286  0.00678795
         431     1.12561      1.1286   0.0067722
         432     1.13931     1.12862  0.00675657
         433     1.14961     1.12867  0.00674114
         434     1.15642     1.12873  0.00672591
         435     1.15978     1.12881  0.00671083
         436        1.16     1.12888  0.00669582
         437     1.15775     1.12894  0.00668082
         438     1.15397       1.129  0.00666581
         439     1.14954     1.12905  0.00665079
         440     1.14504     1.12908  0.00663577
         441     1.14091     1.12911  0.00662078
         442     1.13766     1.12913  0.00660583
         443     1.13576     1.12914  0.00659094
         444     1.13526     1.12916  0.00657611
         445     1.13544     1.12917  0.00656134
         446     1.13493     1.12919  0.00654664
         447     1.13226     1.12919    0.006532
         448     1.12633     1.12919  0.00651743
         449     1.11642     1.12916  0.00650297
         450     1.10191      1.1291   0.0064888
         451     1.08235     1.12899  0.00647524
         452     1.05835     1.12884   0.0064628
         453      1.0329     1.12863  0.00645201
         454     1.01165     1.12837  0.00644294
         455     1.00032     1.12809  0.00643492
         456     1.00044     1.12781  0.00642689
         457     1.00808     1.12754  0.00641817
         458     1.01713      1.1273  0.00640868
         459     1.02316     1.12708  0.00639873
         460     1.02475     1.12685  0.00638869
         461      1.0229     1.12663  0.00637881
         462        1.02      1.1264  0.00636917
         463     1.01895     1.12617  0.00635964
         464     1.02226     1.12594  0.00634988
         465     1.03121     1.12574  0.00633949
         466     1.04525     1.12557  0.00632824
         467      1.0622     1.12543  0.00631614
         468     1.07924     1.12533  0.00630342
         469     1.09421     1.12526  0.00629033
         470     1.10638     1.12522  0.00627707
         471     1.11648     1.12521  0.00626377
         472     1.12593     1.12521   0.0062505
         473     1.13593     1.12523  0.00623733
         474     1.14684     1.12528  0.00622434
         475     1.15808     1.12534  0.00621162
         476     1.16845     1.12544  0.00619923
         477     1.17662     1.12554  0.00618716
         478     1.18167     1.12566  0.00617533
         479     1.18339     1.12578  0.00616361
         480     1.18235      1.1259   0.0061519
         481     1.17946     1.12601  0.00614012
         482     1.17548     1.12611  0.00612824
         483     1.17045      1.1262  0.00611623
         484     1.16381     1.12628  0.00610409
         485     1.15506     1.12634  0.00609179
         486     1.14458     1.12638  0.00607938
         487     1.13383     1.12639  0.00606691
         488     1.12463     1.12639  0.00605448
         489     1.11785     1.12637  0.00604212
         490     1.11279     1.12635  0.00602986
         491     1.10786     1.12631  0.00601769
         492     1.10175     1.12626  0.00600567
         493     1.09406     1.12619  0.00599384
         494     1.08544     1.12611  0.00598228
         495     1.07737     1.12601    0.005971
         496     1.07175      1.1259  0.00595997
         497     1.07033     1.12579  0.00594902
         498     1.07396     1.12569  0.00593799
         499     1.08194      1.1256  0.00592673
         500      1.0921     1.12553  0.00591526
         501     1.10171     1.12548  0.00590364
         502     1.10848     1.12545  0.00589198
         503     1.11103     1.12542  0.00588034
         504     1.10862     1.12539  0.00586876
         505     1.10095     1.12534  0.00585734
         506     1.08817     1.12527  0.00584623
         507     1.07153     1.12516  0.00583566
         508     1.05414     1.12502  0.00582584
         509      1.0408     1.12485  0.00581675
         510     1.03588     1.12468  0.00580796
         511     1.04043     1.12452  0.00579893
         512     1.05138     1.12437  0.00578936
         513     1.06375     1.12425  0.00577928
         514     1.07338     1.12416  0.00576889
         515     1.07824     1.12407  0.00575838
         516     1.07829     1.12398   0.0057479
         517      1.0749     1.12388  0.00573757
         518     1.07024     1.12378  0.00572742
         519     1.06678     1.12367  0.00571744
         520     1.06671     1.12356  0.00570749
         521     1.07088     1.12346  0.00569744
         522     1.07826     1.12337  0.00568718
         523     1.08652      1.1233  0.00567674
         524     1.09354     1.12324  0.00566619
         525     1.09828      1.1232   0.0056556
         526     1.10064     1.12315  0.00564501
         527     1.10086     1.12311  0.00563446
         528      1.0991     1.12307  0.00562397
         529     1.09532     1.12301  0.00561358
         530     1.08929     1.12295  0.00560335
         531      1.0807     1.12287  0.00559336
         532     1.06945     1.12277  0.00558375
         533     1.05595     1.12265  0.00557468
         534     1.04112     1.12249  0.00556633
         535     1.02632     1.12231  0.00555883
         536      1.0132     1.12211  0.00555219
         537     1.00371     1.12189  0.00554622
         538    0.999547     1.12166  0.00554057
         539     1.00121     1.12144   0.0055348
         540     1.00742     1.12123  0.00552858
         541     1.01568     1.12103   0.0055218
         542     1.02363     1.12085  0.00551453
         543     1.02993     1.12068  0.00550692
         544      1.0344     1.12053  0.00549908
         545     1.03756     1.12037   0.0054911
         546     1.04029     1.12023    0.005483
         547     1.04365     1.12009  0.00547476
         548     1.04875     1.11996  0.00546632
         549     1.05613     1.11984   0.0054576
         550     1.06525     1.11974  0.00544858
         551     1.07482     1.11966   0.0054393
         552     1.08383     1.11959  0.00542983
         553      1.0922     1.11955  0.00542024
         554     1.10063     1.11951  0.00541056
         555      1.1097     1.11949  0.00540084
         556     1.11888     1.11949  0.00539113
         557     1.12634      1.1195  0.00538146
         558     1.12976     1.11952  0.00537185
         559     1.12768     1.11954  0.00536226
         560     1.12055     1.11954  0.00535269
         561     1.11078     1.11952  0.00534317
         562     1.10193     1.11949  0.00533375
         563     1.09754     1.11945  0.00532442
         564     1.09987     1.11942  0.00531509
         565      1.1093      1.1194  0.00530572
         566     1.12444     1.11941  0.00529635
         567      1.1426     1.11945  0.00528717
         568     1.16055     1.11952  0.00527835
         569     1.17532     1.11962  0.00526999
         570     1.18472     1.11974  0.00526198
         571     1.18755     1.11985   0.0052541
         572     1.18358     1.11997   0.0052461
         573     1.17342     1.12006  0.00523777
         574     1.15841     1.12013  0.00522907
         575     1.14044     1.12016   0.0052201
         576      1.1216     1.12016  0.00521104
         577     1.10382     1.12013  0.00520208
         578     1.08848     1.12008  0.00519337
         579     1.07621        1.12  0.00518495
         580     1.06684     1.11991  0.00517683
         581     1.05954     1.11981  0.00516896
         582     1.05317     1.11969  0.00516134
         583      1.0467     1.11957  0.00515401
         584     1.03966     1.11943    0.005147
         585     1.03235     1.11928  0.00514035
         586     1.02564     1.11912  0.00513407
         587     1.02062     1.11896  0.00512806
         588     1.01831     1.11878   0.0051222
         589     1.01953     1.11862  0.00511627
         590     1.02489     1.11846  0.00511007
         591     1.03454     1.11832  0.00510339
         592     1.04789      1.1182  0.00509616
         593     1.06346      1.1181   0.0050884
         594     1.07931     1.11804  0.00508025
         595     1.09366       1.118  0.00507188
         596      1.1054     1.11798  0.00506341
         597     1.11436     1.11797  0.00505493
         598     1.12105     1.11798  0.00504648
         599     1.12633     1.11799  0.00503808
         600     1.13102     1.11801  0.00502973
         601     1.13556     1.11804  0.00502144
         602     1.13996     1.11808  0.00501324
         603      1.1439     1.11812   0.0050051
         604     1.14692     1.11817  0.00499704
         605     1.14862     1.11822  0.00498904
         606     1.14868     1.11827  0.00498106
         607     1.14696     1.11832  0.00497308
         608     1.14366     1.11836  0.00496507
         609     1.13947     1.11839  0.00495704
         610     1.13553     1.11842  0.00494899
         611     1.13306     1.11844  0.00494095
         612     1.13285     1.11847  0.00493294
         613     1.13499     1.11849  0.00492496
         614     1.13889     1.11853  0.00491705
         615     1.14351     1.11857  0.00490923
         616     1.14747     1.11862  0.00490148
         617     1.14935     1.11866  0.00489379
         618       1.148     1.11871   0.0048861
         619     1.14291     1.11875  0.00487836
         620      1.1342     1.11878  0.00487056
         621      1.1226     1.11878  0.00486272
         622     1.10913     1.11877  0.00485493
         623     1.09489     1.11873  0.00484728
         624     1.08084     1.11867   0.0048399
         625     1.06776     1.11859  0.00483284
         626     1.05629     1.11849  0.00482614
         627     1.04696     1.11837  0.00481979
         628     1.04031     1.11825  0.00481372
         629     1.03675     1.11812  0.00480781
         630     1.03643     1.11799  0.00480193
         631     1.03901     1.11786  0.00479595
         632     1.04373     1.11775   0.0047898
         633     1.04984     1.11764  0.00478343
         634       1.057     1.11754  0.00477684
         635     1.06552     1.11746  0.00477002
         636      1.0761      1.1174  0.00476296
         637     1.08926     1.11735  0.00475569
         638     1.10484     1.11733  0.00474828
         639      1.1219     1.11734  0.00474085
         640       1.139     1.11737  0.00473357
         641     1.15462     1.11743  0.00472654
         642     1.16743     1.11751  0.00471982
         643     1.17641      1.1176  0.00471337
         644     1.18091      1.1177  0.00470707
         645     1.18077      1.1178  0.00470079
         646     1.17635     1.11789  0.00469439
         647     1.16851     1.11797  0.00468778
         648     1.15827     1.11803  0.00468096
         649     1.14645     1.11807  0.00467395
         650     1.13359      1.1181  0.00466682
         651     1.12019      1.1181  0.00465966
         652     1.10683     1.11808  0.00465254
         653     1.09429     1.11805  0.00464556
         654     1.08356     1.11799  0.00463875
         655     1.07602     1.11793  0.00463212
         656      1.0733     1.11786  0.00462555
         657     1.07668      1.1178  0.00461894
         658      1.0861     1.11775  0.00461217
         659     1.09954     1.11772  0.00460525
         660     1.11363     1.11772  0.00459828
         661     1.12513     1.11773  0.00459134
         662     1.13209     1.11775  0.00458445
         663      1.1342     1.11777  0.00457761
         664      1.1325      1.1178  0.00457077
         665      1.1288     1.11781  0.00456392
         666     1.12505     1.11782  0.00455708
         667     1.12298     1.11783  0.00455026
         668     1.12374     1.11784  0.00454345
         669     1.12771     1.11786  0.00453669
         670     1.13433     1.11788  0.00452998
         671     1.14222     1.11792  0.00452338
         672     1.14938     1.11796  0.00451689
         673     1.15355     1.11802  0.00451048
         674     1.15257     1.11807  0.00450408
         675     1.14485     1.11811  0.00449759
         676     1.12976     1.11812  0.00449097
         677     1.10811     1.11811  0.00448436
         678     1.08254     1.11806  0.00447805
         679     1.05731     1.11797  0.00447235
         680     1.03753     1.11785  0.00446733
         681     1.02739     1.11772  0.00446275
         682     1.02833     1.11759  0.00445813
         683     1.03851     1.11747  0.00445311
         684     1.05389     1.11738  0.00444756
         685      1.0702     1.11731  0.00444161
         686     1.08425     1.11726  0.00443539
         687     1.09415     1.11723  0.00442906
         688     1.09884      1.1172  0.00442271
         689     1.09762     1.11717  0.00441638
         690     1.09024     1.11713  0.00441015
         691     1.07754     1.11707  0.00440414
         692     1.06255       1.117  0.00439848
         693     1.05053      1.1169  0.00439318
         694     1.04717      1.1168    0.004388
         695     1.05533     1.11671  0.00438258
         696     1.07383     1.11665  0.00437671
         697     1.09887     1.11662  0.00437051
         698     1.12623     1.11664  0.00436427
         699     1.15208     1.11669  0.00435832
         700     1.17311     1.11677  0.00435284
         701     1.18671     1.11687  0.00434777
         702     1.19122     1.11697  0.00434287
         703     1.18619     1.11707  0.00433781
         704     1.17231     1.11715  0.00433235
         705     1.15136      1.1172  0.00432648
         706     1.12601     1.11721  0.00432037
         707     1.09967     1.11719  0.00431433
         708      1.0762     1.11713  0.00430863
         709     1.05919     1.11705  0.00430332
         710     1.05102     1.11695  0.00429827
         711     1.05203     1.11686  0.00429319
         712     1.06047     1.11678  0.00428789
         713     1.07364     1.11672  0.00428231
         714     1.08928     1.11669  0.00427648
         715     1.10602     1.11667  0.00427052
         716      1.1226     1.11668  0.00426457
         717     1.13735     1.11671  0.00425872
         718     1.14855     1.11675  0.00425302
         719     1.15504      1.1168  0.00424744
         720     1.15645     1.11686  0.00424189
         721     1.15286     1.11691   0.0042363
         722     1.14442     1.11695  0.00423061
         723     1.13148     1.11697   0.0042248
         724     1.11511     1.11697  0.00421897
         725     1.09739     1.11694  0.00421324
         726     1.08114     1.11689  0.00420772
         727     1.06927     1.11682  0.00420244
         728     1.06379     1.11675   0.0041973
         729     1.06514     1.11668  0.00419214
         730      1.0721     1.11662  0.00418684
         731     1.08246     1.11657  0.00418138
         732     1.09404     1.11654  0.00417578
         733      1.1054     1.11653  0.00417011
         734     1.11564     1.11653  0.00416443
         735     1.12386     1.11654  0.00415877
         736     1.12929     1.11655  0.00415316
         737     1.13199     1.11657  0.00414758
         738     1.13321      1.1166  0.00414202
         739     1.13453     1.11662  0.00413648
         740     1.13669     1.11665  0.00413098
         741     1.13898     1.11668  0.00412552
         742     1.13996     1.11671  0.00412008
         743     1.13836     1.11674  0.00411464
         744     1.13368     1.11676  0.00410917
         745     1.12616     1.11677  0.00410367
         746     1.11638     1.11677  0.00409817
         747     1.10492     1.11676  0.00409272
         748     1.09203     1.11672  0.00408738
         749     1.07761     1.11667  0.00408225
         750     1.06163      1.1166  0.00407747
         751     1.04456      1.1165  0.00407317
         752     1.02751     1.11638  0.00406947
         753     1.01185     1.11625  0.00406644
         754    0.998782     1.11609  0.00406403
         755    0.989208     1.11592  0.00406212
         756     0.98392     1.11575  0.00406049
         757    0.983641     1.11557  0.00405888
         758    0.988469      1.1154  0.00405699
         759    0.997236     1.11525  0.00405463
         760     1.00776     1.11511  0.00405176
         761     1.01801     1.11498  0.00404844
         762     1.02707     1.11486  0.00404477
         763     1.03506     1.11476  0.00404082
         764     1.04254     1.11467  0.00403664
         765     1.05008     1.11458  0.00403225
         766     1.05831     1.11451  0.00402765
         767     1.06796     1.11445  0.00402286
         768     1.07972      1.1144  0.00401787
         769     1.09373     1.11437  0.00401274
         770     1.10903     1.11437  0.00400753
         771     1.12363     1.11438  0.00400235
         772     1.13534     1.11441  0.00399726
         773     1.14281     1.11444  0.00399226
         774     1.14623     1.11448  0.00398731
         775     1.14721     1.11453  0.00398239
         776     1.14786     1.11457  0.00397749
         777     1.14965     1.11462  0.00397263
         778     1.15278     1.11466  0.00396782
         779     1.15629     1.11472  0.00396309
         780     1.15875     1.11477  0.00395841
         781     1.15916     1.11483  0.00395375
         782      1.1575     1.11489  0.00394907
         783     1.15464     1.11494  0.00394435
         784     1.15162     1.11498   0.0039396
         785      1.1486     1.11503  0.00393481
         786     1.14467     1.11506  0.00392999
         787     1.13891     1.11509  0.00392511
         788     1.13155     1.11511  0.00392019
         789     1.12429     1.11513  0.00391524
         790     1.11928     1.11513  0.00391028
         791     1.11787     1.11514  0.00390534
         792     1.11971     1.11514  0.00390041
         793     1.12304     1.11515  0.00389551
         794     1.12559     1.11516  0.00389062
         795      1.1258     1.11518  0.00388575
         796     1.12352     1.11519  0.00388089
         797     1.12008     1.11519  0.00387602
         798     1.11747      1.1152  0.00387117
         799     1.11734      1.1152  0.00386632
         800     1.12037     1.11521  0.00386149
         801     1.12614     1.11522   0.0038567
         802     1.13333     1.11524  0.00385195
         803     1.14012     1.11527  0.00384728
         804     1.14447     1.11531  0.00384267
         805     1.14442     1.11535  0.00383806
         806     1.13857     1.11537  0.00383341
         807     1.12661     1.11539  0.00382869
         808     1.10962     1.11538  0.00382395
         809        1.09     1.11535  0.00381936
         810     1.07097      1.1153  0.00381503
         811     1.05586     1.11522  0.00381103
         812     1.04726     1.11514  0.00380726
         813     1.04651     1.11505  0.00380351
         814     1.05369     1.11498  0.00379959
         815     1.06804     1.11492  0.00379536
         816     1.08832     1.11489  0.00379085
         817     1.11287     1.11489  0.00378621
         818     1.13953     1.11492   0.0037817
         819     1.16585     1.11498   0.0037776
         820     1.18937     1.11507  0.00377408
         821     1.20787     1.11518  0.00377117
         822     1.21959     1.11531  0.00376872
         823     1.22344     1.11544  0.00376643
         824     1.21914     1.11557  0.00376396
         825     1.20741     1.11568  0.00376105
         826     1.18978     1.11577  0.00375756
         827     1.16823     1.11583  0.00375356
         828     1.14472     1.11587  0.00374919
         829     1.12094     1.11587  0.00374467
         830     1.09832     1.11585  0.00374022
         831     1.07811      1.1158  0.00373599
         832     1.06141     1.11574  0.00373207
         833     1.04905     1.11566  0.00372845
         834     1.04156     1.11557  0.00372504
         835     1.03912     1.11548   0.0037217
         836     1.04169     1.11539   0.0037183
         837     1.04911     1.11531   0.0037147
         838     1.06114     1.11525  0.00371083
         839     1.07734      1.1152  0.00370668
         840     1.09664     1.11518  0.00370233
         841     1.11719     1.11518  0.00369793
         842     1.13641     1.11521  0.00369363
         843     1.15157     1.11525   0.0036895
         844      1.1603      1.1153  0.00368551
         845      1.1611     1.11536  0.00368155
         846     1.15348      1.1154  0.00367747
         847     1.13805     1.11543  0.00367323
         848      1.1166     1.11543   0.0036689
         849     1.09204      1.1154  0.00366468
         850     1.06808     1.11535  0.00366079
         851     1.04839     1.11527  0.00365733
         852     1.03552     1.11518  0.00365424
         853     1.03014     1.11508  0.00365131
         854     1.03105     1.11498  0.00364836
         855     1.03589     1.11489  0.00364527
         856     1.04188      1.1148  0.00364201
         857     1.04651     1.11472  0.00363863
         858     1.04787     1.11464  0.00363522
         859     1.04495     1.11456   0.0036319
         860     1.03766     1.11447  0.00362877
         861     1.02669     1.11437  0.00362599
         862     1.01311     1.11425  0.00362369
         863    0.998159     1.11412  0.00362198
         864    0.983533     1.11397  0.00362094
         865    0.972242      1.1138  0.00362046
         866    0.968821     1.11364  0.00362015
         867    0.977397     1.11348  0.00361938
         868    0.998238     1.11335  0.00361765
         869     1.02662     1.11325  0.00361486
         870     1.05577     1.11318  0.00361131
         871     1.08054     1.11314  0.00360736
         872     1.09859     1.11313  0.00360326
         873     1.10976     1.11312  0.00359913
         874     1.11497     1.11312  0.00359502
         875     1.11539     1.11313  0.00359091
         876     1.11215     1.11313  0.00358681
         877      1.1062     1.11312  0.00358273
         878     1.09842      1.1131  0.00357869
         879     1.08962     1.11307  0.00357472
         880     1.08056     1.11304  0.00357084
         881     1.07193     1.11299   0.0035671
         882     1.06422     1.11293  0.00356348
         883     1.05771     1.11287  0.00355999
         884     1.05238      1.1128  0.00355662
         885     1.04788     1.11273  0.00355336
         886     1.04351     1.11265  0.00355021
         887     1.03857     1.11257  0.00354719
         888      1.0329     1.11248  0.00354433
         889     1.02729     1.11238  0.00354164
         890     1.02316     1.11228  0.00353908
         891     1.02151     1.11218  0.00353657
         892     1.02187     1.11208  0.00353406
         893     1.02229     1.11198  0.00353153
         894     1.02043     1.11188  0.00352906
         895     1.01499     1.11177  0.00352678
         896     1.00669     1.11165  0.00352479
         897    0.998256     1.11153  0.00352313
         898    0.993465     1.11139  0.00352166
         899    0.995701     1.11126  0.00352009
         900     1.00662     1.11115   0.0035181
         901     1.02542     1.11105  0.00351548
         902     1.04903     1.11098  0.00351226
         903     1.07329     1.11094  0.00350861
         904     1.09434     1.11092  0.00350478
         905     1.10975     1.11092  0.00350091
         906     1.11895     1.11093  0.00349706
         907     1.12293     1.11095  0.00349323
         908     1.12355     1.11096  0.00348941
         909     1.12274     1.11097  0.00348559
         910     1.12179     1.11098  0.00348178
         911     1.12113       1.111  0.00347798
         912      1.1205     1.11101  0.00347418
         913     1.11955     1.11102  0.00347039
         914     1.11824     1.11102   0.0034666
         915     1.11687     1.11103  0.00346282
         916     1.11603     1.11103  0.00345904
         917     1.11636     1.11104  0.00345527
         918     1.11852     1.11105  0.00345152
         919     1.12297     1.11106  0.00344779
         920     1.12989     1.11108   0.0034441
         921     1.13888     1.11111  0.00344049
         922       1.149     1.11115  0.00343701
         923     1.15879     1.11121  0.00343367
         924     1.16662     1.11127  0.00343048
         925     1.17102     1.11133  0.00342738
         926     1.17102     1.11139  0.00342428
         927     1.16645     1.11145   0.0034211
         928     1.15782      1.1115  0.00341778
         929      1.1461     1.11154  0.00341431
         930     1.13242     1.11156  0.00341071
         931     1.11823     1.11157  0.00340705
         932     1.10566     1.11156   0.0034034
         933     1.09765     1.11155  0.00339979
         934     1.09687     1.11153  0.00339618
         935     1.10443     1.11153  0.00339256
         936     1.11949     1.11153  0.00338895
         937     1.13978     1.11156  0.00338546
         938     1.16221     1.11162  0.00338228
         939     1.18352     1.11169  0.00337955
         940     1.20091     1.11179  0.00337729
         941     1.21259      1.1119   0.0033754
         942     1.21774     1.11201  0.00337368
         943     1.21642     1.11212  0.00337192
         944     1.20924     1.11222  0.00336992
         945     1.19716     1.11231  0.00336755
         946      1.1812     1.11239  0.00336478
         947     1.16227     1.11244  0.00336164
         948     1.14136     1.11247  0.00335823
         949     1.12009     1.11248   0.0033547
         950     1.10092     1.11246  0.00335119
         951     1.08675     1.11244  0.00334778
         952     1.07998      1.1124  0.00334443
         953     1.08163     1.11237  0.00334108
         954     1.09098     1.11235  0.00333765
         955     1.10602     1.11234  0.00333417
         956     1.12439     1.11235   0.0033307
         957     1.14405     1.11239  0.00332739
         958     1.16362     1.11244  0.00332434
         959     1.18223     1.11251  0.00332167
         960     1.19926      1.1126  0.00331944
         961     1.21391     1.11271  0.00331766
         962     1.22513     1.11283  0.00331627
         963     1.23162     1.11295  0.00331512
         964     1.23211     1.11307  0.00331398
         965      1.2256     1.11319   0.0033126
         966     1.21172     1.11329  0.00331074
         967     1.19101     1.11337  0.00330829
         968     1.16501     1.11343   0.0033053
         969     1.13625     1.11345  0.00330198
         970     1.10774     1.11344  0.00329858
         971     1.08233     1.11341  0.00329534
         972     1.06218     1.11336  0.00329237
         973     1.04852     1.11329  0.00328966
         974     1.04197     1.11322   0.0032871
         975     1.04249     1.11315  0.00328453
         976     1.04902     1.11308  0.00328182
         977      1.0592     1.11303  0.00327892
         978     1.06985     1.11298  0.00327587
         979     1.07819     1.11295  0.00327271
         980     1.08278     1.11292  0.00326952
         981     1.08393     1.11289  0.00326632
         982     1.08333     1.11286  0.00326313
         983     1.08334     1.11283  0.00325995
         984      1.0858      1.1128  0.00325675
         985     1.09123     1.11278  0.00325352
         986      1.0989     1.11276  0.00325025
         987     1.10765     1.11276  0.00324696
         988     1.11654     1.11276  0.00324368
         989     1.12494     1.11277  0.00324042
         990     1.13226     1.11279  0.00323721
         991     1.13755     1.11282  0.00323404
         992     1.13959     1.11284  0.00323089
         993     1.13721     1.11287  0.00322773
         994     1.12966     1.11289  0.00322453
         995     1.11691     1.11289  0.00322129
         996     1.09979     1.11288  0.00321808
         997     1.08009     1.11284  0.00321502
         998     1.06046     1.11279  0.00321223
         999     1.04392     1.11272  0.00320975
        1000     1.03302     1.11264  0.00320753
        1001     1.02904     1.11256  0.00320541
        1002     1.03175     1.11248  0.00320323
        1003     1.03969     1.11241  0.00320086
        1004     1.05072     1.11235  0.00319826
        1005     1.06266      1.1123  0.00319546
        1006     1.07384     1.11226  0.00319251
        1007     1.08361     1.11223  0.00318947
        1008     1.09248     1.11221  0.00318636
        1009     1.10204      1.1122  0.00318322
        1010     1.11445      1.1122  0.00318007
        1011     1.13149     1.11222  0.00317698
        1012     1.15359     1.11226  0.00317411
        1013     1.17915     1.11233  0.00317166
        1014     1.20481     1.11242  0.00316984
        1015     1.22666     1.11253  0.00316872
        1016     1.24145     1.11266  0.00316814
        1017     1.24716     1.11279  0.00316778
        1018     1.24303     1.11292  0.00316725
        1019     1.22938     1.11303  0.00316621
        1020     1.20748     1.11313  0.00316446
        1021     1.17945     1.11319  0.00316202
        1022     1.14803     1.11322  0.00315911
        1023     1.11636     1.11323  0.00315603
        1024     1.08757      1.1132  0.00315304
        1025     1.06458     1.11315  0.00315032
        1026     1.04956     1.11309  0.00314786
        1027     1.04325     1.11302  0.00314553
        1028     1.04471     1.11296  0.00314318
        1029     1.05178      1.1129  0.00314068
        1030     1.06212     1.11285  0.00313802
        1031     1.07375     1.11281  0.00313521
        1032     1.08519     1.11278  0.00313228
        1033     1.09518     1.11277   0.0031293
        1034     1.10242     1.11276  0.00312629
        1035     1.10564     1.11275  0.00312327
        1036     1.10386     1.11274  0.00312027
        1037     1.09661     1.11273   0.0031173
        1038     1.08411      1.1127  0.00311442
        1039     1.06739     1.11266  0.00311173
        1040      1.0485     1.11259  0.00310935
        1041      1.0306     1.11252  0.00310736
        1042     1.01755     1.11242  0.00310571
        1043     1.01265     1.11233  0.00310421
        1044     1.01721     1.11224  0.00310257
        1045     1.02989     1.11216   0.0031006
        1046     1.04744      1.1121  0.00309825
        1047     1.06629     1.11205   0.0030956
        1048     1.08361     1.11203  0.00309277
        1049     1.09768     1.11201  0.00308985
        1050     1.10767     1.11201  0.00308691
        1051      1.1135     1.11201  0.00308397
        1052     1.11576     1.11201  0.00308104
        1053     1.11549     1.11202  0.00307812
        1054     1.11371     1.11202   0.0030752
        1055     1.11084     1.11202  0.00307228
        1056     1.10652     1.11201  0.00306938
        1057     1.10007       1.112   0.0030665
        1058     1.09137     1.11198  0.00306366
        1059     1.08139     1.11195   0.0030609
        1060     1.07222     1.11191  0.00305825
        1061     1.06632     1.11187  0.00305567
        1062     1.06555     1.11183   0.0030531
        1063     1.07026     1.11179  0.00305048
        1064     1.07883     1.11176  0.00304777
        1065     1.08817     1.11174  0.00304499
        1066     1.09482     1.11172  0.00304217
        1067     1.09618     1.11171  0.00303936
        1068      1.0912     1.11169  0.00303657
        1069     1.08059     1.11166  0.00303387
        1070     1.06646     1.11161  0.00303133
        1071     1.05193     1.11156  0.00302901
        1072     1.04069     1.11149   0.0030269
        1073     1.03651     1.11142  0.00302489
        1074     1.04226     1.11136  0.00302276
        1075     1.05865     1.11131  0.00302034
        1076     1.08317     1.11128  0.00301765
        1077     1.11062     1.11128  0.00301485
        1078     1.13487      1.1113  0.00301213
        1079     1.15095     1.11134  0.00300956
        1080     1.15624     1.11138  0.00300706
        1081     1.15094     1.11142  0.00300451
        1082     1.13796     1.11144  0.00300183
        1083     1.12205     1.11145  0.00299907
        1084     1.10834     1.11145  0.00299631
        1085     1.10044     1.11144  0.00299356
        1086     1.09936     1.11143  0.00299083
        1087     1.10371     1.11142  0.00298808
        1088     1.11076     1.11142  0.00298534
        1089     1.11773     1.11143   0.0029826
        1090     1.12244     1.11144  0.00297988
        1091     1.12362     1.11145  0.00297717
        1092     1.12099     1.11146  0.00297446
        1093      1.1153     1.11146  0.00297174
        1094     1.10816     1.11146  0.00296903
        1095     1.10152     1.11145  0.00296633
        1096     1.09694     1.11144  0.00296365
        1097     1.09483     1.11142  0.00296099
        1098     1.09451     1.11141  0.00295833
        1099     1.09472     1.11139  0.00295568
        1100     1.09449     1.11137  0.00295303
        1101     1.09362     1.11136  0.00295039
        1102     1.09254     1.11134  0.00294777
        1103     1.09177     1.11132  0.00294515
        1104     1.09157     1.11131  0.00294253
        1105     1.09201     1.11129  0.00293992
        1106     1.09328     1.11127  0.00293731
        1107     1.09584     1.11126  0.00293469
        1108     1.10023     1.11125  0.00293206
        1109     1.10667     1.11124  0.00292942
        1110     1.11472     1.11125  0.00292678
        1111     1.12322     1.11126  0.00292416
        1112     1.13042     1.11128  0.00292158
        1113     1.13449      1.1113  0.00291903
        1114      1.1342     1.11132  0.00291649
        1115     1.12943     1.11133  0.00291392
        1116     1.12126     1.11134  0.00291132
        1117     1.11122     1.11134  0.00290871
        1118     1.10021     1.11133  0.00290613
        1119     1.08798     1.11131  0.00290361
        1120      1.0737     1.11128  0.00290121
        1121     1.05711     1.11123  0.00289902
        1122     1.03933     1.11116  0.00289715
        1123     1.02283     1.11109  0.00289563
        1124     1.01084       1.111  0.00289443
        1125     1.00631      1.1109  0.00289335
        1126     1.01069     1.11082  0.00289215
        1127     1.02308     1.11074  0.00289063
        1128     1.04065     1.11068  0.00288874
        1129      1.0601     1.11063  0.00288653
        1130     1.07901      1.1106  0.00288411
        1131     1.09607     1.11059  0.00288159
        1132     1.11045     1.11059  0.00287904
        1133     1.12132      1.1106  0.00287652
        1134     1.12791     1.11061  0.00287402
        1135     1.12986     1.11063  0.00287154
        1136     1.12749     1.11065  0.00286905
        1137     1.12177     1.11066  0.00286654
        1138     1.11412     1.11066  0.00286402
        1139     1.10604     1.11065  0.00286151
        1140     1.09871     1.11064  0.00285902
        1141      1.0926     1.11063  0.00285656
        1142     1.08728     1.11061  0.00285413
        1143     1.08171     1.11058  0.00285175
        1144     1.07493     1.11055  0.00284942
        1145     1.06667     1.11051  0.00284719
        1146     1.05743     1.11047  0.00284508
        1147     1.04814     1.11041  0.00284312
        1148     1.03979     1.11035  0.00284131
        1149      1.0332     1.11028  0.00283963
        1150     1.02903     1.11021  0.00283804
        1151     1.02775     1.11014  0.00283648
        1152     1.02966     1.11007  0.00283488
        1153     1.03477     1.11001  0.00283317
        1154     1.04271     1.10995  0.00283132
        1155     1.05255      1.1099   0.0028293
        1156       1.063     1.10986  0.00282715
        1157      1.0728     1.10983  0.00282488
        1158     1.08116      1.1098  0.00282255
        1159     1.08782     1.10978  0.00282018
        1160       1.093     1.10977  0.00281779
        1161      1.0972     1.10976  0.00281538
        1162     1.10103     1.10975  0.00281297
        1163     1.10519     1.10975  0.00281055
        1164     1.11037     1.10975  0.00280814
        1165     1.11709     1.10975  0.00280573
        1166     1.12548     1.10977  0.00280336
        1167     1.13498     1.10979  0.00280104
        1168     1.14419     1.10982   0.0027988
        1169     1.15103     1.10985  0.00279663
        1170     1.15322     1.10989  0.00279448
        1171     1.14908     1.10992  0.00279229
        1172     1.13829     1.10995  0.00279002
        1173     1.12225     1.10996  0.00278766
        1174      1.1039     1.10995  0.00278529
        1175     1.08688     1.10993  0.00278299
        1176     1.07455      1.1099  0.00278078
        1177     1.06895     1.10987  0.00277864
        1178     1.07004     1.10983  0.00277649
        1179     1.07552      1.1098  0.00277428
        1180      1.0816     1.10978  0.00277204
        1181     1.08446     1.10976  0.00276977
        1182     1.08195     1.10974  0.00276753
        1183     1.07443     1.10971  0.00276535
        1184     1.06447     1.10967  0.00276328
        1185     1.05563     1.10962  0.00276132
        1186     1.05082     1.10957  0.00275944
        1187     1.05116     1.10952  0.00275755
        1188     1.05572     1.10948   0.0027556
        1189     1.06227     1.10944  0.00275357
        1190     1.06846      1.1094  0.00275147
        1191     1.07273     1.10937  0.00274934
        1192      1.0747     1.10934  0.00274718
        1193     1.07502     1.10932  0.00274503
        1194     1.07484     1.10929  0.00274288
        1195      1.0752     1.10926  0.00274074
        1196     1.07671     1.10923  0.00273858
        1197     1.07942     1.10921  0.00273641
        1198     1.08302     1.10918  0.00273421
        1199     1.08696     1.10917  0.00273199
        1200     1.09049     1.10915  0.00272976
        1201     1.09262     1.10914  0.00272752
        1202     1.09201     1.10912  0.00272529
        1203     1.08722      1.1091  0.00272308
        1204      1.0771     1.10908  0.00272095
        1205     1.06118     1.10904  0.00271898
        1206     1.04003     1.10898  0.00271733
        1207     1.01555      1.1089  0.00271618
        1208    0.991014      1.1088  0.00271569
        1209    0.970575     1.10869  0.00271585
        1210    0.958111     1.10857  0.00271645
        1211    0.955795     1.10844  0.00271714
        1212    0.963471     1.10832  0.00271753
        1213    0.979111     1.10821  0.00271737
        1214     0.99981     1.10812   0.0027166
        1215     1.02268     1.10805  0.00271527
        1216     1.04537       1.108  0.00271353
        1217     1.06628     1.10797  0.00271152
        1218     1.08452     1.10795  0.00270936
        1219     1.09983     1.10794  0.00270715
        1220     1.11232     1.10795  0.00270493
        1221     1.12246     1.10796  0.00270274
        1222     1.13092     1.10798  0.00270059
        1223     1.13849       1.108   0.0026985
        1224     1.14583     1.10803  0.00269647
        1225     1.15341     1.10807  0.00269453
        1226     1.16138     1.10811  0.00269268
        1227     1.16949     1.10816  0.00269095
        1228     1.17711     1.10822  0.00268934
        1229     1.18323     1.10828  0.00268785
        1230     1.18689     1.10834  0.00268642
        1231     1.18758     1.10841  0.00268501
        1232     1.18556     1.10847  0.00268356
        1233     1.18182     1.10853  0.00268204
        1234     1.17769     1.10859  0.00268046
        1235     1.17438     1.10864  0.00267882
        1236     1.17251     1.10869  0.00267715
        1237     1.17195     1.10874  0.00267547
        1238     1.17192     1.10879   0.0026738
        1239      1.1713     1.10884  0.00267211
        1240     1.16906     1.10889   0.0026704
        1241     1.16467     1.10894  0.00266863
        1242     1.15836     1.10898  0.00266677
        1243     1.15126     1.10901  0.00266485
        1244     1.14494     1.10904  0.00266286
        1245      1.1409     1.10907  0.00266084
        1246        1.14     1.10909  0.00265882
        1247     1.14221     1.10912  0.00265683
        1248     1.14692     1.10915  0.00265487
        1249     1.15316     1.10918  0.00265298
        1250     1.15986     1.10922  0.00265116
        1251     1.16586     1.10927  0.00264943
        1252     1.17009     1.10932  0.00264776
        1253     1.17183     1.10937  0.00264612
        1254     1.17119     1.10942  0.00264447
        1255     1.16923     1.10946  0.00264279
        1256     1.16766     1.10951  0.00264109
        1257     1.16791     1.10956   0.0026394
        1258     1.17018     1.10961  0.00263774
        1259     1.17317     1.10966  0.00263613
        1260     1.17469     1.10971  0.00263454
        1261     1.17264     1.10976  0.00263293
        1262     1.16573      1.1098  0.00263121
        1263       1.154     1.10984  0.00262936
        1264     1.13883     1.10986  0.00262738
        1265     1.12247     1.10987  0.00262532
        1266     1.10684     1.10987  0.00262325
        1267     1.09274     1.10985  0.00262122
        1268     1.07998     1.10983  0.00261925
        1269     1.06806      1.1098   0.0026174
        1270     1.05676     1.10976  0.00261567
        1271      1.0464     1.10971  0.00261409
        1272     1.03778     1.10965  0.00261264
        1273     1.03212     1.10959   0.0026113
        1274     1.03084     1.10953  0.00260998
        1275     1.03503     1.10947  0.00260859
        1276     1.04506     1.10942  0.00260703
        1277     1.06043     1.10938  0.00260527
        1278     1.07985     1.10936  0.00260334
        1279     1.10157     1.10935  0.00260131
        1280     1.12361     1.10936   0.0025993
        1281     1.14412     1.10939  0.00259741
        1282     1.16172     1.10943  0.00259571
        1283     1.17555     1.10948   0.0025942
        1284     1.18513     1.10954  0.00259284
        1285     1.19009      1.1096  0.00259158
        1286     1.19011     1.10966  0.00259033
        1287     1.18501     1.10972  0.00258897
        1288     1.17496     1.10977  0.00258746
        1289     1.16083     1.10981  0.00258576
        1290     1.14459     1.10984  0.00258389
        1291     1.12918     1.10986  0.00258193
        1292     1.11775     1.10986  0.00257994
        1293     1.11231     1.10986  0.00257795
        1294     1.11298     1.10987  0.00257596
        1295     1.11814     1.10987  0.00257397
        1296     1.12507     1.10988  0.00257202
        1297     1.13105      1.1099  0.00257008
        1298     1.13411     1.10992  0.00256817
        1299     1.13345     1.10994  0.00256626
        1300     1.12924     1.10995  0.00256433
        1301     1.12229     1.10996  0.00256237
        1302     1.11348     1.10996  0.00256041
        1303     1.10337     1.10996  0.00255845
        1304      1.0921     1.10995  0.00255652
        1305     1.07981     1.10992  0.00255467
        1306     1.06725     1.10989  0.00255292
        1307     1.05606     1.10985   0.0025513
        1308     1.04851      1.1098  0.00254978
        1309     1.04681     1.10975  0.00254829
        1310      1.0524     1.10971  0.00254672
        1311     1.06545     1.10968    0.002545
        1312     1.08458     1.10966  0.00254313
        1313     1.10714     1.10965  0.00254119
        1314     1.12978     1.10967  0.00253931
        1315     1.14928      1.1097  0.00253755
        1316     1.16329     1.10974  0.00253595
        1317     1.17077     1.10979  0.00253445
        1318     1.17207     1.10983  0.00253297
        1319     1.16864     1.10988  0.00253144
        1320     1.16264     1.10992  0.00252984
        1321     1.15632     1.10995  0.00252817
        1322     1.15134     1.10999  0.00252645
        1323     1.14815     1.11001   0.0025247
        1324     1.14597     1.11004  0.00252294
        1325     1.14329     1.11007  0.00252116
        1326     1.13881     1.11009  0.00251935
        1327     1.13215      1.1101  0.00251751
        1328     1.12391     1.11012  0.00251564
        1329     1.11533     1.11012  0.00251375
        1330     1.10747     1.11012  0.00251186
        1331     1.10061     1.11011  0.00250998
        1332     1.09417      1.1101  0.00250812
        1333     1.08728     1.11008   0.0025063
        1334     1.07952     1.11006  0.00250453
        1335     1.07121     1.11003  0.00250282
        1336     1.06303     1.10999  0.00250119
        1337     1.05552     1.10995  0.00249966
        1338     1.04916     1.10991   0.0024982
        1339     1.04488     1.10986  0.00249681
        1340     1.04419     1.10981  0.00249542
        1341     1.04807     1.10976  0.00249399
        1342     1.05591     1.10972  0.00249245
        1343     1.06565     1.10969  0.00249081
        1344     1.07499     1.10967  0.00248909
        1345     1.08254     1.10965  0.00248732
        1346     1.08774     1.10963  0.00248553
        1347     1.09048     1.10961  0.00248372
        1348     1.09064      1.1096  0.00248192
        1349     1.08812     1.10958  0.00248013
        1350      1.0832     1.10957  0.00247837
        1351     1.07678     1.10954  0.00247666
        1352     1.07036     1.10951  0.00247499
        1353     1.06587     1.10948  0.00247338
        1354     1.06523     1.10945  0.00247177
        1355     1.06976     1.10942  0.00247011
        1356     1.07927      1.1094  0.00246839
        1357     1.09166     1.10938  0.00246661
        1358     1.10373     1.10938   0.0024648
        1359     1.11249     1.10938  0.00246298
        1360     1.11629     1.10939  0.00246118
        1361      1.1152     1.10939  0.00245937
        1362     1.11092     1.10939  0.00245757
        1363     1.10629     1.10939  0.00245577
        1364      1.1041     1.10938  0.00245397
        1365      1.1057     1.10938  0.00245217
        1366     1.11047     1.10938  0.00245038
        1367     1.11664     1.10939  0.00244859
        1368     1.12261      1.1094  0.00244682
        1369     1.12757     1.10941  0.00244507
        1370     1.13133     1.10943  0.00244334
        1371     1.13382     1.10944  0.00244162
        1372      1.1348     1.10946  0.00243991
        1373     1.13391     1.10948   0.0024382
        1374     1.13102      1.1095  0.00243647
        1375     1.12637     1.10951  0.00243473
        1376      1.1205     1.10952  0.00243297
        1377     1.11415     1.10952  0.00243121
        1378     1.10795     1.10952  0.00242945
        1379      1.1024     1.10951  0.00242769
        1380     1.09776     1.10951  0.00242595
        1381     1.09395     1.10949  0.00242421
        1382     1.09055     1.10948   0.0024225
        1383     1.08684     1.10946   0.0024208
        1384     1.08232     1.10944  0.00241913
        1385     1.07729     1.10942   0.0024175
        1386     1.07301      1.1094   0.0024159
        1387      1.0713     1.10937  0.00241431
        1388     1.07364     1.10934  0.00241271
        1389     1.08042     1.10932  0.00241106
        1390     1.09076     1.10931  0.00240936
        1391     1.10287      1.1093  0.00240764
        1392     1.11468     1.10931  0.00240591
        1393     1.12437     1.10932  0.00240421
        1394     1.13079     1.10933  0.00240253
        1395     1.13361     1.10935  0.00240087
        1396     1.13317     1.10937  0.00239921
        1397     1.13059     1.10938  0.00239754
        1398     1.12783      1.1094  0.00239587
        1399     1.12737     1.10941  0.00239419
        1400       1.131     1.10942  0.00239253
        1401     1.13873     1.10945  0.00239091
        1402     1.14858     1.10947  0.00238937
        1403      1.1578     1.10951  0.00238791
        1404     1.16426     1.10955  0.00238653
        1405     1.16716     1.10959  0.00238518
        1406     1.16689     1.10963  0.00238384
        1407     1.16424     1.10967  0.00238246
        1408     1.15968      1.1097  0.00238103
        1409     1.15327     1.10973  0.00237954
        1410     1.14506     1.10976  0.00237799
        1411     1.13568     1.10978  0.00237637
        1412     1.12667     1.10979  0.00237472
        1413     1.12001      1.1098  0.00237305
        1414     1.11713      1.1098  0.00237138
        1415     1.11824     1.10981  0.00236971
        1416     1.12243     1.10982  0.00236805
        1417     1.12835     1.10983  0.00236642
        1418     1.13486     1.10985  0.00236481
        1419     1.14125     1.10987  0.00236325
        1420     1.14721      1.1099  0.00236173
        1421     1.15259     1.10993  0.00236026
        1422     1.15716     1.10996  0.00235884
        1423      1.1604     1.10999  0.00235744
        1424     1.16153     1.11003  0.00235607
        1425     1.15964     1.11007  0.00235467
        1426     1.15406      1.1101  0.00235322
        1427     1.14463     1.11012   0.0023517
        1428     1.13176     1.11014   0.0023501
        1429     1.11627     1.11014  0.00234846
        1430     1.09914     1.11013  0.00234683
        1431     1.08132     1.11011  0.00234527
        1432     1.06368     1.11008  0.00234386
        1433     1.04721     1.11004  0.00234264
        1434     1.03305     1.10998  0.00234162
        1435     1.02242     1.10992  0.00234078
        1436     1.01631     1.10986  0.00234006
        1437     1.01522     1.10979  0.00233936
        1438     1.01901     1.10973  0.00233858
        1439     1.02697     1.10967  0.00233766
        1440       1.038     1.10962  0.00233657
        1441     1.05095     1.10958   0.0023353
        1442     1.06491     1.10955  0.00233389
        1443     1.07926     1.10953  0.00233237
        1444     1.09346     1.10952  0.00233078
        1445     1.10671     1.10951  0.00232916
        1446     1.11783     1.10952  0.00232756
        1447     1.12542     1.10953  0.00232598
        1448     1.12805     1.10954  0.00232441
        1449     1.12464     1.10955  0.00232283
        1450     1.11461     1.10956  0.00232123
        1451      1.0982     1.10955  0.00231964
        1452     1.07667     1.10953  0.00231815
        1453     1.05251     1.10949  0.00231689
        1454     1.02927     1.10943  0.00231595
        1455     1.01092     1.10936  0.00231535
        1456     1.00082     1.10929  0.00231496
        1457     1.00056     1.10922  0.00231457
        1458     1.00943     1.10915    0.002314
        1459     1.02458     1.10909  0.00231314
        1460     1.04183     1.10904  0.00231201
        1461     1.05682     1.10901  0.00231071
        1462      1.0658     1.10898  0.00230931
        1463     1.06617     1.10895  0.00230792
        1464     1.05659     1.10891  0.00230662
        1465     1.03734     1.10886  0.00230557
        1466     1.01081      1.1088  0.00230496
        1467     0.98206     1.10871  0.00230501
        1468     0.95865     1.10861  0.00230571
        1469    0.948582      1.1085  0.00230671
        1470    0.956588      1.1084  0.00230745
        1471    0.981098     1.10831  0.00230751
        1472     1.01494     1.10825  0.00230681
        1473     1.04931     1.10821  0.00230559
        1474     1.07763     1.10819  0.00230412
        1475     1.09718     1.10818  0.00230257
        1476     1.10866     1.10818  0.00230101
        1477       1.115     1.10818  0.00229946
        1478     1.11991     1.10819  0.00229791
        1479      1.1265      1.1082  0.00229639
        1480      1.1361     1.10822  0.00229492
        1481     1.14804     1.10825  0.00229353
        1482     1.16023     1.10828  0.00229225
        1483     1.17025     1.10833  0.00229108
        1484     1.17621     1.10837     0.00229
        1485     1.17709     1.10842  0.00228892
        1486     1.17296     1.10846  0.00228779
        1487     1.16494      1.1085  0.00228657
        1488     1.15493     1.10853  0.00228525
        1489     1.14477     1.10855  0.00228384
        1490      1.1354     1.10857  0.00228238
        1491     1.12668     1.10858  0.00228088
        1492     1.11814     1.10859  0.00227936
        1493     1.10989     1.10859  0.00227783
        1494     1.10288     1.10859  0.00227631
        1495      1.0984     1.10858   0.0022748
        1496     1.09733     1.10857  0.00227329
        1497     1.09945     1.10857  0.00227178
        1498     1.10344     1.10856  0.00227027
        1499     1.10753     1.10856  0.00226875
        1500     1.11028     1.10856  0.00226724
