#     BLOCK:   ACTUAL_TE:    TE_AVE:      ERROR:
           1      -0.472      -0.472           0
           2      -0.536      -0.504   0.0226274
           3      -0.432       -0.48   0.0247296
           4      -0.448      -0.472    0.019799
           5      -0.488     -0.4752   0.0160957
           6      -0.384       -0.46   0.0192988
           7      -0.408   -0.452571   0.0179146
           8      -0.544      -0.464   0.0189737
           9      -0.488   -0.466667   0.0170518
          10       -0.52      -0.472   0.0161592
          11      -0.504   -0.474909   0.0149498
          12      -0.376   -0.466667   0.0158137
          13      -0.344   -0.457231   0.0171834
          14      -0.424   -0.454857   0.0161191
          15      -0.528   -0.459733   0.0157648
          16      -0.408     -0.4565   0.0151074
          17       -0.52   -0.460235   0.0146733
          18      -0.464   -0.460444   0.0138596
          19      -0.376      -0.456   0.0138244
          20      -0.424     -0.4544   0.0132254
          21      -0.456   -0.454476   0.0125959
          22      -0.528   -0.457818   0.0124588
          23      -0.408   -0.455652   0.0121039
          24      -0.392      -0.453   0.0118866
          25      -0.504    -0.45504   0.0115849
          26      -0.496   -0.456615   0.0112459
          27      -0.384   -0.453926   0.0111464
          28      -0.432   -0.453143   0.0107757
          29      -0.408   -0.451586    0.010516
          30      -0.432   -0.450933   0.0101857
          31      -0.448   -0.450839  0.00985758
          32      -0.472     -0.4515  0.00957169
          33      -0.576   -0.455273  0.00999755
          34      -0.432   -0.454588   0.0097269
          35      -0.464   -0.454857  0.00945271
          36      -0.552   -0.457556  0.00956753
          37      -0.504   -0.458811  0.00939094
          38      -0.464   -0.458947   0.0091448
          39      -0.504   -0.460103  0.00898298
          40      -0.432     -0.4594  0.00878584
          41      -0.504   -0.460488  0.00863863
          42      -0.456   -0.460381  0.00843361
          43      -0.448   -0.460093  0.00824239
          44      -0.448   -0.459818  0.00805965
          45       -0.44   -0.459378  0.00789257
          46      -0.528    -0.46087  0.00786071
          47       -0.44   -0.460426  0.00770599
          48      -0.376   -0.458667  0.00774358
          49      -0.432   -0.458122  0.00760464
          50      -0.344    -0.45584  0.00778755
          51      -0.568   -0.458039  0.00793931
          52       -0.48   -0.458462  0.00779786
          53      -0.432   -0.457962  0.00766669
          54        -0.4   -0.456889  0.00759948
          55      -0.392   -0.455709  0.00755234
          56      -0.408   -0.454857  0.00746537
          57      -0.488   -0.455439  0.00735701
          58      -0.568   -0.457379  0.00748176
          59      -0.416   -0.456678  0.00738775
          60      -0.496   -0.457333  0.00729363
          61      -0.424   -0.456787   0.0071945
          62      -0.552   -0.458323  0.00724051
          63      -0.464   -0.458413  0.00712614
          64      -0.456   -0.458375  0.00701489
          65       -0.52   -0.459323  0.00697075
          66      -0.472   -0.459515  0.00686777
          67      -0.536   -0.460657  0.00685949
          68        -0.4   -0.459765  0.00681637
          69       -0.52   -0.460638  0.00677325
          70      -0.544   -0.461829  0.00678037
          71      -0.392   -0.460845  0.00675583
          72      -0.448   -0.460667  0.00666435
          73      -0.448   -0.460493  0.00657532
          74      -0.416   -0.459892  0.00651389
          75      -0.432    -0.45952  0.00643765
          76      -0.416   -0.458947  0.00637836
          77      -0.576   -0.460468  0.00647414
          78      -0.416   -0.459897  0.00641619
          79      -0.424   -0.459443  0.00635104
          80       -0.36     -0.4582  0.00639214
          81      -0.336   -0.456691  0.00648882
          82      -0.432    -0.45639  0.00641667
          83      -0.528   -0.457253   0.0063971
          84      -0.352      -0.456  0.00644249
          85      -0.344   -0.454682  0.00650004
          86      -0.368   -0.453674  0.00650214
          87       -0.44   -0.453517   0.0064293
          88      -0.496      -0.454  0.00637434
          89      -0.456   -0.454022  0.00630276
          90      -0.496   -0.454489  0.00624996
          91      -0.536   -0.455385  0.00624514
          92      -0.384   -0.454609  0.00622527
          93      -0.432   -0.454366  0.00616308
          94      -0.408   -0.453872  0.00611722
          95       -0.52   -0.454568   0.0060923
          96      -0.464   -0.454667  0.00602963
          97      -0.448   -0.454598  0.00596786
          98      -0.488   -0.454939  0.00591669
          99      -0.496   -0.455354  0.00587145
         100      -0.424    -0.45504   0.0058211
         101      -0.488   -0.455366   0.0057726
         102      -0.584   -0.456627  0.00585214
         103      -0.456   -0.456621  0.00579533
         104       -0.52   -0.457231  0.00577156
         105      -0.488   -0.457524  0.00572402
         106      -0.504   -0.457962  0.00568679
         107      -0.384   -0.457271   0.0056755
         108      -0.472   -0.457407  0.00562459
         109      -0.488   -0.457688  0.00557998
         110        -0.6   -0.458982  0.00567726
         111       -0.48   -0.459171  0.00562927
         112       -0.44      -0.459  0.00558161
         113        -0.4   -0.458478  0.00555658
         114       -0.48   -0.458667  0.00551104
         115       -0.48   -0.458852  0.00546624
         116      -0.552   -0.459655  0.00547778
         117      -0.512   -0.460103   0.0054492
         118      -0.408   -0.459661  0.00542088
         119       -0.44   -0.459496  0.00537785
         120       -0.64      -0.461   0.0055394
         121      -0.464   -0.461025  0.00549368
         122      -0.448   -0.460918  0.00544969
         123      -0.344   -0.459967  0.00548765
         124      -0.528   -0.460516  0.00547076
         125      -0.472   -0.460608  0.00542776
         126      -0.392   -0.460063  0.00541193
         127      -0.496   -0.460346  0.00537671
         128      -0.464   -0.460375  0.00533478
         129      -0.496   -0.460651  0.00530056
         130      -0.416   -0.460308  0.00527091
         131      -0.496    -0.46058  0.00523771
         132      -0.408   -0.460182  0.00521315
         133      -0.344   -0.459308  0.00524664
         134      -0.496   -0.459582  0.00521462
         135       -0.56   -0.460326  0.00522878
         136      -0.552      -0.461   0.0052336
         137       -0.44   -0.460847  0.00519764
         138      -0.448   -0.460754  0.00516081
         139      -0.416   -0.460432  0.00513372
         140      -0.456     -0.4604  0.00509715
         141      -0.352   -0.459631  0.00511865
         142      -0.416   -0.459324  0.00509181
         143       -0.52   -0.459748  0.00507385
         144      -0.544   -0.460333  0.00507224
         145      -0.376   -0.459752   0.0050705
         146      -0.408   -0.459397  0.00504814
         147      -0.496   -0.459646  0.00501994
         148      -0.464   -0.459676   0.0049861
         149       -0.52   -0.460081  0.00496905
         150      -0.376    -0.45952  0.00496744
         151      -0.432   -0.459338  0.00493788
         152      -0.368   -0.458737  0.00494183
         153       -0.44   -0.458614  0.00491104
         154      -0.368   -0.458026  0.00491428
         155      -0.424   -0.457806  0.00488747
         156      -0.432   -0.457641  0.00485894
         157      -0.376   -0.457121  0.00485574
         158      -0.512   -0.457468  0.00483741
         159       -0.52   -0.457862  0.00482295
         160      -0.456    -0.45785  0.00479282
         161        -0.4   -0.457491   0.0047765
         162      -0.424   -0.457284  0.00475149
         163      -0.416   -0.457031  0.00472908
         164      -0.384   -0.456585  0.00472117
         165      -0.472   -0.456679  0.00469348
         166       -0.36   -0.456096   0.0047012
         167      -0.392   -0.455713  0.00468869
         168      -0.432   -0.455571   0.0046629
         169      -0.464   -0.455621  0.00463558
         170       -0.48   -0.455765  0.00461053
         171      -0.464   -0.455813  0.00458382
         172       -0.48   -0.455953  0.00455932
         173       -0.48   -0.456092  0.00453509
         174      -0.464   -0.456138  0.00450925
         175      -0.464   -0.456183  0.00448371
         176      -0.408   -0.455909  0.00446658
         177       -0.48   -0.456045  0.00444342
         178      -0.512    -0.45636  0.00442956
         179      -0.384   -0.455955  0.00442323
         180      -0.352   -0.455378  0.00443619
         181      -0.488   -0.455558  0.00441535
         182      -0.504   -0.455824   0.0043991
         183      -0.544   -0.456306  0.00440137
         184       -0.52   -0.456652  0.00439104
         185      -0.528   -0.457038  0.00438421
         186      -0.528   -0.457419  0.00437721
         187      -0.432   -0.457283  0.00435591
         188      -0.456   -0.457277  0.00433275
         189        -0.4   -0.456974  0.00432041
         190      -0.432   -0.456842  0.00429967
         191      -0.544   -0.457298   0.0043013
         192      -0.376   -0.456875  0.00429969
         193      -0.416   -0.456663  0.00428262
         194      -0.432   -0.456536  0.00426244
         195      -0.448   -0.456492   0.0042408
         196      -0.432   -0.456367  0.00422101
         197      -0.424   -0.456203  0.00420278
         198      -0.576   -0.456808  0.00422488
         199      -0.504   -0.457045   0.0042103
         200      -0.592    -0.45772  0.00424297
         201      -0.368   -0.457274  0.00424528
         202      -0.424   -0.457109  0.00422745
         203      -0.512   -0.457379  0.00421527
         204      -0.464   -0.457412  0.00419473
         205      -0.496     -0.4576  0.00417849
         206      -0.424   -0.457437  0.00416139
         207        -0.4   -0.457159  0.00415053
         208      -0.432   -0.457038  0.00413233
         209      -0.344   -0.456498   0.0041478
         210      -0.416   -0.456305  0.00413253
         211       -0.48   -0.456417  0.00411447
         212      -0.408   -0.456189   0.0041014
         213      -0.416      -0.456  0.00408648
         214      -0.528   -0.456336  0.00408121
         215      -0.464   -0.456372  0.00406239
         216       -0.52   -0.456667  0.00405424
         217      -0.392   -0.456369   0.0040465
         218        -0.4    -0.45611  0.00403619
         219      -0.296   -0.455379  0.00408344
         220      -0.448   -0.455345  0.00406501
         221      -0.376   -0.454986  0.00406244
         222      -0.488   -0.455135  0.00404687
         223      -0.544   -0.455534  0.00404829
         224      -0.408   -0.455321  0.00403578
         225      -0.424   -0.455182  0.00402024
         226        -0.4   -0.454938  0.00400986
         227      -0.504   -0.455154  0.00399801
         228      -0.416   -0.454982  0.00398417
         229      -0.416   -0.454812   0.0039704
         230      -0.552   -0.455235  0.00397556
         231      -0.448   -0.455203  0.00395847
         232        -0.4   -0.454966  0.00394856
         233      -0.488   -0.455107  0.00393416
         234      -0.368   -0.454735  0.00393491
         235      -0.448   -0.454706  0.00391827
         236      -0.528   -0.455017  0.00391396
         237       -0.44   -0.454954  0.00389796
         238      -0.576   -0.455462  0.00391462
         239      -0.448   -0.455431  0.00389837
         240      -0.416   -0.455267  0.00388558
         241      -0.456    -0.45527  0.00386946
         242      -0.512   -0.455504  0.00386057
         243      -0.384    -0.45521  0.00385588
         244       -0.48   -0.455311  0.00384141
         245      -0.384    -0.45502  0.00383675
         246      -0.456   -0.455024  0.00382115
         247      -0.448   -0.454996  0.00380579
         248      -0.464   -0.455032  0.00379061
         249       -0.48   -0.455133  0.00377672
         250      -0.472     -0.4552  0.00376221
         251      -0.464   -0.455235  0.00374739
         252      -0.416   -0.455079  0.00373575
         253      -0.504   -0.455273  0.00372598
         254       -0.52   -0.455528  0.00372002
         255      -0.448   -0.455498  0.00370555
         256      -0.464   -0.455531  0.00369122
         257      -0.544   -0.455875  0.00369288
         258      -0.512   -0.456093  0.00368496
         259      -0.416   -0.455938  0.00367399
         260       -0.52   -0.456185  0.00366811
         261      -0.552   -0.456552  0.00367238
         262      -0.488   -0.456672  0.00366032
         263      -0.368   -0.456335   0.0036619
         264      -0.472   -0.456394  0.00364851
         265      -0.544   -0.456725  0.00364969
         266       -0.48   -0.456812  0.00363702
         267      -0.496   -0.456959  0.00362636
         268      -0.384   -0.456687  0.00362303
         269       -0.48   -0.456773   0.0036106
         270      -0.496   -0.456919  0.00360015
         271      -0.464   -0.456945  0.00358696
         272      -0.568   -0.457353  0.00359693
         273      -0.528   -0.457612  0.00359305
         274      -0.464   -0.457635  0.00358001
         275      -0.408   -0.457455  0.00357154
         276       -0.44   -0.457391  0.00355916
         277      -0.456   -0.457386  0.00354632
         278      -0.488   -0.457496  0.00353527
         279      -0.544   -0.457806  0.00353617
         280      -0.576   -0.458229  0.00354864
         281       -0.44   -0.458164  0.00353661
         282      -0.504   -0.458326   0.0035278
         283      -0.448    -0.45829  0.00351552
         284      -0.448   -0.458254  0.00350333
         285      -0.544   -0.458554  0.00350393
         286      -0.456   -0.458545  0.00349169
         287      -0.424   -0.458425   0.0034816
         288      -0.456   -0.458417  0.00346952
         289      -0.472   -0.458464  0.00345784
         290      -0.384   -0.458207  0.00345543
         291      -0.416   -0.458062   0.0034466
         292      -0.504   -0.458219  0.00343839
         293      -0.584   -0.458648  0.00345335
         294       -0.44   -0.458585  0.00344218
         295        -0.4   -0.458386  0.00343624
         296      -0.432   -0.458297  0.00342579
         297        -0.4   -0.458101  0.00341987
         298      -0.472   -0.458148  0.00340871
         299      -0.384     -0.4579  0.00340632
         300      -0.464    -0.45792  0.00339503
         301      -0.528   -0.458153  0.00339172
         302       -0.52   -0.458358  0.00338667
         303      -0.432   -0.458271  0.00337661
         304      -0.424   -0.458158  0.00336738
         305      -0.448   -0.458125   0.0033565
         306       -0.44   -0.458065  0.00334606
         307      -0.432    -0.45798  0.00333624
         308      -0.536   -0.458234  0.00333501
         309       -0.48   -0.458304  0.00332496
         310      -0.472   -0.458348  0.00331453
         311      -0.432   -0.458264  0.00330495
         312      -0.504    -0.45841  0.00329761
         313      -0.336   -0.458019  0.00331018
         314       -0.48   -0.458089  0.00330038
         315        -0.4   -0.457905  0.00329505
         316       -0.48   -0.457975  0.00328536
         317        -0.4   -0.457792  0.00328009
         318      -0.456   -0.457786  0.00326978
         319      -0.544   -0.458056  0.00327068
         320      -0.432   -0.457975  0.00326147
         321      -0.392   -0.457769  0.00325778
         322      -0.504   -0.457913  0.00325082
         323      -0.456   -0.457907  0.00324076
         324      -0.496   -0.458025  0.00323289
         325       -0.52   -0.458215  0.00322857
         326      -0.384   -0.457988  0.00322668
         327      -0.464   -0.458006  0.00321686
         328      -0.488   -0.458098  0.00320836
         329      -0.392   -0.457897  0.00320489
         330      -0.464   -0.457915  0.00319523
         331      -0.512   -0.458079  0.00318975
         332      -0.424   -0.457976  0.00318179
         333      -0.472   -0.458018  0.00317252
         334      -0.448   -0.457988  0.00316316
         335      -0.576    -0.45834  0.00317328
         336      -0.488   -0.458429  0.00316506
         337       -0.44   -0.458374  0.00315614
         338      -0.376    -0.45813   0.0031562
         339       -0.52   -0.458313  0.00315216
         340      -0.504   -0.458447  0.00314575
         341      -0.608   -0.458886  0.00316695
         342      -0.552   -0.459158  0.00316937
         343       -0.44   -0.459102  0.00316062
         344      -0.472    -0.45914  0.00315166
         345      -0.464   -0.459154  0.00314255
         346      -0.392    -0.45896  0.00313946
         347      -0.408   -0.458813  0.00313384
         348       -0.52   -0.458989  0.00312977
         349      -0.464   -0.459003  0.00312083
         350      -0.416    -0.45888  0.00311433
         351      -0.472   -0.458917  0.00310569
         352      -0.456   -0.458909  0.00309687
         353      -0.488   -0.458992   0.0030892
         354      -0.568   -0.459299  0.00309578
         355      -0.472   -0.459335  0.00308727
         356       -0.44   -0.459281  0.00307907
         357      -0.384    -0.45907  0.00307766
         358      -0.424   -0.458972  0.00307062
         359      -0.512    -0.45912  0.00306562
         360      -0.512   -0.459267  0.00306062
         361      -0.432   -0.459191  0.00305307
         362      -0.496   -0.459293  0.00304633
         363      -0.488   -0.459372  0.00303897
         364      -0.432   -0.459297  0.00303155
         365      -0.496   -0.459397  0.00302491
         366       -0.44   -0.459344  0.00301711
         367      -0.456   -0.459335   0.0030089
         368      -0.488   -0.459413  0.00300173
         369      -0.512   -0.459556  0.00299698
         370      -0.456   -0.459546   0.0029889
         371      -0.392   -0.459364  0.00298638
         372      -0.424   -0.459269  0.00297986
         373       -0.44   -0.459217  0.00297232
         374       -0.48   -0.459273  0.00296489
         375      -0.408   -0.459136  0.00296014
         376      -0.464   -0.459149  0.00295229
         377      -0.352   -0.458865  0.00295811
         378      -0.416   -0.458751  0.00295246
         379      -0.544   -0.458976  0.00295323
         380      -0.568   -0.459263  0.00295936
         381      -0.464   -0.459276  0.00295162
         382      -0.464   -0.459288  0.00294392
         383      -0.408   -0.459154  0.00293927
         384       -0.48   -0.459208  0.00293212
         385      -0.392   -0.459034   0.0029297
         386      -0.288   -0.458591  0.00295542
         387      -0.416   -0.458481  0.00294983
         388      -0.448   -0.458454  0.00294236
         389       -0.48   -0.458509  0.00293531
         390      -0.512   -0.458646  0.00293099
         391      -0.544   -0.458864  0.00293161
         392      -0.504    -0.45898  0.00292639
         393      -0.504   -0.459094  0.00292119
         394      -0.408   -0.458964  0.00291665
         395      -0.368   -0.458734  0.00291834
         396      -0.456   -0.458727  0.00291098
         397       -0.44    -0.45868  0.00290403
         398      -0.488   -0.458754  0.00289767
         399      -0.496   -0.458847  0.00289191
         400      -0.392    -0.45868  0.00288951
         401       -0.56   -0.458933  0.00289333
         402      -0.512   -0.459065  0.00288914
         403      -0.456   -0.459057  0.00288198
         404      -0.488   -0.459129  0.00287574
         405       -0.52   -0.459279  0.00287256
         406        -0.6   -0.459626  0.00288632
         407      -0.432   -0.459558  0.00288003
         408      -0.376   -0.459353  0.00288024
         409      -0.472   -0.459384  0.00287336
         410       -0.56   -0.459629  0.00287682
         411      -0.544   -0.459835  0.00287713
         412      -0.392    -0.45967  0.00287486
         413      -0.464    -0.45968  0.00286791
         414       -0.52   -0.459826  0.00286468
         415       -0.48   -0.459875  0.00285819
         416       -0.52   -0.460019  0.00285498
         417      -0.432   -0.459952  0.00284892
         418      -0.496   -0.460038  0.00284341
         419      -0.552   -0.460258  0.00284508
         420       -0.44    -0.46021  0.00283872
         421        -0.4   -0.460067  0.00283557
         422      -0.448   -0.460038    0.002829
         423      -0.448   -0.460009  0.00282245
         424      -0.536   -0.460189  0.00282148
         425       -0.36   -0.459953  0.00282467
         426      -0.368   -0.459737  0.00282628
         427      -0.448    -0.45971  0.00281979
         428      -0.408   -0.459589  0.00281579
         429      -0.496   -0.459674  0.00281051
         430      -0.464   -0.459684  0.00280399
         431      -0.408   -0.459564  0.00280005
         432       -0.44   -0.459519  0.00279393
         433      -0.448   -0.459492   0.0027876
         434       -0.52   -0.459631  0.00278467
         435      -0.424   -0.459549  0.00277947
         436      -0.584   -0.459835  0.00278771
         437      -0.432   -0.459771  0.00278206
         438      -0.496   -0.459854  0.00277694
         439      -0.528   -0.460009  0.00277495
         440      -0.528   -0.460164  0.00277294
         441      -0.456   -0.460154  0.00276667
         442      -0.408   -0.460036  0.00276292
         443      -0.472   -0.460063  0.00275682
         444      -0.424   -0.459982  0.00275181
         445      -0.592   -0.460279  0.00276157
         446      -0.448   -0.460251  0.00275551
         447      -0.472   -0.460277  0.00274947
         448      -0.544   -0.460464  0.00274968
         449      -0.456   -0.460454  0.00274357
         450      -0.408   -0.460338  0.00273995
         451      -0.392   -0.460186  0.00273806
         452      -0.488   -0.460248   0.0027327
         453      -0.536   -0.460415  0.00273178
         454      -0.472   -0.460441  0.00272588
         455      -0.552   -0.460642  0.00272731
         456       -0.48   -0.460684  0.00272166
         457      -0.528   -0.460832  0.00271968
         458      -0.512   -0.460943  0.00271604
         459       -0.36   -0.460723  0.00271901
         460      -0.424   -0.460643  0.00271427
         461      -0.496    -0.46072  0.00270947
         462      -0.392   -0.460571  0.00270768
         463      -0.408   -0.460458  0.00270421
         464       -0.48     -0.4605  0.00269871
         465      -0.456    -0.46049  0.00269293
         466      -0.488   -0.460549  0.00268779
         467      -0.536   -0.460711  0.00268689
         468      -0.552   -0.460906  0.00268822
         469      -0.344   -0.460657  0.00269402
         470      -0.448    -0.46063  0.00268842
         471      -0.472   -0.460654  0.00268282
         472      -0.432   -0.460593  0.00267783
         473      -0.344   -0.460347  0.00268349
         474      -0.464   -0.460354  0.00267784
         475      -0.384   -0.460194  0.00267702
         476      -0.464   -0.460202  0.00267141
         477      -0.568   -0.460428  0.00267535
         478      -0.488   -0.460485  0.00267037
         479       -0.44   -0.460443  0.00266514
         480      -0.472   -0.460467   0.0026597
         481      -0.544    -0.46064  0.00265983
         482      -0.336   -0.460382  0.00266685
         483      -0.368    -0.46019  0.00266818
         484      -0.544   -0.460364  0.00266828
         485      -0.392   -0.460223   0.0026665
         486      -0.408   -0.460115  0.00266318
         487      -0.536   -0.460271  0.00266227
         488      -0.528    -0.46041  0.00266042
         489      -0.488   -0.460466  0.00265558
         490      -0.464   -0.460473  0.00265017
         491      -0.424   -0.460399  0.00264582
         492      -0.376   -0.460228  0.00264599
         493      -0.536   -0.460381  0.00264509
         494      -0.496   -0.460453  0.00264071
         495        -0.4   -0.460331   0.0026382
         496       -0.44    -0.46029   0.0026332
         497      -0.464   -0.460298  0.00262791
         498      -0.368   -0.460112  0.00262916
         499      -0.392   -0.459976  0.00262744
         500      -0.448   -0.459952  0.00262229
         501      -0.408   -0.459848  0.00261911
         502      -0.416   -0.459761  0.00261535
         503      -0.464   -0.459769  0.00261016
         504      -0.496   -0.459841  0.00260597
         505      -0.384   -0.459691  0.00260513
         506      -0.416   -0.459605  0.00260142
         507       -0.44   -0.459566  0.00259657
         508      -0.512   -0.459669  0.00259351
         509      -0.344   -0.459442  0.00259835
         510       -0.48   -0.459482  0.00259357
         511       -0.44   -0.459444  0.00258878
         512       -0.48   -0.459484  0.00258403
         513      -0.552   -0.459665  0.00258528
         514       -0.52   -0.459782  0.00258291
         515      -0.488   -0.459837  0.00257848
         516      -0.472    -0.45986  0.00257359
         517      -0.448   -0.459838  0.00256871
         518      -0.408   -0.459737   0.0025657
         519       -0.48   -0.459776  0.00256106
         520      -0.424   -0.459708  0.00255706
         521      -0.352   -0.459501  0.00256049
         522      -0.496   -0.459571  0.00255654
         523      -0.608   -0.459855  0.00256736
         524       -0.56   -0.460046  0.00256956
         525      -0.424   -0.459977  0.00256558
         526      -0.488    -0.46003  0.00256126
         527      -0.592   -0.460281  0.00256861
         528       -0.44   -0.460242  0.00256403
         529      -0.496    -0.46031  0.00256008
         530      -0.424   -0.460242  0.00255616
         531      -0.368   -0.460068  0.00255725
         532       -0.52    -0.46018  0.00255492
         533      -0.512   -0.460278  0.00255197
         534      -0.424    -0.46021   0.0025481
         535      -0.384   -0.460067  0.00254732
         536      -0.408    -0.45997  0.00254441
         537      -0.432   -0.459918  0.00254021
         538       -0.48   -0.459955  0.00253576
         539      -0.504   -0.460037  0.00253237
         540      -0.536   -0.460178  0.00253159
         541      -0.432   -0.460126  0.00252744
         542      -0.464   -0.460133  0.00252279
         543       -0.48   -0.460169  0.00251841
         544      -0.512   -0.460265  0.00251558
         545       -0.56   -0.460448  0.00251761
         546      -0.408   -0.460352  0.00251484
         547      -0.464   -0.460358  0.00251025
         548      -0.432   -0.460307   0.0025062
         549      -0.488   -0.460357  0.00250214
         550      -0.496   -0.460422  0.00249843
         551      -0.472   -0.460443  0.00249399
         552      -0.608    -0.46071  0.00250375
         553      -0.456   -0.460702  0.00249924
         554       -0.52   -0.460809  0.00249702
         555      -0.296   -0.460512  0.00251012
         556      -0.456   -0.460504  0.00250561
         557      -0.408   -0.460409  0.00250289
         558      -0.432   -0.460358  0.00249892
         559       -0.36   -0.460179  0.00250089
         560      -0.552   -0.460343  0.00250179
         561      -0.456   -0.460335  0.00249735
         562       -0.44   -0.460299  0.00249316
         563       -0.44   -0.460263    0.002489
         564      -0.472   -0.460284  0.00248467
         565      -0.448   -0.460262  0.00248037
         566       -0.44   -0.460226  0.00247624
         567      -0.512   -0.460317  0.00247356
         568       -0.44   -0.460282  0.00246946
         569      -0.456   -0.460274  0.00246514
         570      -0.512   -0.460365  0.00246248
         571      -0.424   -0.460301  0.00245899
         572      -0.448    -0.46028  0.00245479
         573      -0.496   -0.460342  0.00245129
         574      -0.464   -0.460348  0.00244703
         575      -0.496    -0.46041  0.00244356
         576      -0.376   -0.460264  0.00244371
         577      -0.472   -0.460284  0.00243956
         578      -0.464   -0.460291  0.00243535
         579       -0.44   -0.460256  0.00243139
         580      -0.512   -0.460345  0.00242884
         581       -0.44    -0.46031  0.00242491
         582      -0.416   -0.460234  0.00242194
         583       -0.52   -0.460336  0.00241995
         584      -0.512   -0.460425  0.00241742
         585      -0.504   -0.460499  0.00241444
         586       -0.48   -0.460532  0.00241055
         587      -0.424    -0.46047  0.00240724
         588      -0.456   -0.460463  0.00240316
         589       -0.48   -0.460496  0.00239931
         590      -0.392    -0.46038  0.00239805
         591       -0.48   -0.460413  0.00239422
         592      -0.456   -0.460405  0.00239019
         593      -0.504   -0.460479  0.00238729
         594      -0.592     -0.4607  0.00239352
         595       -0.44   -0.460666  0.00238975
         596      -0.432   -0.460617  0.00238622
         597        -0.4   -0.460516  0.00238438
         598      -0.408   -0.460428  0.00238201
         599      -0.616   -0.460688  0.00239215
         600      -0.496   -0.460747  0.00238889
         601      -0.504   -0.460819    0.002386
         602      -0.544   -0.460957  0.00238603
         603       -0.48   -0.460988  0.00238229
         604      -0.472   -0.461007  0.00237841
         605      -0.512   -0.461091  0.00237597
         606      -0.432   -0.461043  0.00237254
         607      -0.344    -0.46085  0.00237645
         608       -0.36   -0.460684  0.00237833
         609        -0.4   -0.460585  0.00237651
         610      -0.448   -0.460564   0.0023727
         611      -0.376   -0.460426  0.00237285
         612      -0.408    -0.46034  0.00237052
         613      -0.384   -0.460215  0.00236992
         614      -0.504   -0.460287  0.00236713
         615      -0.528   -0.460397  0.00236584
         616      -0.472   -0.460416  0.00236208
         617      -0.424   -0.460357  0.00235899
         618      -0.432   -0.460311  0.00235562
         619      -0.496   -0.460368  0.00235252
         620       -0.44   -0.460335  0.00234895
         621      -0.464   -0.460341  0.00234518
         622      -0.416    -0.46027  0.00234249
         623      -0.472   -0.460289   0.0023388
         624      -0.552   -0.460436  0.00233967
         625      -0.456   -0.460429  0.00233594
         626      -0.568   -0.460601  0.00233852
         627       -0.48   -0.460632  0.00233499
         628      -0.576   -0.460815  0.00233849
         629      -0.536   -0.460935  0.00233782
         630      -0.608   -0.461168  0.00234574
         631      -0.568   -0.461338  0.00234812
         632      -0.544   -0.461468  0.00234805
         633       -0.56   -0.461624  0.00234949
         634      -0.384   -0.461502  0.00234898
         635      -0.472   -0.461518  0.00234533
         636      -0.448   -0.461497  0.00234174
         637      -0.472   -0.461513  0.00233812
         638      -0.432   -0.461467  0.00233492
         639      -0.384   -0.461346  0.00233441
         640       -0.44   -0.461312    0.002331
         641        -0.4   -0.461217  0.00232932
         642       -0.56   -0.461371  0.00233077
         643      -0.432   -0.461325   0.0023276
         644      -0.472   -0.461342  0.00232404
         645      -0.568   -0.461507  0.00232631
         646      -0.456   -0.461498  0.00232273
         647       -0.48   -0.461527  0.00231931
         648       -0.48   -0.461556  0.00231591
         649       -0.52   -0.461646  0.00231409
         650       -0.56   -0.461797  0.00231547
         651      -0.496   -0.461849  0.00231251
         652      -0.464   -0.461853  0.00230897
         653      -0.592   -0.462052  0.00231402
         654      -0.376    -0.46192  0.00231422
         655      -0.528   -0.462021  0.00231288
         656      -0.576   -0.462195  0.00231587
         657      -0.488   -0.462234  0.00231268
         658      -0.488   -0.462274   0.0023095
         659      -0.496   -0.462325  0.00230656
         660       -0.52   -0.462412  0.00230472
         661      -0.544   -0.462536  0.00230454
         662      -0.504   -0.462598  0.00230191
         663      -0.464     -0.4626  0.00229844
         664       -0.52   -0.462687   0.0022966
         665      -0.448   -0.462665  0.00229325
         666      -0.496   -0.462715  0.00229035
         667      -0.408   -0.462633  0.00228839
         668      -0.464   -0.462635  0.00228496
         669      -0.536   -0.462744  0.00228418
         670       -0.48    -0.46277  0.00228091
         671       -0.48   -0.462796  0.00227766
         672       -0.32   -0.462583  0.00228416
         673      -0.432   -0.462538  0.00228122
         674      -0.432   -0.462493  0.00227828
         675      -0.472   -0.462507  0.00227495
         676      -0.448   -0.462485  0.00227169
         677       -0.44   -0.462452  0.00226858
         678       -0.44   -0.462419  0.00226547
         679      -0.416   -0.462351  0.00226317
         680      -0.544   -0.462471  0.00226302
         681      -0.456   -0.462461  0.00225972
         682        -0.4    -0.46237  0.00225826
         683        -0.4   -0.462278   0.0022568
         684       -0.44   -0.462246  0.00225373
         685      -0.464   -0.462248  0.00225045
         686      -0.528   -0.462344  0.00224921
         687      -0.376   -0.462218  0.00224944
         688      -0.368   -0.462081  0.00225034
         689      -0.576   -0.462247  0.00225314
         690      -0.472   -0.462261  0.00224991
         691      -0.416   -0.462194  0.00224765
         692      -0.384   -0.462081  0.00224724
         693      -0.448   -0.462061  0.00224409
         694      -0.472   -0.462075  0.00224091
         695      -0.528    -0.46217  0.00223969
         696       -0.52   -0.462253  0.00223801
         697      -0.528   -0.462347  0.00223679
         698      -0.552   -0.462476  0.00223727
         699      -0.416   -0.462409  0.00223505
         700      -0.488   -0.462446  0.00223216
         701      -0.336   -0.462265  0.00223625
         702      -0.528   -0.462359  0.00223503
         703      -0.416   -0.462293  0.00223282
         704       -0.48   -0.462318  0.00222979
         705      -0.456   -0.462309  0.00222665
         706      -0.544   -0.462425   0.0022265
         707      -0.512   -0.462495  0.00222445
         708      -0.504   -0.462554  0.00222208
         709       -0.48   -0.462578  0.00221908
         710       -0.48   -0.462603  0.00221609
         711      -0.472   -0.462616  0.00221302
         712       -0.56   -0.462753  0.00221413
         713      -0.448   -0.462732  0.00221112
         714      -0.496   -0.462779  0.00220852
         715      -0.528    -0.46287  0.00220731
         716      -0.472   -0.462883  0.00220426
         717      -0.416   -0.462817  0.00220216
         718       -0.48   -0.462841  0.00219922
         719      -0.448   -0.462821  0.00219626
         720      -0.552   -0.462944   0.0021967
         721       -0.44   -0.462913  0.00219388
         722      -0.456   -0.462903  0.00219087
         723      -0.648   -0.463159  0.00220274
         724       -0.48   -0.463182  0.00219982
         725      -0.432   -0.463139  0.00219721
         726      -0.344   -0.462975   0.0022003
         727      -0.448   -0.462955  0.00219737
         728      -0.472   -0.462967  0.00219439
         729       -0.48    -0.46299   0.0021915
         730       -0.48   -0.463014  0.00218863
         731      -0.504    -0.46307  0.00218635
         732      -0.576   -0.463224   0.0021888
         733      -0.536   -0.463323  0.00218806
         734       -0.48   -0.463346   0.0021852
         735      -0.528   -0.463434    0.002184
         736      -0.464   -0.463435  0.00218103
         737      -0.328   -0.463251   0.0021858
         738      -0.408   -0.463176  0.00218412
         739      -0.496   -0.463221  0.00218161
         740       -0.48   -0.463243  0.00217878
         741       -0.52    -0.46332  0.00217719
         742      -0.408   -0.463245  0.00217553
         743      -0.488   -0.463279  0.00217286
         744      -0.432   -0.463237  0.00217034
         745      -0.544   -0.463345  0.00217014
         746      -0.416   -0.463282  0.00216816
         747       -0.48   -0.463304  0.00216537
         748        -0.4   -0.463219  0.00216413
         749        -0.4   -0.463135  0.00216288
         750      -0.424   -0.463083  0.00216063
         751       -0.44   -0.463052  0.00215797
         752      -0.464   -0.463053   0.0021551
         753      -0.376   -0.462938  0.00215534
         754      -0.448   -0.462918  0.00215257
         755      -0.472    -0.46293  0.00214975
         756      -0.496   -0.462974  0.00214735
         757      -0.416   -0.462911  0.00214541
         758      -0.544   -0.463018  0.00214525
         759       -0.52   -0.463094  0.00214374
         760      -0.488   -0.463126  0.00214117
         761      -0.448   -0.463106  0.00213844
         762      -0.488   -0.463139  0.00213589
         763      -0.488   -0.463172  0.00213334
         764      -0.376   -0.463058  0.00213359
         765      -0.464   -0.463059   0.0021308
         766      -0.408   -0.462987  0.00212924
         767      -0.344   -0.462832   0.0021321
         768      -0.448   -0.462812  0.00212941
         769      -0.472   -0.462824  0.00212668
         770      -0.448   -0.462805    0.002124
         771      -0.416   -0.462744  0.00212212
         772      -0.472   -0.462756   0.0021194
         773      -0.432   -0.462717  0.00211703
         774       -0.44   -0.462687   0.0021145
         775      -0.424   -0.462637  0.00211236
         776      -0.432   -0.462598  0.00211001
         777       -0.52   -0.462672  0.00210859
         778      -0.376    -0.46256  0.00210882
         779      -0.432   -0.462521  0.00210647
         780      -0.544   -0.462626  0.00210636
         781      -0.408   -0.462556  0.00210483
         782       -0.44   -0.462527  0.00210233
         783       -0.48   -0.462549  0.00209977
         784       -0.52   -0.462622  0.00209837
         785        -0.4   -0.462543  0.00209721
         786      -0.424   -0.462494  0.00209511
         787      -0.496   -0.462536  0.00209288
         788      -0.472   -0.462548  0.00209026
         789      -0.504   -0.462601  0.00208827
         790      -0.472   -0.462613  0.00208566
         791      -0.456   -0.462604  0.00208304
         792      -0.496   -0.462646  0.00208084
         793      -0.536   -0.462739  0.00208027
         794      -0.456    -0.46273  0.00207767
         795      -0.464   -0.462732  0.00207506
         796      -0.432   -0.462693  0.00207281
         797      -0.528   -0.462775  0.00207183
         798      -0.608   -0.462957  0.00207721
         799      -0.456   -0.462949  0.00207463
         800        -0.4    -0.46287  0.00207352
         801      -0.408   -0.462801  0.00207207
         802      -0.464   -0.462803  0.00206948
         803       -0.56   -0.462924  0.00207044
         804      -0.384   -0.462826  0.00207019
         805      -0.504   -0.462877  0.00206825
         806      -0.504   -0.462928  0.00206632
         807      -0.384    -0.46283  0.00206607
         808      -0.488   -0.462861  0.00206375
         809      -0.448   -0.462843  0.00206128
         810      -0.448   -0.462825  0.00205882
         811      -0.464   -0.462826  0.00205628
         812       -0.44   -0.462798  0.00205394
         813      -0.456    -0.46279  0.00205143
         814      -0.408   -0.462722  0.00205001
         815      -0.416   -0.462665   0.0020483
         816      -0.552   -0.462775  0.00204871
         817      -0.488   -0.462805  0.00204644
         818      -0.384   -0.462709   0.0020462
         819      -0.464   -0.462711   0.0020437
         820      -0.472   -0.462722  0.00204124
         821      -0.504   -0.462772  0.00203937
         822      -0.416   -0.462715  0.00203769
         823      -0.456   -0.462707  0.00203523
         824      -0.464   -0.462709  0.00203276
         825      -0.568   -0.462836   0.0020343
         826       -0.52   -0.462906  0.00203301
         827      -0.392    -0.46282  0.00203236
         828      -0.528   -0.462899  0.00203143
         829      -0.424   -0.462852  0.00202952
         830      -0.456   -0.462843  0.00202709
         831      -0.344     -0.4627  0.00202969
         832      -0.376   -0.462596  0.00202993
         833      -0.392   -0.462511  0.00202926
         834       -0.44   -0.462484    0.002027
         835      -0.528   -0.462563  0.00202609
         836      -0.464   -0.462565  0.00202367
         837      -0.336   -0.462413  0.00202689
         838      -0.464   -0.462415  0.00202448
         839      -0.456   -0.462408  0.00202208
         840      -0.392   -0.462324  0.00202141
         841       -0.44   -0.462297  0.00201918
         842       -0.52   -0.462366  0.00201794
         843      -0.488   -0.462396  0.00201578
         844      -0.472   -0.462408  0.00201342
         845      -0.488   -0.462438  0.00201127
         846      -0.328   -0.462279  0.00201516
         847      -0.312   -0.462102  0.00202057
         848      -0.464   -0.462104  0.00201819
         849       -0.48   -0.462125  0.00201593
         850      -0.424    -0.46208  0.00201405
         851       -0.56   -0.462195  0.00201497
         852       -0.48   -0.462216  0.00201271
         853      -0.416   -0.462162  0.00201108
         854      -0.448   -0.462145   0.0020088
         855      -0.472   -0.462157  0.00200648
         856      -0.432   -0.462121  0.00200445
         857      -0.408   -0.462058   0.0020031
         858      -0.432   -0.462023  0.00200107
         859      -0.472   -0.462035  0.00199878
         860      -0.432      -0.462  0.00199676
         861      -0.432   -0.461965  0.00199474
         862      -0.408   -0.461903  0.00199341
         863      -0.392   -0.461822  0.00199275
         864      -0.448   -0.461806   0.0019905
         865      -0.456   -0.461799  0.00198821
         866      -0.504   -0.461848  0.00198652
         867      -0.456   -0.461841  0.00198424
         868      -0.376   -0.461742  0.00198441
         869       -0.52   -0.461809  0.00198326
         870      -0.408   -0.461747  0.00198195
         871      -0.448   -0.461731  0.00197973
         872      -0.432   -0.461697  0.00197776
         873      -0.416   -0.461645  0.00197618
         874      -0.496   -0.461684  0.00197431
         875      -0.512   -0.461742  0.00197289
         876      -0.448   -0.461726   0.0019707
         877       -0.44   -0.461701  0.00196861
         878      -0.496    -0.46174  0.00196676
         879      -0.416   -0.461688  0.00196521
         880       -0.48   -0.461709  0.00196309
         881      -0.424   -0.461666  0.00196132
         882      -0.376   -0.461569   0.0019615
         883       -0.48    -0.46159  0.00195939
         884      -0.512   -0.461647  0.00195801
         885      -0.464    -0.46165   0.0019558
         886      -0.448   -0.461634  0.00195365
         887      -0.488   -0.461664  0.00195167
         888      -0.488   -0.461694   0.0019497
         889        -0.4   -0.461624  0.00194874
         890      -0.512   -0.461681  0.00194737
         891      -0.424   -0.461639  0.00194565
         892       -0.56   -0.461749  0.00194659
         893       -0.56   -0.461859  0.00194752
         894      -0.464   -0.461861  0.00194534
         895      -0.472   -0.461873   0.0019432
         896       -0.52   -0.461937  0.00194211
         897      -0.432   -0.461904  0.00194023
         898      -0.392   -0.461826  0.00193963
         899      -0.528     -0.4619  0.00193887
         900      -0.488   -0.461929  0.00193694
         901      -0.496   -0.461967  0.00193515
         902      -0.384    -0.46188  0.00193494
         903      -0.496   -0.461918  0.00193316
         904       -0.44   -0.461894  0.00193118
         905      -0.424   -0.461852   0.0019295
         906      -0.456   -0.461845  0.00192738
         907       -0.36   -0.461733  0.00192852
         908      -0.488   -0.461762  0.00192662
         909       -0.48   -0.461782   0.0019246
         910      -0.456   -0.461776   0.0019225
         911      -0.424   -0.461734  0.00192083
         912      -0.488   -0.461763  0.00191894
         913      -0.424   -0.461722  0.00191729
         914      -0.448   -0.461707  0.00191525
         915      -0.472   -0.461718  0.00191319
         916      -0.472   -0.461729  0.00191113
         917      -0.472    -0.46174  0.00190908
         918      -0.464   -0.461743    0.001907
         919      -0.464   -0.461745  0.00190493
         920      -0.488   -0.461774  0.00190307
         921      -0.432   -0.461742  0.00190128
         922       -0.48   -0.461761  0.00189932
         923      -0.512   -0.461816  0.00189804
         924      -0.472   -0.461827  0.00189602
         925      -0.536   -0.461907  0.00189567
         926      -0.528   -0.461978  0.00189496
         927      -0.544   -0.462067  0.00189498
         928      -0.456    -0.46206  0.00189295
         929      -0.432   -0.462028  0.00189119
         930      -0.408    -0.46197  0.00189005
         931      -0.496   -0.462006  0.00188837
         932      -0.392   -0.461931  0.00188784
         933      -0.528   -0.462002  0.00188714
         934      -0.504   -0.462047  0.00188566
         935      -0.488   -0.462075  0.00188385
         936      -0.488   -0.462103  0.00188204
         937      -0.512   -0.462156  0.00188078
         938        -0.4    -0.46209  0.00187994
         939      -0.392   -0.462015  0.00187942
         940       -0.48   -0.462034  0.00187752
         941      -0.376   -0.461943  0.00187775
         942       -0.48   -0.461962  0.00187586
         943      -0.368   -0.461862  0.00187651
         944      -0.424   -0.461822  0.00187495
         945      -0.368   -0.461723  0.00187559
         946       -0.52   -0.461784  0.00187462
         947      -0.552    -0.46188  0.00187506
         948       -0.44   -0.461857  0.00187323
         949      -0.408     -0.4618  0.00187211
         950      -0.568   -0.461912  0.00187348
         951       -0.48   -0.461931   0.0018716
         952      -0.456   -0.461924  0.00186965
         953      -0.432   -0.461893  0.00186795
         954       -0.52   -0.461954  0.00186698
         955      -0.376   -0.461864   0.0018672
         956       -0.44   -0.461841  0.00186538
         957      -0.552   -0.461935  0.00186581
         958      -0.424   -0.461896  0.00186428
         959      -0.504    -0.46194  0.00186286
         960      -0.496   -0.461975  0.00186126
         961      -0.392   -0.461902  0.00186074
         962      -0.552   -0.461996  0.00186116
         963      -0.536   -0.462073  0.00186082
         964      -0.448   -0.462058  0.00185894
         965      -0.376   -0.461969  0.00185915
         966      -0.408   -0.461913  0.00185807
         967      -0.392   -0.461841  0.00185755
         968       -0.44   -0.461818  0.00185577
         969      -0.464    -0.46182  0.00185386
         970      -0.552   -0.461913  0.00185428
         971       -0.48   -0.461932  0.00185246
         972      -0.408   -0.461877  0.00185139
         973      -0.488   -0.461903  0.00184968
         974      -0.448   -0.461889  0.00184783
         975      -0.448   -0.461875  0.00184599
         976       -0.44   -0.461852  0.00184424
         977       -0.52   -0.461912  0.00184331
         978      -0.464   -0.461914  0.00184143
         979       -0.56   -0.462014  0.00184227
         980      -0.512   -0.462065   0.0018411
         981       -0.48   -0.462084  0.00183931
         982      -0.608   -0.462232  0.00184343
         983      -0.456   -0.462226  0.00184156
         984      -0.472   -0.462236  0.00183972
         985       -0.52   -0.462294  0.00183879
         986      -0.496   -0.462329  0.00183724
         987      -0.416   -0.462282  0.00183598
         988      -0.496   -0.462316  0.00183444
         989      -0.432   -0.462285  0.00183284
         990      -0.488   -0.462311  0.00183117
         991      -0.456   -0.462305  0.00182933
         992      -0.408    -0.46225  0.00182831
         993      -0.432    -0.46222  0.00182672
         994      -0.504   -0.462262  0.00182537
         995      -0.448   -0.462247  0.00182359
         996      -0.488   -0.462273  0.00182194
         997      -0.408   -0.462219  0.00182093
         998      -0.456   -0.462212  0.00181911
         999      -0.488   -0.462238  0.00181747
        1000      -0.448   -0.462224  0.00181571
        1001      -0.472   -0.462234  0.00181393
        1002       -0.48   -0.462251   0.0018122
        1003      -0.496   -0.462285  0.00181071
        1004      -0.544   -0.462367  0.00181073
        1005      -0.408   -0.462312  0.00180974
        1006      -0.432   -0.462282  0.00180819
        1007      -0.448   -0.462268  0.00180645
        1008       -0.44   -0.462246  0.00180479
        1009       -0.44   -0.462224  0.00180314
        1010      -0.432   -0.462194   0.0018016
        1011      -0.432   -0.462164  0.00180007
        1012        -0.4   -0.462103  0.00179934
        1013       -0.44   -0.462081  0.00179769
        1014      -0.528   -0.462146  0.00179709
        1015      -0.576   -0.462258  0.00179882
        1016      -0.536   -0.462331  0.00179851
        1017      -0.464   -0.462332  0.00179675
        1018      -0.496   -0.462365  0.00179529
        1019        -0.4   -0.462304  0.00179457
        1020        -0.4   -0.462243  0.00179385
        1021       -0.44   -0.462221  0.00179222
        1022       -0.44     -0.4622   0.0017906
        1023      -0.472   -0.462209  0.00178888
        1024       -0.48   -0.462227  0.00178721
        1025       -0.56   -0.462322  0.00178801
        1026      -0.496   -0.462355  0.00178657
        1027      -0.504   -0.462395  0.00178529
        1028      -0.472   -0.462405  0.00178358
        1029      -0.424   -0.462367  0.00178224
        1030      -0.448   -0.462353  0.00178056
        1031      -0.552    -0.46244  0.00178096
        1032       -0.52   -0.462496   0.0017801
        1033      -0.432   -0.462467  0.00177863
        1034      -0.456    -0.46246  0.00177692
        1035       -0.44   -0.462439  0.00177533
        1036      -0.496   -0.462471  0.00177391
        1037      -0.544    -0.46255  0.00177395
        1038      -0.432    -0.46252  0.00177248
        1039       -0.44   -0.462499  0.00177091
        1040       -0.56   -0.462592  0.00177168
        1041      -0.408    -0.46254  0.00177076
        1042      -0.504    -0.46258  0.00176951
        1043      -0.328   -0.462451  0.00177251
        1044       -0.52   -0.462506  0.00177167
        1045       -0.48   -0.462522  0.00177005
        1046      -0.488   -0.462547  0.00176853
        1047      -0.408   -0.462495   0.0017676
        1048      -0.464   -0.462496  0.00176592
        1049      -0.416   -0.462452  0.00176479
        1050      -0.448   -0.462438  0.00176316
        1051      -0.416   -0.462394  0.00176204
        1052      -0.464   -0.462395  0.00176036
        1053      -0.496   -0.462427  0.00175898
        1054      -0.464   -0.462429  0.00175731
        1055      -0.456   -0.462423  0.00175566
        1056      -0.536   -0.462492  0.00175538
        1057      -0.488   -0.462517  0.00175388
        1058      -0.536   -0.462586   0.0017536
        1059      -0.384   -0.462512  0.00175351
        1060      -0.496   -0.462543  0.00175214
        1061       -0.52   -0.462598  0.00175133
        1062      -0.376   -0.462516  0.00175158
        1063      -0.464   -0.462517  0.00174993
        1064      -0.464   -0.462519  0.00174829
        1065      -0.424   -0.462483  0.00174702
        1066      -0.432   -0.462454  0.00174561
        1067      -0.456   -0.462448  0.00174399
        1068      -0.536   -0.462517  0.00174371
        1069       -0.48   -0.462533  0.00174216
        1070      -0.328   -0.462407  0.00174506
        1071       -0.44   -0.462387  0.00174356
        1072      -0.408   -0.462336  0.00174267
        1073      -0.344   -0.462226  0.00174453
        1074      -0.464   -0.462227  0.00174291
        1075      -0.504   -0.462266  0.00174172
        1076      -0.496   -0.462297  0.00174038
        1077      -0.456   -0.462292  0.00173878
        1078      -0.416   -0.462249   0.0017377
        1079      -0.496    -0.46228  0.00173637
        1080      -0.464   -0.462281  0.00173476
        1081      -0.552   -0.462364  0.00173514
        1082      -0.488   -0.462388   0.0017337
        1083      -0.544   -0.462464  0.00173373
        1084       -0.48    -0.46248  0.00173221
        1085      -0.472   -0.462488  0.00173064
        1086      -0.432    -0.46246  0.00172927
        1087      -0.416   -0.462418  0.00172821
        1088      -0.512   -0.462463  0.00172722
        1089      -0.456   -0.462457  0.00172564
        1090       -0.36   -0.462363  0.00172662
        1091      -0.496   -0.462394  0.00172531
        1092      -0.568   -0.462491  0.00172644
        1093      -0.504   -0.462529  0.00172528
        1094      -0.528   -0.462589  0.00172474
        1095       -0.36   -0.462495  0.00172571
        1096      -0.392   -0.462431  0.00172533
        1097      -0.552   -0.462512  0.00172569
        1098       -0.48   -0.462528  0.00172419
        1099      -0.456   -0.462522  0.00172263
        1100      -0.472   -0.462531  0.00172109
        1101       -0.36   -0.462438  0.00172204
        1102        -0.6   -0.462563    0.001725
        1103      -0.424   -0.462528  0.00172379
        1104       -0.52    -0.46258  0.00172301
        1105      -0.336   -0.462465  0.00172526
        1106      -0.352   -0.462365  0.00172658
        1107      -0.368    -0.46228  0.00172713
        1108       -0.44    -0.46226  0.00172569
        1109        -0.4   -0.462204  0.00172504
        1110       -0.36   -0.462112  0.00172594
        1111      -0.408   -0.462063  0.00172508
        1112       -0.56   -0.462151  0.00172577
        1113       -0.48   -0.462167   0.0017243
        1114       -0.44   -0.462147  0.00172286
        1115       -0.44   -0.462127  0.00172143
        1116      -0.496   -0.462158  0.00172016
        1117      -0.496   -0.462188  0.00171889
        1118       -0.48   -0.462204  0.00171742
        1119      -0.512   -0.462248  0.00171646
        1120      -0.424   -0.462214  0.00171527
        1121       -0.44   -0.462194  0.00171385
        1122      -0.472   -0.462203  0.00171235
        1123      -0.384   -0.462134  0.00171224
        1124       -0.48   -0.462149  0.00171079
        1125        -0.4   -0.462094  0.00171016
        1126       -0.56   -0.462181  0.00171085
        1127      -0.496   -0.462211   0.0017096
        1128      -0.392   -0.462149  0.00170921
        1129      -0.464   -0.462151   0.0017077
        1130      -0.416    -0.46211  0.00170668
        1131       -0.44    -0.46209  0.00170528
        1132      -0.584   -0.462198  0.00170717
        1133      -0.416   -0.462157  0.00170615
        1134      -0.392   -0.462095  0.00170577
        1135       -0.44   -0.462076  0.00170438
        1136      -0.328   -0.461958  0.00170696
        1137      -0.472   -0.461967  0.00170548
        1138      -0.456   -0.461961  0.00170399
        1139       -0.44   -0.461942   0.0017026
        1140      -0.464   -0.461944  0.00170111
        1141      -0.408   -0.461897  0.00170028
        1142      -0.488   -0.461919  0.00169894
        1143       -0.52    -0.46197  0.00169821
        1144      -0.496      -0.462  0.00169699
        1145      -0.376   -0.461925  0.00169717
        1146      -0.552   -0.462003  0.00169751
        1147      -0.472   -0.462012  0.00169605
        1148      -0.448      -0.462  0.00169462
        1149      -0.448   -0.461988  0.00169319
        1150      -0.432   -0.461962  0.00169191
        1151      -0.504   -0.461998  0.00169084
        1152      -0.464      -0.462  0.00168937
        1153       -0.44   -0.461981  0.00168801
        1154      -0.312   -0.461851  0.00169155
        1155      -0.472    -0.46186   0.0016901
        1156      -0.464   -0.461862  0.00168864
        1157      -0.512   -0.461905  0.00168774
        1158      -0.456     -0.4619  0.00168629
        1159       -0.52    -0.46195  0.00168558
        1160      -0.464   -0.461952  0.00168413
        1161      -0.464   -0.461953  0.00168268
        1162       -0.44   -0.461935  0.00168134
        1163      -0.544   -0.462005  0.00168137
        1164      -0.368   -0.461924  0.00168186
        1165       -0.44   -0.461906  0.00168053
        1166      -0.512   -0.461949  0.00167963
        1167      -0.512   -0.461991  0.00167874
        1168       -0.44   -0.461973  0.00167741
        1169      -0.512   -0.462015  0.00167652
        1170      -0.392   -0.461956  0.00167616
        1171      -0.392   -0.461896  0.00167579
        1172      -0.424   -0.461863  0.00167467
        1173      -0.456   -0.461858  0.00167325
        1174       -0.52   -0.461908  0.00167256
        1175      -0.416   -0.461869  0.00167159
        1176      -0.488   -0.461891  0.00167032
        1177      -0.408   -0.461845  0.00166953
        1178      -0.464   -0.461847  0.00166811
        1179      -0.424   -0.461815    0.001667
        1180       -0.44   -0.461797  0.00166569
        1181       -0.48   -0.461812  0.00166435
        1182      -0.568   -0.461902  0.00166537
        1183      -0.456   -0.461897  0.00166397
        1184      -0.424   -0.461865  0.00166287
        1185       -0.48    -0.46188  0.00166154
        1186       -0.44   -0.461862  0.00166024
        1187      -0.448    -0.46185  0.00165888
        1188      -0.424   -0.461818  0.00165779
        1189        -0.6   -0.461934  0.00166047
        1190      -0.456   -0.461929  0.00165908
        1191      -0.584   -0.462032  0.00166085
        1192       -0.48   -0.462047  0.00165952
        1193      -0.416   -0.462008  0.00165858
        1194       -0.48   -0.462023  0.00165726
        1195      -0.488   -0.462045  0.00165602
        1196      -0.464   -0.462047  0.00165463
        1197      -0.496   -0.462075  0.00165349
        1198      -0.432    -0.46205   0.0016523
        1199       -0.48   -0.462065  0.00165099
        1200      -0.448   -0.462053  0.00164966
        1201      -0.432   -0.462028  0.00164848
        1202       -0.44    -0.46201  0.00164721
        1203      -0.496   -0.462038  0.00164608
        1204      -0.448   -0.462027  0.00164475
        1205      -0.512   -0.462068  0.00164391
        1206      -0.464    -0.46207  0.00164255
        1207      -0.504   -0.462104  0.00164155
        1208      -0.528   -0.462159   0.0016411
        1209        -0.4   -0.462108  0.00164055
        1210      -0.504   -0.462142  0.00163956
        1211      -0.488   -0.462164  0.00163834
        1212      -0.584   -0.462264  0.00164007
        1213        -0.4   -0.462213  0.00163952
        1214       -0.52    -0.46226  0.00163887
        1215      -0.424   -0.462229  0.00163782
        1216      -0.528   -0.462283  0.00163736
        1217        -0.4   -0.462232  0.00163682
        1218      -0.504   -0.462266  0.00163583
        1219      -0.536   -0.462326  0.00163561
        1220      -0.616   -0.462452  0.00163911
        1221      -0.496    -0.46248    0.001638
        1222       -0.52   -0.462527  0.00163734
        1223      -0.464   -0.462528    0.001636
        1224      -0.456   -0.462523  0.00163467
        1225      -0.432   -0.462498  0.00163353
        1226      -0.424   -0.462467  0.00163249
        1227      -0.448   -0.462455  0.00163121
        1228      -0.432    -0.46243  0.00163007
        1229       -0.44   -0.462412  0.00162884
        1230      -0.568   -0.462498  0.00162978
        1231      -0.464   -0.462499  0.00162846
        1232      -0.528   -0.462552    0.001628
        1233      -0.488   -0.462573  0.00162681
        1234      -0.488   -0.462593  0.00162562
        1235      -0.512   -0.462633   0.0016248
        1236      -0.456   -0.462628  0.00162349
        1237      -0.336   -0.462525  0.00162541
        1238      -0.496   -0.462553  0.00162432
        1239      -0.488   -0.462573  0.00162314
        1240        -0.4   -0.462523  0.00162261
        1241       -0.48   -0.462537  0.00162137
        1242      -0.496   -0.462564  0.00162028
        1243      -0.456   -0.462558  0.00161899
        1244      -0.488   -0.462579  0.00161782
        1245      -0.488   -0.462599  0.00161665
        1246      -0.432   -0.462575  0.00161554
        1247      -0.416   -0.462537  0.00161467
        1248      -0.448   -0.462526  0.00161342
        1249      -0.384   -0.462463  0.00161335
        1250      -0.448   -0.462451   0.0016121
        1251      -0.432   -0.462427    0.001611
        1252      -0.568   -0.462511  0.00161192
        1253      -0.352   -0.462423  0.00161304
        1254        -0.4   -0.462373  0.00161252
        1255      -0.496     -0.4624  0.00161146
        1256      -0.392   -0.462344  0.00161115
        1257      -0.488   -0.462364     0.00161
        1258      -0.448   -0.462353  0.00160876
        1259      -0.432   -0.462329  0.00160766
        1260      -0.448   -0.462317  0.00160643
        1261       -0.48   -0.462331  0.00160522
        1262      -0.464   -0.462333  0.00160394
        1263       -0.44   -0.462315  0.00160277
        1264       -0.36   -0.462234  0.00160355
        1265      -0.512   -0.462274  0.00160276
        1266      -0.496     -0.4623  0.00160172
        1267       -0.44   -0.462283  0.00160055
        1268      -0.408    -0.46224  0.00159986
        1269      -0.456   -0.462235  0.00159861
        1270      -0.416   -0.462198  0.00159776
        1271      -0.408   -0.462156  0.00159707
        1272      -0.328    -0.46205   0.0015993
        1273       -0.52   -0.462096  0.00159869
        1274       -0.48    -0.46211  0.00159749
        1275       -0.44   -0.462093  0.00159634
        1276      -0.496   -0.462119  0.00159531
        1277      -0.384   -0.462058  0.00159523
        1278      -0.464   -0.462059  0.00159398
        1279       -0.44   -0.462042  0.00159283
        1280      -0.496   -0.462069  0.00159181
        1281      -0.368   -0.461995  0.00159226
        1282      -0.416   -0.461959  0.00159142
        1283      -0.472   -0.461967   0.0015902
        1284      -0.528   -0.462019  0.00158979
        1285      -0.488   -0.462039  0.00158868
        1286      -0.432   -0.462016  0.00158762
        1287      -0.432   -0.461992  0.00158655
        1288      -0.448   -0.461981  0.00158536
        1289      -0.424   -0.461952   0.0015844
        1290      -0.456   -0.461947  0.00158318
        1291       -0.48   -0.461961  0.00158202
        1292      -0.464   -0.461963  0.00158079
        1293       -0.48   -0.461977  0.00157963
        1294      -0.392   -0.461923  0.00157934
        1295      -0.432     -0.4619  0.00157829
        1296       -0.44   -0.461883  0.00157716
        1297      -0.496   -0.461909  0.00157616
        1298      -0.376   -0.461843  0.00157634
        1299       -0.36   -0.461764  0.00157707
        1300      -0.448   -0.461754   0.0015759
        1301        -0.4   -0.461706   0.0015754
        1302      -0.376   -0.461641  0.00157556
        1303      -0.512   -0.461679  0.00157483
        1304       -0.48   -0.461693  0.00157368
        1305      -0.456   -0.461689  0.00157248
        1306      -0.464   -0.461691  0.00157128
        1307      -0.472   -0.461699   0.0015701
        1308      -0.352   -0.461615  0.00157114
        1309       -0.44   -0.461598  0.00157002
        1310      -0.416   -0.461563  0.00156921
        1311       -0.56   -0.461638  0.00156981
        1312      -0.432   -0.461616  0.00156877
        1313      -0.488   -0.461636  0.00156771
        1314      -0.424   -0.461607  0.00156678
        1315      -0.568   -0.461688  0.00156767
        1316      -0.376   -0.461623  0.00156783
        1317      -0.472   -0.461631  0.00156666
        1318      -0.512   -0.461669  0.00156594
        1319       -0.44   -0.461653  0.00156484
        1320      -0.568   -0.461733  0.00156573
        1321      -0.376   -0.461668  0.00156589
        1322      -0.488   -0.461688  0.00156483
        1323      -0.472   -0.461696  0.00156366
        1324      -0.464   -0.461698  0.00156248
        1325      -0.448   -0.461688  0.00156134
        1326       -0.48   -0.461701  0.00156022
        1327      -0.488   -0.461721  0.00155917
        1328      -0.536   -0.461777    0.001559
        1329      -0.424   -0.461749  0.00155809
        1330      -0.432   -0.461726  0.00155708
        1331      -0.464   -0.461728  0.00155591
        1332      -0.496   -0.461754  0.00155495
        1333       -0.36   -0.461677  0.00155566
        1334      -0.408   -0.461637  0.00155501
        1335      -0.456   -0.461633  0.00155385
        1336      -0.432   -0.461611  0.00155285
        1337      -0.496   -0.461636   0.0015519
        1338       -0.64    -0.46177  0.00155646
        1339      -0.472   -0.461777  0.00155531
        1340       -0.52   -0.461821  0.00155476
        1341      -0.536   -0.461876  0.00155458
        1342       -0.52    -0.46192  0.00155403
        1343      -0.504   -0.461951  0.00155319
        1344      -0.448    -0.46194  0.00155206
        1345      -0.424   -0.461912  0.00155117
        1346      -0.376   -0.461848  0.00155133
        1347       -0.48   -0.461862  0.00155023
        1348      -0.464   -0.461864  0.00154908
        1349      -0.352   -0.461782  0.00155008
        1350      -0.408   -0.461742  0.00154944
        1351        -0.6   -0.461845  0.00155167
        1352      -0.488   -0.461864  0.00155064
        1353      -0.512   -0.461901  0.00154994
        1354       -0.44   -0.461885  0.00154888
        1355       -0.44   -0.461869  0.00154782
        1356      -0.472   -0.461876   0.0015467
        1357      -0.488   -0.461895  0.00154568
        1358       -0.44   -0.461879  0.00154462
        1359      -0.472   -0.461887   0.0015435
        1360        -0.4   -0.461841  0.00154304
        1361      -0.464   -0.461843  0.00154191
        1362       -0.52   -0.461885  0.00154136
        1363        -0.4    -0.46184   0.0015409
        1364      -0.464   -0.461842  0.00153977
        1365      -0.392    -0.46179   0.0015395
        1366      -0.512   -0.461827  0.00153881
        1367       -0.48   -0.461841  0.00153774
        1368      -0.472   -0.461848  0.00153663
        1369      -0.384   -0.461791  0.00153656
        1370      -0.448   -0.461781  0.00153547
        1371      -0.552   -0.461847  0.00153576
        1372      -0.496   -0.461872  0.00153485
        1373        -0.4   -0.461827  0.00153439
        1374      -0.392   -0.461776  0.00153411
        1375      -0.504   -0.461807   0.0015333
        1376      -0.336   -0.461715  0.00153491
        1377      -0.488   -0.461734  0.00153392
        1378      -0.464   -0.461736  0.00153281
        1379       -0.56   -0.461807  0.00153335
        1380      -0.472   -0.461814  0.00153226
        1381      -0.352   -0.461735  0.00153321
        1382       -0.48   -0.461748  0.00153216
        1383      -0.512   -0.461785  0.00153148
        1384      -0.448   -0.461775  0.00153041
        1385       -0.44   -0.461759  0.00152938
        1386      -0.584   -0.461847  0.00153082
        1387      -0.448   -0.461837  0.00152975
        1388      -0.456   -0.461833  0.00152865
        1389      -0.456   -0.461829  0.00152756
        1390      -0.448   -0.461819  0.00152649
        1391      -0.472   -0.461826  0.00152541
        1392       -0.48   -0.461839  0.00152437
        1393      -0.432   -0.461818  0.00152343
        1394      -0.416   -0.461785  0.00152269
        1395      -0.496   -0.461809  0.00152179
        1396      -0.448   -0.461799  0.00152074
        1397       -0.36   -0.461727  0.00152139
        1398       -0.36   -0.461654  0.00152204
        1399      -0.512    -0.46169  0.00152138
        1400      -0.472   -0.461697  0.00152031
        1401      -0.552   -0.461762  0.00152059
        1402      -0.416   -0.461729  0.00151986
        1403      -0.424   -0.461702  0.00151901
        1404      -0.448   -0.461692  0.00151796
        1405      -0.504   -0.461722  0.00151718
        1406      -0.408   -0.461684  0.00151658
        1407      -0.416   -0.461652  0.00151585
        1408      -0.536   -0.461705  0.00151569
        1409      -0.416   -0.461672  0.00151497
        1410      -0.584   -0.461759  0.00151637
        1411      -0.456   -0.461755   0.0015153
        1412      -0.408   -0.461717  0.00151471
        1413      -0.384   -0.461662  0.00151464
        1414      -0.552   -0.461726  0.00151491
        1415      -0.496    -0.46175  0.00151403
        1416      -0.472   -0.461757  0.00151298
        1417       -0.52   -0.461798  0.00151247
        1418      -0.384   -0.461743   0.0015124
        1419      -0.432   -0.461722  0.00151148
        1420      -0.488   -0.461741  0.00151053
        1421       -0.48   -0.461754  0.00150952
        1422       -0.52   -0.461795  0.00150901
        1423      -0.456   -0.461791  0.00150796
        1424      -0.344   -0.461708  0.00150917
        1425      -0.496   -0.461732   0.0015083
        1426      -0.512   -0.461767  0.00150765
        1427      -0.584   -0.461853  0.00150903
        1428      -0.448   -0.461843    0.001508
        1429      -0.424   -0.461817  0.00150718
        1430      -0.376   -0.461757  0.00150732
        1431      -0.352    -0.46168  0.00150822
        1432       -0.44   -0.461665  0.00150724
        1433      -0.464   -0.461666  0.00150619
        1434      -0.448   -0.461657  0.00150517
        1435      -0.544   -0.461714  0.00150521
        1436      -0.424   -0.461688   0.0015044
        1437       -0.44   -0.461673  0.00150342
        1438      -0.456   -0.461669  0.00150238
        1439       -0.52    -0.46171  0.00150189
        1440       -0.52    -0.46175  0.00150139
        1441      -0.488   -0.461768  0.00150046
        1442       -0.52   -0.461809  0.00149996
        1443      -0.456   -0.461805  0.00149893
        1444      -0.424   -0.461778  0.00149812
        1445      -0.544   -0.461835  0.00149816
        1446      -0.416   -0.461804  0.00149746
        1447      -0.376   -0.461744   0.0014976
        1448       -0.48   -0.461757  0.00149662
        1449      -0.528   -0.461803  0.00149628
        1450      -0.528   -0.461848  0.00149595
        1451      -0.464    -0.46185  0.00149492
        1452      -0.432   -0.461829  0.00149403
        1453      -0.552   -0.461891  0.00149429
        1454       -0.44   -0.461876  0.00149334
        1455      -0.512   -0.461911  0.00149271
        1456      -0.416   -0.461879  0.00149202
        1457        -0.4   -0.461837   0.0014916
        1458      -0.504   -0.461866  0.00149085
        1459       -0.44   -0.461851  0.00148991
        1460      -0.424   -0.461825  0.00148911
        1461      -0.456   -0.461821   0.0014881
        1462       -0.52    -0.46186  0.00148761
        1463      -0.536   -0.461911  0.00148746
        1464      -0.512   -0.461945  0.00148684
        1465      -0.424   -0.461919  0.00148605
        1466      -0.496   -0.461943  0.00148521
        1467      -0.464   -0.461944   0.0014842
        1468      -0.432   -0.461924  0.00148333
        1469      -0.472   -0.461931  0.00148234
        1470      -0.464   -0.461932  0.00148133
        1471      -0.424   -0.461906  0.00148055
        1472      -0.416   -0.461875  0.00147987
        1473       -0.44    -0.46186  0.00147894
        1474      -0.392   -0.461813   0.0014787
        1475       -0.44   -0.461798  0.00147777
        1476      -0.528   -0.461843  0.00147745
        1477      -0.512   -0.461877  0.00147684
        1478      -0.536   -0.461927  0.00147669
        1479      -0.504   -0.461955  0.00147596
        1480      -0.472   -0.461962  0.00147498
        1481      -0.448   -0.461953  0.00147402
        1482       -0.52   -0.461992  0.00147354
        1483      -0.432   -0.461972  0.00147269
        1484      -0.432   -0.461951  0.00147183
        1485      -0.472   -0.461958  0.00147086
        1486       -0.44   -0.461943  0.00146994
        1487      -0.456   -0.461939  0.00146896
        1488      -0.432   -0.461919  0.00146811
        1489      -0.472   -0.461926  0.00146714
        1490      -0.408    -0.46189   0.0014666
        1491       -0.48   -0.461902  0.00146567
        1492      -0.392   -0.461855  0.00146543
        1493      -0.448   -0.461846  0.00146448
        1494      -0.456   -0.461842  0.00146351
        1495      -0.424   -0.461817  0.00146275
        1496      -0.376   -0.461759  0.00146289
        1497      -0.456   -0.461756  0.00146192
        1498      -0.376   -0.461698  0.00146207
        1499      -0.448   -0.461689  0.00146112
        1500        -0.4   -0.461648  0.00146072
        1501      -0.384   -0.461596  0.00146067
        1502      -0.448   -0.461587  0.00145972
        1503       -0.48   -0.461599   0.0014588
        1504      -0.416   -0.461569  0.00145815
        1505      -0.544   -0.461624  0.00145821
        1506      -0.496   -0.461647  0.00145742
        1507      -0.456   -0.461643  0.00145645
        1508       -0.44   -0.461629  0.00145556
        1509      -0.488   -0.461646   0.0014547
        1510      -0.496   -0.461669  0.00145391
        1511      -0.416   -0.461639  0.00145327
        1512       -0.44   -0.461624  0.00145238
        1513      -0.416   -0.461594  0.00145173
        1514      -0.488   -0.461612  0.00145087
        1515      -0.504    -0.46164  0.00145019
        1516      -0.496   -0.461662  0.00144941
        1517      -0.472   -0.461669  0.00144847
        1518      -0.416   -0.461639  0.00144783
        1519      -0.416   -0.461609  0.00144718
        1520      -0.456   -0.461605  0.00144624
        1521      -0.424   -0.461581   0.0014455
        1522      -0.496   -0.461603  0.00144472
        1523      -0.496   -0.461626  0.00144395
        1524      -0.472   -0.461633  0.00144302
        1525       -0.48   -0.461645  0.00144213
        1526        -0.4   -0.461604  0.00144175
        1527      -0.368   -0.461543   0.0014421
        1528      -0.456   -0.461539  0.00144116
        1529      -0.448    -0.46153  0.00144025
        1530       -0.52   -0.461569  0.00143982
        1531      -0.432   -0.461549    0.001439
        1532      -0.328   -0.461462   0.0014407
        1533        -0.4   -0.461422  0.00144032
        1534      -0.472   -0.461429   0.0014394
        1535      -0.368   -0.461368  0.00143975
        1536      -0.472   -0.461375  0.00143883
        1537      -0.528   -0.461418  0.00143854
        1538      -0.464    -0.46142  0.00143761
        1539      -0.488   -0.461437  0.00143678
        1540      -0.464   -0.461439  0.00143585
        1541      -0.408   -0.461404  0.00143533
        1542       -0.48   -0.461416  0.00143445
        1543      -0.488   -0.461434  0.00143363
        1544      -0.456    -0.46143   0.0014327
        1545      -0.496   -0.461452  0.00143195
        1546      -0.384   -0.461402   0.0014319
        1547      -0.488    -0.46142  0.00143108
        1548      -0.368   -0.461359  0.00143142
        1549      -0.352   -0.461289  0.00143224
        1550      -0.456   -0.461285  0.00143132
        1551       -0.56   -0.461349  0.00143181
        1552        -0.4   -0.461309  0.00143144
        1553       -0.48   -0.461321  0.00143056
        1554       -0.44   -0.461308  0.00142971
        1555      -0.432   -0.461289  0.00142891
        1556      -0.552   -0.461347  0.00142918
        1557      -0.384   -0.461297  0.00142913
        1558      -0.376   -0.461243  0.00142926
        1559      -0.464   -0.461244  0.00142835
        1560       -0.44   -0.461231  0.00142749
        1561       -0.56   -0.461294  0.00142798
        1562      -0.496   -0.461316  0.00142724
        1563        -0.6   -0.461405  0.00142908
        1564      -0.544   -0.461458  0.00142914
        1565      -0.568   -0.461526  0.00142985
        1566      -0.416   -0.461497  0.00142923
        1567      -0.464   -0.461498  0.00142832
        1568      -0.472   -0.461505  0.00142743
        1569      -0.528   -0.461547  0.00142715
        1570      -0.416   -0.461518  0.00142653
        1571      -0.432     -0.4615  0.00142575
        1572      -0.456   -0.461496  0.00142485
        1573      -0.408   -0.461462  0.00142435
        1574      -0.464   -0.461464  0.00142344
        1575      -0.472    -0.46147  0.00142255
        1576      -0.376   -0.461416  0.00142268
        1577      -0.504   -0.461443  0.00142204
        1578      -0.384   -0.461394  0.00142198
        1579       -0.44   -0.461381  0.00142115
        1580       -0.52   -0.461418  0.00142073
        1581      -0.536   -0.461465  0.00142062
        1582      -0.416   -0.461436  0.00142001
        1583      -0.568   -0.461503  0.00142071
        1584      -0.496   -0.461525  0.00141998
        1585      -0.504   -0.461552  0.00141933
        1586      -0.504   -0.461579  0.00141869
        1587      -0.424   -0.461555    0.001418
        1588       -0.48   -0.461567  0.00141715
        1589       -0.52   -0.461604  0.00141674
        1590      -0.528   -0.461645  0.00141646
        1591      -0.496   -0.461667  0.00141573
        1592      -0.424   -0.461643  0.00141504
        1593      -0.472    -0.46165  0.00141417
        1594      -0.424   -0.461626  0.00141348
        1595      -0.416   -0.461597  0.00141288
        1596      -0.432   -0.461579  0.00141212
        1597       -0.48    -0.46159  0.00141128
        1598      -0.536   -0.461637  0.00141117
        1599       -0.44   -0.461624  0.00141035
        1600      -0.392    -0.46158  0.00141014
        1601      -0.504   -0.461606  0.00140951
        1602      -0.456   -0.461603  0.00140863
        1603      -0.584   -0.461679  0.00140982
        1604      -0.456   -0.461676  0.00140895
        1605      -0.448   -0.461667  0.00140809
        1606      -0.472   -0.461674  0.00140723
        1607      -0.456    -0.46167  0.00140636
        1608      -0.368   -0.461612  0.00140669
        1609      -0.384   -0.461564  0.00140664
        1610      -0.472    -0.46157  0.00140579
        1611      -0.424   -0.461547  0.00140511
        1612      -0.448   -0.461538  0.00140426
        1613      -0.448    -0.46153  0.00140341
        1614      -0.464   -0.461532  0.00140255
        1615      -0.408   -0.461498  0.00140207
        1616      -0.456   -0.461495   0.0014012
        1617      -0.424   -0.461472  0.00140053
        1618        -0.4   -0.461434  0.00140018
        1619       -0.44   -0.461421  0.00139938
        1620      -0.408   -0.461388   0.0013989
        1621      -0.448   -0.461379  0.00139806
        1622      -0.504   -0.461406  0.00139745
        1623      -0.464   -0.461407  0.00139659
        1624       -0.48   -0.461419  0.00139578
        1625      -0.384   -0.461371  0.00139573
        1626      -0.488   -0.461387  0.00139497
        1627      -0.544   -0.461438  0.00139503
        1628      -0.416    -0.46141  0.00139446
        1629       -0.44   -0.461397  0.00139366
        1630        -0.4    -0.46136  0.00139332
        1631      -0.416   -0.461332  0.00139274
        1632        -0.4   -0.461294  0.00139239
        1633      -0.376   -0.461242  0.00139252
        1634      -0.416   -0.461214  0.00139194
        1635      -0.464   -0.461216  0.00139109
        1636      -0.336   -0.461139  0.00139235
        1637      -0.424   -0.461117  0.00139168
        1638      -0.512   -0.461148  0.00139118
        1639      -0.416    -0.46112   0.0013906
        1640      -0.488   -0.461137  0.00138985
        1641      -0.472   -0.461143  0.00138902
        1642      -0.512   -0.461174  0.00138852
        1643      -0.504     -0.4612  0.00138792
        1644       -0.44   -0.461187  0.00138713
        1645      -0.432    -0.46117   0.0013864
        1646      -0.312   -0.461079  0.00138852
        1647      -0.504   -0.461105  0.00138792
        1648      -0.456   -0.461102  0.00138708
        1649      -0.376    -0.46105   0.0013872
        1650      -0.392   -0.461008  0.00138699
        1651       -0.52   -0.461044  0.00138661
        1652      -0.424   -0.461022  0.00138595
        1653       -0.44   -0.461009  0.00138517
        1654      -0.456   -0.461006  0.00138434
        1655      -0.432   -0.460989  0.00138361
        1656      -0.512   -0.461019  0.00138312
        1657      -0.488   -0.461036  0.00138238
        1658      -0.592   -0.461115   0.0013838
        1659      -0.448   -0.461107  0.00138299
        1660      -0.352   -0.461041  0.00138372
        1661      -0.496   -0.461062  0.00138305
        1662      -0.488   -0.461078  0.00138231
        1663      -0.504   -0.461104  0.00138172
        1664       -0.52   -0.461139  0.00138134
        1665      -0.528    -0.46118   0.0013811
        1666      -0.488   -0.461196  0.00138036
        1667      -0.432   -0.461178  0.00137964
        1668       -0.48   -0.461189  0.00137886
        1669      -0.488   -0.461206  0.00137813
        1670      -0.464   -0.461207  0.00137731
        1671      -0.424   -0.461185  0.00137666
        1672      -0.448   -0.461177  0.00137586
        1673      -0.472   -0.461184  0.00137505
        1674      -0.408   -0.461152   0.0013746
        1675      -0.512   -0.461182  0.00137411
        1676      -0.488   -0.461198  0.00137339
        1677      -0.384   -0.461152  0.00137334
        1678      -0.352   -0.461087  0.00137406
        1679      -0.456   -0.461084  0.00137325
        1680      -0.456   -0.461081  0.00137243
        1681       -0.48   -0.461092  0.00137166
        1682      -0.424    -0.46107  0.00137102
        1683       -0.44   -0.461058  0.00137027
        1684      -0.528   -0.461097  0.00137003
        1685      -0.528   -0.461137  0.00136979
        1686       -0.52   -0.461172  0.00136942
        1687      -0.472   -0.461178  0.00136863
        1688      -0.392   -0.461137  0.00136843
        1689      -0.472   -0.461144  0.00136763
        1690       -0.44   -0.461131  0.00136688
        1691      -0.392    -0.46109  0.00136668
        1692        -0.4   -0.461054  0.00136635
        1693      -0.544   -0.461103  0.00136642
        1694        -0.4   -0.461067  0.00136609
        1695      -0.592   -0.461145  0.00136747
        1696      -0.504    -0.46117   0.0013669
        1697      -0.472   -0.461176  0.00136611
        1698       -0.52   -0.461211  0.00136574
        1699       -0.44   -0.461198  0.00136499
        1700      -0.448   -0.461191  0.00136421
        1701      -0.472   -0.461197  0.00136343
        1702      -0.448   -0.461189  0.00136265
        1703      -0.456   -0.461186  0.00136185
        1704      -0.352   -0.461122  0.00136256
        1705      -0.392   -0.461082  0.00136236
        1706      -0.488   -0.461097  0.00136165
        1707      -0.536   -0.461141  0.00136156
        1708      -0.456   -0.461138  0.00136077
        1709      -0.504   -0.461163   0.0013602
        1710      -0.488   -0.461179   0.0013595
        1711      -0.416   -0.461153  0.00135896
        1712      -0.472   -0.461159  0.00135818
        1713      -0.432   -0.461142   0.0013575
        1714      -0.472   -0.461148  0.00135672
        1715      -0.432   -0.461131  0.00135603
        1716      -0.552   -0.461184  0.00135628
        1717      -0.456   -0.461181  0.00135549
        1718      -0.392   -0.461141   0.0013553
        1719      -0.472   -0.461147  0.00135453
        1720       -0.44   -0.461135   0.0013538
        1721       -0.44   -0.461123  0.00135306
        1722      -0.544   -0.461171  0.00135313
        1723      -0.496   -0.461191   0.0013525
        1724      -0.424   -0.461169  0.00135189
        1725      -0.408   -0.461139  0.00135145
        1726      -0.432   -0.461122  0.00135078
        1727      -0.432   -0.461105   0.0013501
        1728       -0.44   -0.461093  0.00134937
        1729      -0.528   -0.461131  0.00134915
        1730      -0.512   -0.461161  0.00134869
        1731      -0.424   -0.461139  0.00134808
        1732      -0.464   -0.461141   0.0013473
        1733      -0.528   -0.461179  0.00134708
        1734      -0.424   -0.461158  0.00134647
        1735      -0.376   -0.461109  0.00134659
        1736      -0.504   -0.461134  0.00134604
        1737      -0.528   -0.461172  0.00134582
        1738      -0.504   -0.461197  0.00134527
        1739       -0.48   -0.461208  0.00134454
        1740      -0.472   -0.461214  0.00134378
        1741       -0.52   -0.461248  0.00134343
        1742      -0.296   -0.461153  0.00134601
        1743      -0.472   -0.461159  0.00134525
        1744      -0.472   -0.461165  0.00134449
        1745      -0.432   -0.461148  0.00134382
        1746      -0.392   -0.461109  0.00134364
        1747      -0.576   -0.461175  0.00134448
        1748      -0.432   -0.461158  0.00134381
        1749      -0.536   -0.461201  0.00134372
        1750      -0.376   -0.461152  0.00134384
        1751      -0.488   -0.461167  0.00134316
        1752      -0.528   -0.461205  0.00134293
        1753       -0.52   -0.461239  0.00134259
        1754        -0.6   -0.461318  0.00134415
        1755      -0.432   -0.461301  0.00134349
        1756      -0.432   -0.461285  0.00134283
        1757      -0.432   -0.461268  0.00134216
        1758      -0.376    -0.46122  0.00134228
        1759      -0.568    -0.46128  0.00134289
        1760      -0.416   -0.461255  0.00134237
        1761      -0.456   -0.461252  0.00134161
        1762      -0.424    -0.46123  0.00134102
        1763      -0.504   -0.461255  0.00134047
        1764      -0.504   -0.461279  0.00133993
        1765        -0.4   -0.461244  0.00133962
        1766      -0.472    -0.46125  0.00133888
        1767      -0.416   -0.461225  0.00133837
        1768      -0.472   -0.461231  0.00133762
        1769       -0.52   -0.461264  0.00133728
        1770      -0.512   -0.461293  0.00133683
        1771       -0.56   -0.461348  0.00133724
        1772      -0.336   -0.461278  0.00133835
        1773      -0.424   -0.461257  0.00133776
        1774      -0.432    -0.46124  0.00133711
        1775      -0.368   -0.461188  0.00133739
        1776       -0.52   -0.461221  0.00133705
        1777      -0.464   -0.461222  0.00133629
        1778      -0.512   -0.461251  0.00133585
        1779      -0.408   -0.461221  0.00133543
        1780       -0.44   -0.461209  0.00133474
        1781      -0.528   -0.461246  0.00133451
        1782      -0.424   -0.461226  0.00133393
        1783       -0.44   -0.461214  0.00133323
        1784      -0.424   -0.461193  0.00133265
        1785       -0.48   -0.461203  0.00133194
        1786       -0.52   -0.461236   0.0013316
        1787      -0.448   -0.461229  0.00133088
        1788      -0.456   -0.461226  0.00133014
        1789      -0.464   -0.461228   0.0013294
        1790      -0.424   -0.461207  0.00132882
        1791      -0.368   -0.461155  0.00132909
        1792        -0.4   -0.461121  0.00132879
        1793       -0.52   -0.461153  0.00132845
        1794      -0.464   -0.461155  0.00132771
        1795      -0.576   -0.461219  0.00132852
        1796      -0.552   -0.461269  0.00132874
        1797      -0.448   -0.461262  0.00132802
        1798       -0.44    -0.46125  0.00132733
        1799      -0.448   -0.461243  0.00132661
        1800      -0.488   -0.461258  0.00132596
        1801      -0.472   -0.461264  0.00132524
        1802       -0.48   -0.461274  0.00132454
        1803      -0.528   -0.461311  0.00132433
        1804      -0.408   -0.461282  0.00132392
        1805      -0.512    -0.46131  0.00132349
        1806      -0.432   -0.461293  0.00132285
        1807      -0.432   -0.461277  0.00132222
        1808      -0.448    -0.46127  0.00132151
        1809      -0.496   -0.461289  0.00132092
        1810        -0.4   -0.461255  0.00132062
        1811       -0.52   -0.461288  0.00132029
        1812      -0.432   -0.461272  0.00131966
        1813      -0.544   -0.461317  0.00131972
        1814      -0.424   -0.461297  0.00131916
        1815      -0.504    -0.46132  0.00131864
        1816      -0.512   -0.461348  0.00131821
        1817        -0.4   -0.461314  0.00131791
        1818      -0.432   -0.461298  0.00131729
        1819       -0.44   -0.461286  0.00131662
        1820      -0.552   -0.461336  0.00131684
        1821      -0.472   -0.461342  0.00131613
        1822      -0.504   -0.461366  0.00131561
        1823      -0.536   -0.461406  0.00131553
        1824      -0.496   -0.461425  0.00131494
        1825      -0.408   -0.461396  0.00131455
        1826      -0.416   -0.461371  0.00131406
        1827       -0.52   -0.461403  0.00131373
        1828       -0.48   -0.461414  0.00131306
        1829      -0.464   -0.461415  0.00131234
        1830      -0.448   -0.461408  0.00131164
        1831      -0.408   -0.461378  0.00131125
        1832       -0.44   -0.461367  0.00131059
        1833      -0.416   -0.461342   0.0013101
        1834       -0.52   -0.461374  0.00130978
        1835      -0.528    -0.46141  0.00130957
        1836      -0.352   -0.461351  0.00131021
        1837      -0.536   -0.461391  0.00131013
        1838      -0.424   -0.461371  0.00130957
        1839      -0.344   -0.461307  0.00131042
        1840      -0.488   -0.461322  0.00130978
        1841      -0.456   -0.461319  0.00130908
        1842      -0.432   -0.461303  0.00130846
        1843       -0.44   -0.461291   0.0013078
        1844        -0.4   -0.461258  0.00130752
        1845      -0.464    -0.46126  0.00130681
        1846      -0.456   -0.461257   0.0013061
        1847      -0.488   -0.461271  0.00130548
        1848      -0.392   -0.461234  0.00130531
        1849      -0.536   -0.461274  0.00130523
        1850      -0.616   -0.461358   0.0013072
        1851      -0.464   -0.461359  0.00130649
        1852      -0.496   -0.461378  0.00130592
        1853      -0.576    -0.46144  0.00130668
        1854      -0.464   -0.461441  0.00130598
        1855      -0.528   -0.461477  0.00130577
        1856      -0.368   -0.461427  0.00130603
        1857        -0.4   -0.461394  0.00130575
        1858      -0.384   -0.461352  0.00130571
        1859      -0.464   -0.461353  0.00130501
        1860       -0.36   -0.461299  0.00130545
        1861      -0.448   -0.461292  0.00130476
        1862      -0.464   -0.461293  0.00130406
        1863      -0.552   -0.461342  0.00130427
        1864      -0.456   -0.461339  0.00130358
        1865       -0.44   -0.461328  0.00130293
        1866      -0.456   -0.461325  0.00130223
        1867       -0.48   -0.461335  0.00130157
        1868       -0.44   -0.461323  0.00130093
        1869      -0.488   -0.461338  0.00130031
        1870      -0.512   -0.461365  0.00129989
        1871       -0.52   -0.461396  0.00129958
        1872      -0.408   -0.461368   0.0012992
        1873      -0.472   -0.461373  0.00129852
        1874      -0.472   -0.461379  0.00129783
        1875      -0.456   -0.461376  0.00129715
        1876      -0.552   -0.461424  0.00129735
        1877      -0.544   -0.461468  0.00129741
        1878       -0.56   -0.461521  0.00129778
        1879      -0.464   -0.461522  0.00129709
        1880      -0.488   -0.461536  0.00129647
        1881      -0.512   -0.461563  0.00129606
        1882      -0.512    -0.46159  0.00129565
        1883      -0.544   -0.461634   0.0012957
        1884      -0.512    -0.46166  0.00129529
        1885       -0.48    -0.46167  0.00129464
        1886        -0.6   -0.461743  0.00129603
        1887      -0.464   -0.461745  0.00129534
        1888      -0.496   -0.461763  0.00129478
        1889        -0.4    -0.46173  0.00129451
        1890       -0.48    -0.46174  0.00129386
        1891      -0.408   -0.461711  0.00129349
        1892       -0.44     -0.4617  0.00129286
        1893      -0.488   -0.461714  0.00129225
        1894      -0.472   -0.461719  0.00129158
        1895      -0.448   -0.461712  0.00129092
        1896      -0.416   -0.461688  0.00129046
        1897      -0.392   -0.461651   0.0012903
        1898      -0.472   -0.461656  0.00128963
        1899      -0.424   -0.461637  0.00128911
        1900      -0.528   -0.461672   0.0012889
        1901      -0.496    -0.46169  0.00128835
        1902      -0.432   -0.461674  0.00128777
        1903      -0.408   -0.461646   0.0012874
        1904      -0.456   -0.461643  0.00128673
        1905      -0.376   -0.461598  0.00128684
        1906       -0.44   -0.461587  0.00128621
        1907      -0.568   -0.461642  0.00128675
        1908      -0.456   -0.461639  0.00128608
        1909      -0.488   -0.461653  0.00128548
        1910       -0.48   -0.461663  0.00128484
        1911      -0.504   -0.461685  0.00128436
        1912      -0.512   -0.461711  0.00128396
        1913      -0.568   -0.461767  0.00128449
        1914       -0.44   -0.461755  0.00128387
        1915      -0.528    -0.46179  0.00128366
        1916       -0.44   -0.461779  0.00128304
        1917      -0.416   -0.461755   0.0012826
        1918      -0.464   -0.461756  0.00128193
        1919      -0.384   -0.461715   0.0012819
        1920      -0.504   -0.461738  0.00128142
        1921      -0.552   -0.461784  0.00128161
        1922       -0.52   -0.461815  0.00128131
        1923      -0.584   -0.461878  0.00128221
        1924      -0.456   -0.461875  0.00128155
        1925      -0.424   -0.461856  0.00128104
        1926      -0.584   -0.461919  0.00128194
        1927      -0.496   -0.461937   0.0012814
        1928      -0.496   -0.461954  0.00128085
        1929      -0.464   -0.461955  0.00128019
        1930      -0.464   -0.461956  0.00127953
        1931        -0.4   -0.461924  0.00127927
        1932      -0.424   -0.461905  0.00127876
        1933      -0.424   -0.461885  0.00127824
        1934        -0.4   -0.461853  0.00127798
        1935      -0.424   -0.461834  0.00127747
        1936      -0.528   -0.461868  0.00127727
        1937       -0.52   -0.461898  0.00127696
        1938      -0.552   -0.461944  0.00127715
        1939       -0.44   -0.461933  0.00127654
        1940      -0.384   -0.461893  0.00127652
        1941      -0.448   -0.461886  0.00127588
        1942      -0.472   -0.461891  0.00127523
        1943      -0.488   -0.461904  0.00127465
        1944      -0.432   -0.461889  0.00127408
        1945      -0.504   -0.461911  0.00127361
        1946      -0.504   -0.461932  0.00127314
        1947      -0.472   -0.461937   0.0012725
        1948       -0.52   -0.461967  0.00127219
        1949       -0.48   -0.461976  0.00127158
        1950      -0.376   -0.461932  0.00127169
        1951      -0.408   -0.461905  0.00127134
        1952      -0.496   -0.461922   0.0012708
        1953      -0.512   -0.461948  0.00127041
        1954      -0.448   -0.461941  0.00126978
        1955      -0.416   -0.461917  0.00126935
        1956      -0.448    -0.46191  0.00126872
        1957      -0.504   -0.461932  0.00126826
        1958       -0.52   -0.461961  0.00126795
        1959      -0.456   -0.461958  0.00126731
        1960       -0.48   -0.461967   0.0012667
        1961      -0.528   -0.462001   0.0012665
        1962      -0.504   -0.462022  0.00126603
        1963      -0.512   -0.462048  0.00126565
        1964      -0.584    -0.46211  0.00126652
        1965      -0.384    -0.46207   0.0012665
        1966      -0.456   -0.462067  0.00126586
        1967      -0.448    -0.46206  0.00126524
        1968      -0.496   -0.462077  0.00126471
        1969      -0.496   -0.462094  0.00126419
        1970       -0.48   -0.462104  0.00126358
        1971      -0.456     -0.4621  0.00126294
        1972      -0.432   -0.462085  0.00126239
        1973      -0.536   -0.462123  0.00126231
        1974       -0.44   -0.462111  0.00126172
        1975      -0.496   -0.462129   0.0012612
        1976       -0.48   -0.462138  0.00126059
        1977      -0.432   -0.462122  0.00126005
        1978      -0.296   -0.462038  0.00126221
        1979      -0.472   -0.462043  0.00126158
        1980       -0.52   -0.462073  0.00126128
        1981        -0.4   -0.462041  0.00126103
        1982      -0.416   -0.462018  0.00126061
        1983      -0.536   -0.462055  0.00126053
        1984      -0.504   -0.462077  0.00126007
        1985      -0.472   -0.462082  0.00125944
        1986      -0.488   -0.462095  0.00125888
        1987       -0.36   -0.462043  0.00125929
        1988      -0.488   -0.462056  0.00125873
        1989      -0.456   -0.462053   0.0012581
        1990      -0.464   -0.462054  0.00125746
        1991       -0.44   -0.462043  0.00125688
        1992      -0.592   -0.462108  0.00125794
        1993      -0.376   -0.462065  0.00125805
        1994      -0.512    -0.46209  0.00125767
        1995      -0.448   -0.462083  0.00125706
        1996      -0.448   -0.462076  0.00125645
        1997      -0.456   -0.462073  0.00125583
        1998       -0.36   -0.462022  0.00125624
        1999      -0.544   -0.462063  0.00125628
        2000      -0.408   -0.462036  0.00125594
