0 5.41355 0
1000 5.379 0.0345539
2000 5.43468 0.0591518
3000 5.36334 0.0826997
4000 5.38012 0.0662204
5000 5.31782 0.0824951
6000 5.33779 0.0725263
7000 5.32263 0.0646141
8000 5.35168 0.0639606
9000 5.35149 0.0572084
10000 5.3683 0.054407
11000 5.39833 0.058039
12000 5.40402 0.0536914
13000 5.38241 0.0542064
14000 5.37521 0.0509741
15000 5.35508 0.0517574
16000 5.37008 0.050881
17000 5.38222 0.0494824
18000 5.39206 0.0478291
19000 5.37857 0.0473384
20000 5.40164 0.0505935
21000 5.39009 0.0496008
22000 5.39589 0.0477479
23000 5.37511 0.0502153
24000 5.3864 0.04947
25000 5.39932 0.0492543
26000 5.39254 0.0478771
27000 5.38246 0.0472245
28000 5.40056 0.0490304
29000 5.39342 0.0479027
30000 5.39257 0.0463395
31000 5.38993 0.0449457
32000 5.40017 0.0447501
33000 5.39377 0.0438823
34000 5.3983 0.0428498
35000 5.39561 0.0417296
36000 5.40084 0.0409226
37000 5.40856 0.0405717
38000 5.42531 0.0429191
39000 5.41232 0.0438023
40000 5.42227 0.0438644
41000 5.41862 0.0429625
42000 5.42044 0.041991
43000 5.43001 0.0421277
44000 5.43133 0.0412019
45000 5.43102 0.0402974
46000 5.43473 0.0396055
47000 5.43006 0.0390522
48000 5.42598 0.038464
49000 5.42717 0.0377056
50000 5.42441 0.0370613
51000 5.42237 0.0363991
52000 5.42252 0.0357061
53000 5.42535 0.0351523
54000 5.42265 0.0346124
55000 5.42684 0.0342452
56000 5.42605 0.0336483
57000 5.42714 0.0330811
58000 5.43407 0.0332442
59000 5.43053 0.0328764
60000 5.42676 0.0325522
61000 5.43409 0.032852
62000 5.42481 0.0336321
63000 5.43076 0.0336328
64000 5.42787 0.0332369
65000 5.43127 0.0329052
66000 5.43349 0.0324865
67000 5.43313 0.0320072
68000 5.42947 0.0317515
69000 5.42295 0.0319669
70000 5.4209 0.0315795
71000 5.42504 0.0314112
72000 5.42704 0.0310424
73000 5.43504 0.0316469
74000 5.43267 0.0313112
75000 5.43267 0.0308965
76000 5.43456 0.0305511
77000 5.43818 0.0303732
78000 5.44247 0.0302928
79000 5.44877 0.0305669
80000 5.44926 0.0301912
81000 5.44443 0.0302095
82000 5.44382 0.0298496
83000 5.44367 0.0294925
84000 5.43862 0.0295769
85000 5.43437 0.0295386
86000 5.4322 0.0292777
87000 5.43819 0.029556
88000 5.43928 0.0292424
89000 5.44618 0.0297267
90000 5.4525 0.0300703
91000 5.44705 0.0302368
92000 5.44707 0.0299099
93000 5.44476 0.0296806
94000 5.44444 0.0293682
95000 5.44894 0.029407
96000 5.44418 0.0294888
97000 5.44388 0.029188
98000 5.44161 0.0289805
99000 5.44955 0.0297696
