#     GENERATION:   L1:   BEST HALF <L1>:
           0     451.466      491.63
           1     436.195     472.274
           2     430.953     455.501
           3     426.686      444.99
           4     422.548     437.146
           5     416.594     428.308
           6      410.85     424.693
           7     404.895     418.142
           8     400.168     413.518
           9     400.168     409.309
          10     395.978     404.468
          11     392.978     399.591
          12     383.834     395.824
          13     382.917     390.836
          14     381.208     386.777
          15     378.279     384.526
          16     374.763     382.645
          17     368.556     379.327
          18     367.396       376.2
          19     364.749      371.28
          20      352.59     368.373
          21     351.445     364.458
          22     351.445     361.094
          23     351.445     356.215
          24     351.192     352.686
          25     348.918     351.719
          26      346.11     351.438
          27     345.736     351.365
          28     342.761     350.885
          29     342.314     348.168
          30     342.314     346.942
          31     342.291     346.217
          32     335.696     344.458
          33     335.696     341.143
          34     335.696     338.774
          35     334.669     336.441
          36     331.751       335.5
          37       316.1      334.56
          38       316.1     333.181
          39       316.1     329.826
          40       316.1     324.454
          41       316.1     320.829
          42       316.1     318.674
          43     310.166     315.982
          44     310.166     315.041
          45      306.46     312.602
          46      306.46     309.914
          47     305.096     307.791
          48     297.172     306.092
          49     297.172     303.416
          50     296.984     300.469
          51     296.273     297.155
          52     294.817     296.783
          53      294.51     296.431
          54     292.618     295.671
          55     292.341     295.047
          56     288.441      294.75
          57     285.664     292.817
          58      280.99     291.285
          59      280.99     289.656
          60      280.99     285.494
          61      280.99     282.862
          62     279.954     281.966
          63     279.015     281.274
          64     279.015     281.004
          65     276.389     281.193
          66     276.389     280.163
          67     276.389     278.361
          68     276.389     278.209
          69     276.389     278.415
          70     275.708     277.073
          71     274.748     276.737
          72     273.993     276.235
          73     273.993     275.578
          74     271.528     274.832
          75     270.089     273.721
          76     267.143     272.541
          77     267.143     271.285
          78     264.947     269.286
          79     260.941     267.784
          80     260.941     265.717
          81     260.832     264.704
          82     258.491     263.547
          83     258.491     263.016
          84     258.062     261.698
          85      254.34      260.06
          86      254.34     258.758
          87     253.911     257.849
          88     253.911     255.986
          89     252.353     254.626
          90     250.312     253.645
          91     249.343     252.706
          92     249.343     251.707
          93     246.837     250.523
          94     246.349     249.874
          95     243.842     249.061
          96      243.72     246.614
          97     243.269     245.354
          98     240.274     244.349
          99      240.18     243.528
         100      240.18     242.806
         101     237.872     241.189
         102     235.626      240.09
         103     229.006     238.492
         104     229.006     235.561
         105     229.006     233.266
         106     228.319     231.002
         107     225.156     229.118
         108     220.094     228.506
         109     220.094     225.542
         110     218.933      222.15
         111     217.014     221.721
         112     215.852     219.268
         113     215.852     218.441
         114     215.635     217.453
         115     214.473     216.587
         116     214.473     215.533
         117     213.668     215.074
         118     212.039     214.719
         119     212.003     213.889
         120     211.429     212.942
         121     211.429     212.197
         122     211.429     211.931
         123     210.929     211.506
         124     209.503     211.252
         125     209.003     210.797
         126     209.003     210.137
         127     208.352     209.652
         128     207.704     209.048
         129     207.022     208.672
         130     205.721     208.454
         131     205.721     208.173
         132     205.721     207.229
         133     205.721     206.483
         134     205.721     206.153
         135     204.641       205.7
         136     204.092     205.376
         137     203.031     205.002
         138     202.301     204.745
         139     202.301     203.956
         140     201.574     203.471
         141     200.636     202.517
         142     200.636     201.854
         143     200.636     201.552
         144     200.636     201.174
         145     199.844     200.979
         146     196.228      200.69
         147     196.228     200.084
         148     195.315     198.857
         149     195.315     198.923
         150     195.192     198.253
         151      195.02     196.237
         152     194.559     195.599
         153     194.264     195.112
         154     193.905     195.021
         155      193.61     194.773
         156     192.237     194.324
         157     191.857     193.475
         158     191.857      192.95
         159     191.857     192.462
         160     191.857     191.892
         161     191.857     191.875
         162     191.857     191.864
         163     191.709     191.854
         164     191.009     191.803
         165     189.894     191.596
         166     189.045     191.098
         167     189.045     190.638
         168     189.045     189.805
         169     189.045      189.37
         170      188.88     189.317
         171     187.114      188.96
         172     186.821     188.656
         173     186.821     188.926
         174     186.821     188.001
         175     185.721     187.478
         176      185.06      186.77
         177      185.06     186.436
         178     179.519     185.383
         179     179.519     183.776
         180     178.293     182.272
         181     178.293     181.912
         182     178.293     179.284
         183     177.247     178.711
         184     177.247      178.11
         185     177.155     177.833
         186     176.165     177.324
         187     175.433     177.187
         188     175.433     176.589
         189     174.436     175.943
         190     173.167     175.468
         191     171.695     174.993
         192     171.695     173.984
         193     171.695     173.012
         194     171.695     172.215
         195     169.659     171.713
         196     169.659     171.323
         197     168.438     170.484
         198     168.091     169.594
         199     168.091     169.104
         200     168.091     168.742
         201     168.091     168.397
         202     168.091     168.124
         203     166.374     168.054
         204      166.26     167.876
         205      166.26     167.649
         206      166.26     166.888
         207      166.26     166.558
         208     165.084     166.684
         209     165.084     166.002
         210     161.425     165.529
         211     161.425     164.648
         212     161.425     164.018
         213     161.425     164.007
         214     161.425     163.519
         215     161.425     161.936
         216     161.028     161.761
         217     161.028     163.072
         218     161.028     162.836
         219      160.49     162.622
         220     160.093     162.737
         221     159.057     161.488
         222     159.057      161.19
         223     158.683     160.866
         224     158.683     160.426
         225     158.592     159.973
         226     158.592     160.302
         227     158.592     160.453
         228     158.592     160.178
         229     158.592     159.487
         230     158.592     158.724
         231     157.487     158.576
         232     157.487     158.548
         233     157.487      158.46
         234     157.487     158.874
         235     156.646     158.334
         236     156.646     157.549
         237     156.646     157.257
         238      156.57     157.664
         239      156.57     157.324
         240     154.826     157.064
         241     154.826     156.262
         242     153.311     155.623
         243     153.311     154.824
         244     153.311     154.231
         245     153.311     153.796
         246     150.441     153.714
         247     150.441     153.453
         248     150.441     152.312
         249     150.441     152.139
         250     150.441     150.833
         251     149.413     150.493
         252     149.413     150.394
         253     149.413     150.276
         254     149.413     150.407
         255     149.413     149.913
         256     149.413     150.177
         257     149.004     149.405
         258     148.838     149.352
         259     148.838     149.239
         260     148.683      149.04
         261     148.683     149.204
         262     146.909     148.933
         263     146.909     148.967
         264     146.909     149.473
         265     146.909     149.699
         266     146.909      148.78
         267     146.909     147.793
         268     146.909     147.656
         269     146.894     146.909
         270     146.894     146.907
         271     146.894     146.932
         272     146.894      147.87
         273     146.894     146.954
         274     146.761     146.892
         275     146.761     146.876
         276     146.761     146.865
         277     146.761      146.95
         278     145.762     146.771
         279     145.762     146.495
         280     145.762     146.311
         281     145.762     146.149
         282     145.762     145.862
         283     145.762     145.782
         284     145.762     145.762
         285     145.762     145.762
         286     145.762     145.762
         287     145.762     145.762
         288     145.762     145.762
         289      145.38     145.755
         290      145.38     145.724
         291     144.827      145.66
         292     144.827      145.51
         293     144.827     145.293
         294     144.827     144.938
         295     144.827     144.827
         296     144.827     144.827
         297     144.827     144.827
         298     144.827     144.827
         299     144.171     144.814
         300     144.171      144.67
         301     143.501      144.58
         302     143.501     144.223
         303     142.845     143.875
         304     142.845     143.581
         305     142.845     143.367
         306     142.845     143.224
         307     142.776     142.844
         308     142.776     142.834
         309     140.246     142.772
         310     140.246     142.706
         311     140.246     142.281
         312     138.937     141.905
         313     138.937     141.192
         314     138.924     139.921
         315     138.924     139.989
         316     138.924     140.319
         317     138.924     140.572
         318     138.924     141.197
         319     138.924     139.081
         320     138.924     139.001
         321     138.924     139.283
         322     138.924     138.924
         323     138.924     138.924
         324     138.924     138.924
         325     138.924     138.924
         326     138.924     138.924
         327     138.924     138.924
         328     138.924     138.924
         329     138.924     138.924
         330     138.924     138.924
         331     138.294     138.912
         332     138.294     138.817
         333     138.294     138.602
         334     138.294     138.556
         335     138.294     138.363
         336     137.976     138.297
         337     137.976     138.255
         338     137.976     138.164
         339     137.976     138.088
         340     137.976     137.976
         341     137.976     137.976
         342     137.877     137.974
         343     137.877     137.962
         344     137.877      137.95
         345     137.877     137.942
         346     137.877      137.93
         347     137.839     137.876
         348     137.175     137.847
         349     137.175     137.714
         350     137.175     137.529
         351     137.175     137.307
         352     137.175     137.175
         353     137.175     137.175
         354     137.175     137.217
         355     137.175     137.466
         356      136.54     137.163
         357      136.54     137.099
         358      136.54     136.896
         359      136.54     136.591
         360      136.54      136.54
         361      136.54      136.54
         362      136.54      136.54
         363     135.347     136.509
         364     135.347     136.425
         365     135.347      136.14
         366     135.347     135.729
         367     135.347      135.46
         368     135.181     135.453
         369     135.181      135.32
         370     135.181     135.254
         371     134.819      135.21
         372     134.653     135.139
         373     134.653     135.139
         374     134.653     135.012
         375     134.446      134.84
         376     134.446     134.713
         377     134.446     134.751
         378     134.446     134.795
         379     134.446     134.664
         380     134.446     134.446
         381     134.446     134.446
         382     134.443     134.446
         383     134.443     134.446
         384     134.443     134.445
         385     134.443     134.444
         386     134.443     134.444
         387     134.443     134.443
         388     134.266     134.439
         389     134.266     134.418
         390     134.266     134.379
         391     133.796     134.338
         392     133.796     134.436
         393     133.796     134.163
         394     133.524     133.913
         395     133.524     133.908
         396     133.524     133.937
         397     133.524     133.923
         398     133.524     133.663
         399     133.524     133.594
         400     133.524     133.529
         401      132.77     133.509
         402      132.77     133.433
         403      132.77     133.177
         404      132.77     133.026
         405      132.77     132.815
         406      132.77      132.77
         407      132.77      132.77
         408      132.77      132.77
         409     132.567     132.766
         410     132.567     132.757
         411     132.567     132.717
         412     132.567     132.648
         413     132.567     132.907
         414     132.567     132.821
         415     132.567     132.648
         416     132.567     132.921
         417     132.567     132.567
         418     132.567      132.58
         419     132.567     132.567
         420     131.263     132.534
         421     131.263     132.508
         422     131.263     132.268
         423     131.263     131.965
         424     131.263     131.595
         425     131.263      131.44
         426     131.263     131.948
         427     131.263     132.005
         428     131.263     131.641
         429     131.263     132.342
         430     130.596     131.283
         431     130.596     131.183
         432     130.596     130.983
         433     130.596     130.898
         434     130.596     130.666
         435     130.596     130.688
         436     130.596     130.858
         437     130.422     132.309
         438     130.422     132.864
         439     130.422     131.566
         440      130.42     131.151
         441      130.42     130.479
         442     130.245     130.425
         443     130.245     130.432
         444     130.245     130.688
         445     130.245     130.406
         446     130.245     130.266
         447     130.245     130.371
         448     130.245     130.316
         449     130.245     130.245
         450     130.245     130.245
         451     129.139      130.22
         452     129.139      129.93
         453     129.139     129.646
         454     129.139      129.32
         455     128.996     129.136
         456     128.996     129.125
         457     128.996     129.105
         458     128.996     129.266
         459     128.996     129.181
         460     128.901     129.175
         461     128.901     128.981
         462     128.901     128.958
         463     128.371     129.501
         464     128.371      129.28
         465     127.902     128.861
         466     127.902     128.894
         467     127.902     128.582
         468     127.902     128.329
         469     127.259      128.08
         470     127.259     128.085
         471     127.259     128.234
         472     127.259     127.354
         473     127.259     127.285
         474     127.259     127.277
         475     127.259     127.259
         476     127.259     127.259
         477     127.259     127.259
         478     127.259     127.259
         479     127.259     127.259
         480     127.259     127.259
         481     127.259     127.259
         482     127.259     127.259
         483     127.259     127.259
         484     127.259     127.259
         485     127.259     127.259
         486     127.259     127.259
         487     127.259     127.259
         488     126.374     127.223
         489     126.374     127.027
         490     125.474     126.713
         491     125.474     126.125
         492     124.776     125.884
         493     124.776     125.347
         494     123.272     125.112
         495     123.131     124.597
         496     123.131     124.216
         497     123.131     124.039
         498     123.131     123.793
         499     123.131     123.452
         500     123.131     123.141
         501     123.131     123.131
         502     123.131     123.131
         503     123.131     123.131
         504     123.131     123.131
         505     123.131     123.131
         506     121.285     123.094
         507     121.285     122.929
         508     121.285     122.756
         509     121.285     122.249
         510     121.285     121.843
         511     121.285     121.487
         512     120.947     121.583
         513     120.947     121.799
         514     120.947     121.618
         515     120.947     121.497
         516     120.947     122.624
         517     120.947     123.611
         518     120.947     124.389
         519     120.947     122.524
         520     120.947     121.361
         521     120.947     121.719
         522     120.947     120.953
         523     120.947     120.947
         524     120.147     120.945
         525     120.147     121.233
         526     119.904     121.095
         527     119.904     122.144
         528     119.904     121.921
         529     119.904      121.26
         530     119.904     121.653
         531     119.904     121.721
         532     119.904     120.008
         533     119.904     119.904
         534     119.904     119.904
         535     119.904     119.904
         536     119.904     119.904
         537     119.904     119.904
         538     119.904     119.904
         539     119.902     119.904
         540     119.902     119.903
         541     119.159     119.949
         542     119.159     119.821
         543     119.159     119.627
         544     119.158     119.415
         545     119.158     119.228
         546     119.158     119.165
         547     119.158     119.158
         548     119.158     119.158
         549     119.158     119.158
         550     118.998     119.152
         551     118.998     119.135
         552     118.998     119.086
         553      118.98     119.066
         554     118.582     119.033
         555     118.056     118.964
         556     118.056     119.089
         557     118.056     119.172
         558     118.056     118.823
         559     118.056     118.465
         560     118.056      118.09
         561     118.039     118.258
         562     118.039     118.072
         563      116.62     118.022
         564      116.62     117.974
         565      116.62     117.729
         566     116.603      117.31
         567     116.603     116.852
         568     116.603     116.611
         569     116.603     116.606
         570     116.603     116.603
         571     116.603     116.603
         572     116.603     116.603
         573     116.603     116.603
         574     116.603     116.603
         575     116.603     116.603
         576     116.603     116.603
         577     116.603     116.603
         578     116.603     116.603
         579     116.603     116.603
         580     116.603     116.603
         581     116.603     116.603
         582     116.603     116.603
         583     116.603     116.603
         584     116.603     116.603
         585     116.603     116.603
         586     116.565     116.602
         587     116.565     116.597
         588     116.565     116.581
         589     116.565     116.747
         590     116.565     116.604
         591     116.565     116.898
         592     116.565     117.583
         593     116.565     117.416
         594     115.489     116.543
         595     114.698      116.42
         596     114.698     116.153
         597     114.698     115.469
         598     114.698      115.35
         599     114.698     114.917
         600     114.698     114.698
         601     114.698     114.733
         602     114.698     114.698
         603     114.698     114.698
         604     114.698     114.698
         605     114.698     114.698
         606     114.698     114.698
         607     114.698     114.698
         608     114.698     114.698
         609     113.965     114.683
         610     112.923     114.486
         611     112.923     114.123
         612     112.923     113.778
         613     112.923     113.163
         614     112.923     113.464
         615     112.923     113.365
         616     112.923     113.462
         617     112.923     112.923
         618     112.923     112.923
         619     112.923     112.923
         620     111.209     112.888
         621     111.209     112.717
         622     111.209     112.031
         623      110.96     111.547
         624      110.96     111.159
         625      110.96     111.059
         626     110.463      110.99
         627      109.62     110.935
         628     109.123     110.646
         629     109.123     110.171
         630     108.819     109.808
         631     108.819     109.355
         632     108.819     109.027
         633     108.819      108.91
         634     108.819     108.831
         635      108.71     108.817
         636      108.71     108.806
         637      108.71     108.778
         638      108.71     108.725
         639      108.71      108.71
         640      108.71      108.71
         641      108.71      108.71
         642      108.71      108.71
         643      108.71      108.71
         644      108.71      108.71
         645      108.71      108.71
         646     108.675     108.709
         647     108.675     108.707
         648     108.377     108.689
         649     108.377     108.641
         650     108.342     108.584
         651     108.342     108.707
         652     108.342     108.639
         653     108.342     108.597
         654     108.101     108.338
         655     108.101     108.318
         656     108.101      108.27
         657     108.101     108.458
         658     108.101     109.027
         659     108.101     108.304
         660     108.101     108.106
         661     107.963     108.424
         662     107.963     108.087
         663     107.963     108.063
         664     107.963     108.007
         665     107.954     107.977
         666     107.954     107.963
         667     107.816     107.956
         668     107.816     107.938
         669     107.816     107.915
         670     107.816     107.855
         671     107.017     107.825
         672     107.017      107.74
         673     107.017     107.554
         674     107.017     107.336
         675     106.953     107.207
         676     106.478     106.998
         677     106.478     106.878
         678     106.478     106.775
         679     106.478     106.583
         680     106.478     106.478
         681     106.478     106.478
         682     106.478     106.478
         683     106.478     106.478
         684     106.478     106.478
         685     106.478     106.478
         686     106.478     106.478
         687     106.478     106.478
         688      106.38     106.476
         689     106.285     106.457
         690     106.285     106.418
         691     106.187     106.332
         692     106.187     106.292
         693     106.187     106.246
         694     106.187     106.205
         695     106.187     106.187
         696     106.187     106.187
         697     106.187     106.187
         698     106.187     106.187
         699     106.187     106.187
         700     106.187     106.187
         701     105.885     106.181
         702     105.885     106.114
         703     105.885     106.117
         704     105.885     106.226
         705     105.885      106.35
         706     105.885     105.903
         707     105.885     105.885
         708     105.885     105.885
         709     105.885     105.885
         710     105.885     105.885
         711     105.885     105.885
         712     105.212     105.872
         713     104.392     105.734
         714     103.719     105.471
         715     103.719     105.124
         716     103.719     104.448
         717     103.719     103.865
         718     103.719     103.775
         719     103.719       103.9
         720     103.719     103.719
         721     103.719     103.719
         722     103.719     103.719
         723     103.719     103.719
         724     103.719     103.719
         725     103.719     103.719
         726     103.719     103.719
         727     103.719     103.719
         728     102.757       103.7
         729     102.757     103.584
         730     102.757     103.349
         731     102.757      102.96
         732     102.757     102.757
         733     102.346     102.749
         734     102.346     102.675
         735     102.346     102.524
         736     102.346      102.42
         737     102.346     102.387
         738     101.169     102.409
         739     101.169     102.225
         740     101.169      102.02
         741     101.169     101.622
         742     101.169     101.786
         743     101.169     101.612
         744     101.169     101.847
         745     100.874     101.163
         746     100.874     101.279
         747     100.874     101.574
         748     100.747     101.022
         749     100.747     100.948
         750     100.747     101.104
         751     100.459     100.824
         752     100.459     100.749
         753     100.459     100.634
         754     100.459     100.551
         755     100.459     100.476
         756     100.459     100.459
         757     100.459     100.459
         758     100.459     100.459
         759     100.459     100.459
         760     100.459     100.459
         761     100.459     100.459
         762     100.459     100.459
         763     100.459     100.459
         764     100.459     100.459
         765     100.459     100.459
         766     100.459     100.459
         767     99.7674     100.445
         768     99.7674     100.418
         769     99.7674     100.293
         770     99.7674     100.189
         771     99.7674     99.9749
         772     99.7674     99.7674
         773     99.7674     99.7674
         774     99.7674     99.7674
         775     99.7674     99.7674
         776     99.7674     99.7674
         777     99.7674     99.7674
         778     99.3534     99.7591
         779     99.3534     99.9308
         780     99.3534     99.6163
         781     99.3534     99.5042
         782     99.3534     99.5289
         783     99.3534     99.3534
         784     99.3534     99.3534
         785     99.3534     99.3534
         786     99.3534     99.3534
         787     99.2264     99.3508
         788     99.2264     99.3407
         789     99.2264     99.3026
         790     98.7697     99.2579
         791     98.7697     99.2012
         792     98.7697     101.076
         793     98.7697     99.8881
         794     98.7697     101.324
         795     98.7697     100.441
         796     98.7697     99.2205
         797     98.7697     99.1824
         798     98.7697     98.7697
         799     98.7697     98.7697
         800     98.7697     98.7697
         801     98.7697     98.7697
         802     98.7697     98.7697
         803     98.7697     98.7697
         804     98.7697     98.7697
         805     98.7697     98.7697
         806     98.7697     98.7697
         807     98.7697     98.7697
         808     98.7697     98.7697
         809     98.7697     98.7697
         810     98.7697     98.7697
         811     98.7697     98.7697
         812     98.7697     98.7697
         813     98.7697     98.7697
         814     98.7697     99.1476
         815     98.7697     99.0283
         816     98.7697     98.7697
         817      98.536      98.765
         818      98.536      98.737
         819      98.536     98.6575
         820      98.536     98.5874
         821      98.536     98.5594
         822     98.4911     98.5351
         823     98.4911     98.5288
         824     98.4911     98.5189
         825     98.4911      98.501
         826     98.4911     98.4938
         827     98.4911     98.4965
         828     98.4911     98.4911
         829     98.4911     98.4911
         830     98.4911     98.4911
         831     98.4911     98.4911
         832     98.4911     98.4911
         833     98.4911     98.4911
         834     98.4911     98.4911
         835      98.301     98.4873
         836      98.301     98.4378
         837      98.301     98.3504
         838      98.301     98.3048
         839      98.301      98.301
         840      98.301      98.301
         841      98.301      98.301
         842     98.2244     98.2994
         843     98.2244     98.2887
         844     98.2244     98.2594
         845     98.2244     98.2473
         846     98.2244     98.2244
         847     98.2244     98.2244
         848     98.2244     98.2244
         849     98.2244     98.2244
         850     98.2244     98.2244
         851     98.2244     98.2244
         852     98.2244     98.2244
         853     98.2244     98.2244
         854     98.2244     98.2244
         855     98.2244     98.2244
         856     98.2244     98.2244
         857     98.2244     98.2244
         858     98.2244     98.2244
         859     98.2244     98.2244
         860     98.2244     98.2244
         861     98.2244     98.2244
         862     98.2244     98.2244
         863     98.2244     98.2244
         864     98.2244     98.2244
         865     98.2244     98.2244
         866     98.2244     98.2244
         867     98.2244     98.2244
         868     98.2244     98.2244
         869     98.2244     98.2244
         870     98.2244     98.2244
         871     98.2244     98.2244
         872     98.2244     98.2244
         873     98.2244     98.2244
         874     98.2244     98.2244
         875     98.2244     98.2244
         876     98.2244     98.2244
         877     98.2244     98.2244
         878     98.2244     98.2244
         879     98.2244     98.2244
         880     98.2244     98.2244
         881     98.2244     98.2244
         882     98.2244     98.2244
         883     98.2244     98.3748
         884     98.2244     98.2572
         885     98.2244     98.2244
         886     98.2244     98.2244
         887     98.2244     98.2244
         888     98.2244     98.2244
         889     97.5898     98.2117
         890     97.5898     98.0848
         891     97.5898     97.9198
         892     97.5898     97.7421
         893     97.5898     97.6406
         894     97.2507     97.6465
         895     97.2507     97.5695
         896     97.2507     97.4745
         897     96.3453     97.3571
         898      95.939     97.0458
         899      95.939     96.7548
         900      95.939     96.4416
         901      95.939     96.1939
         902      95.939     95.9959
         903      95.939     96.0222
         904      95.939      95.939
         905     95.6468     95.9332
         906     95.6468     95.8923
         907     95.6468     95.8105
         908     95.6468     95.8899
         909     95.5233     95.7148
         910     95.5233     95.6345
         911     95.2222     95.5914
         912     95.2222     95.5605
         913     95.2222     95.4527
         914     95.2222     95.5719
         915     95.2222     95.4426
         916     95.2222     95.2818
         917     94.2912     95.2036
         918     94.2912     95.1105
         919     94.2912     94.9821
         920     94.2912     94.7959
         921     94.2912     94.5717
         922     94.2912     94.4003
         923     94.2912     94.3284
         924     94.2912     94.2912
         925     94.2912     94.2912
         926     94.2912     94.2912
         927     94.2912     94.3155
         928     94.2912     94.6245
         929     94.2912     94.3028
         930     94.2912     94.3438
         931     94.2912     94.2912
         932     94.2912     94.2912
         933     94.2912     94.2912
         934     94.2912     94.2912
         935     94.2912     94.2912
         936     94.2912     94.2912
         937     94.2912     94.2912
         938     94.2912     94.2912
         939     94.1144     94.2876
         940     94.1144     94.2629
         941      93.413      94.209
         942      93.413     94.0302
         943      93.413     93.7601
         944      93.413     93.5523
         945      93.413      93.413
         946      93.413      93.413
         947      93.413      93.413
         948      93.413      93.413
         949      93.413      93.413
         950      93.413      93.413
         951      93.413      93.413
         952      93.413      93.413
         953      93.413      93.413
         954      93.413      93.413
         955      93.413      93.413
         956      93.413      93.413
         957      93.413     93.6145
         958      93.413     93.5846
         959      93.413     93.4229
         960      93.413      93.413
         961      93.413     93.4199
         962      93.413      93.413
         963      93.413      93.413
         964     92.7978     93.4007
         965     92.7978     93.3269
         966     92.7978     93.1741
         967     92.7978     93.1504
         968     92.7978     92.8716
         969     92.7978     92.7978
         970     92.7978     92.7978
         971     92.7978     92.7978
         972     92.7978     92.7978
         973     92.7978     92.8512
         974     92.7978     92.7978
         975     92.7978     92.7978
         976     92.7978     92.7978
         977     92.7978     92.7978
         978     92.7978     92.7978
         979     92.7978     92.7978
         980     92.7978     92.7978
         981     92.7978     92.7978
         982     92.7978     92.7978
         983     92.7978     92.7978
         984      92.707      92.796
         985      92.707     92.7833
         986      92.707     92.7705
         987      92.707     92.7324
         988      92.707     92.7269
         989      92.707      92.707
         990      92.707      92.707
         991      92.707      92.707
         992      92.707      92.707
         993      92.707      92.707
         994      92.707      92.707
         995     92.6273     92.7054
         996     92.6273     92.6894
         997     92.6273     92.6623
         998     92.6273     92.6464
         999     92.6273     92.8116
        1000     92.6273     92.6289
