         1.43115        0.666016        -2.71213
       -0.951814        -1.49875      -0.0124851
         1.44437         1.14163       -0.505239
        0.703822        0.641911       -0.982209
         1.37026        0.159389         1.92263
        0.156125       -0.511702       -0.239287
       0.0988617         1.82954        -1.16072
        0.723288        0.744904       -0.258088
       0.0942336        -1.16614        0.751341
        -1.71183       0.0671886        0.626666
       -0.947688        -1.06744       -0.119956
        0.172994        0.712963        -1.71816
         1.63091         1.21904      -0.0203322
         1.71731        -2.04124        0.052401
        0.419522       -0.212459         1.53247
       -0.529556        0.787692          1.1158
     -0.00405457        0.114874        -1.35899
        0.121273       -0.124576      -0.0456765
        0.426539        -1.45577       -0.467815
        0.830382        0.251917         0.32023
        -1.65073        -0.32602        0.071777
          1.1436        -0.25229         1.47768
       -0.216009       -0.926701        -1.36274
        -1.50086       -0.228085      -0.0685823
         1.40351        0.653245        -1.34028
        -1.22642        -1.14324       -0.311345
         1.83235         1.40565         2.06155
        0.373415       -0.769915        -1.61013
       -0.271558       0.0419569       -0.963761
         1.12895        0.276939         -1.3006
        -1.42519        0.463085       -0.296578
       -0.740776         1.74462        -1.49029
        0.565271        0.456253        0.496199
        -1.11495        0.156913        0.797137
       -0.330843         1.15308       -0.739123
       -0.479112        -1.23659        0.282231
        -1.16127       0.0339279        0.360846
       -0.731511          1.5933        -1.26973
        0.350432        -0.51168          0.6425
         1.17556       -0.590833      -0.0820116
      -0.0210005        0.415098        0.375278
      0.00256781        0.383384        0.107546
       -0.723047        -1.55985           1.474
       -0.675652         1.00222        -1.28514
       -0.719057        0.656538         2.76233
        -2.29432       -0.369566        -1.22351
       0.0544035       -0.367467       -0.221891
        -1.48661         -1.1739        0.914825
          1.5961          1.2765       -0.692304
         0.63237        -1.52881        -1.36531
         -1.5934        0.250348        0.369261
       -0.334783        0.345342         1.15951
        0.864499        -1.48738         -1.5845
          2.0144      -0.0792576         -1.6487
        0.503453       -0.978564        0.782641
        0.431255        -1.79361        0.290233
       -0.936779         2.04314        -1.22919
         0.86716         0.46496         1.52887
       -0.158745        0.559056         1.16262
        -1.16544        0.213549       -0.436071
        -2.12168         1.03036       -0.375324
        -2.50777          -1.854       -0.105304
        0.999779         0.46992       -0.394004
       -0.731212        0.447053        0.604423
        -1.59887        0.451887       -0.254735
         1.52793        0.535451        0.760098
        0.944246       -0.661317        -0.25881
        0.658849         1.37315       -0.547399
         1.02022        0.404262        0.870188
        0.201899        -1.28382        -2.18992
        0.108142         1.42973       0.0453048
        0.926041        -2.02474        -1.52886
       -0.728164        0.989059       0.0863099
        0.934715         1.18373         3.02336
       -0.467416         1.13823       0.0402626
        0.568785        -0.41702        0.527062
       -0.270062        0.294519       -0.362836
       -0.915858        -1.08771      -0.0802185
        -1.06333        -2.05381        -1.31536
        -0.12758        -1.63328         0.60272
        -1.12022          2.5285        -1.10628
        0.292962        0.871652       -0.468496
        -1.19372          1.1327         2.22759
        -1.08863         1.00168         2.36308
       0.0080212        -1.38651         1.64732
      -0.0872848        0.110695       -0.956915
         2.35841         -2.3048       -0.107284
       -0.878533         1.35321         1.52471
        0.405478       -0.104928        0.858217
        -1.53651        -2.61068       -0.898269
       -0.723062        -1.29627        0.975061
       -0.556136       -0.259322        -1.49362
        0.691443        0.793737         1.14888
        0.652627        0.675869       -0.173864
        0.985048        -0.47823        0.997454
       -0.606697        0.857214        0.126412
        0.920486        -0.77113       -0.538301
       -0.713998        -1.21907        0.429873
        0.582977        0.938827        0.541749
       -0.199679       -0.694408       -0.209255
        0.970712        0.425082         1.33983
         0.94436     -0.00708432        -1.24881
        0.481015         -2.1347        -1.01689
        0.956462        0.484628         1.52104
       -0.833878        0.553555       -0.159989
        0.159988        0.957109        0.064071
        0.426706        0.432663        0.218017
        0.165665        0.894019      -0.0679878
