0 1000.55
100 981.352
200 953.632
300 925.414
400 908.992
500 897.491
600 876.87
700 858.302
800 836.344
900 809.192
1000 784.349
1100 758.257
1200 740.644
1300 718.717
1400 688.814
1500 667.7
1600 643.661
1700 625.249
1800 608.811
1900 589.775
2000 565.601
2100 544.396
2200 524.592
2300 504.922
2400 477.903
2500 446.12
2600 416.777
2700 390.083
2800 354.175
2900 329.297
3000 314.496
3100 289.357
3200 262.896
3300 250.022
3400 238.126
3500 209.545
3600 186.243
3700 157.379
3800 140.36
3900 124.02
4000 111.016
4100 80.9527
4200 62.2591
4300 47.5587
4400 22.6997
4500 4.33884
4600 0.928641
4700 2.06106
4800 2.65597
4900 2.04632
5000 3.19415
5100 0.59282
5200 0.403645
5300 2.02287
5400 2.7377
5500 0.75366
5600 1.51994
5700 1.77334
5800 1.25997
5900 1.31038
6000 0.324601
6100 2.40519
6200 2.27541
6300 0.757315
6400 2.6125
6500 1.45162
6600 1.52856
6700 1.36189
6800 0.804257
6900 0.441876
7000 1.77953
7100 1.06048
7200 0.680138
7300 0.294406
7400 0.675804
7500 1.6518
7600 0.302991
7700 0.813368
7800 1.70262
7900 0.64575
8000 1.03932
8100 1.47657
8200 0.550481
8300 3.10178
8400 0.90205
8500 0.192784
8600 1.19948
8700 2.2378
8800 0.734193
8900 1.98831
9000 1.31975
9100 2.21447
9200 0.529515
9300 3.01205
9400 1.10963
9500 1.22936
9600 2.82734
9700 1.21898
9800 0.452042
9900 0.642483
10000 1.06369
10100 1.15925
10200 1.54192
10300 0.71655
10400 1.88375
10500 0.68978
10600 0.828288
10700 0.76286
10800 0.273817
10900 1.01813
11000 1.07264
11100 1.89396
11200 2.21047
11300 0.392916
11400 0.45525
11500 2.00866
11600 2.37237
11700 0.717035
11800 0.882248
11900 2.55057
12000 1.06935
12100 0.869791
12200 4.06905
12300 0.948389
12400 0.68129
12500 1.25788
12600 2.61671
12700 1.53962
12800 2.35697
12900 1.81842
13000 0.999931
13100 0.819197
13200 1.11601
13300 0.991613
13400 1.55557
13500 0.277603
13600 1.53952
13700 1.78728
13800 1.37181
13900 1.02495
14000 1.43794
14100 0.466473
14200 0.918982
14300 2.60957
14400 1.67274
14500 2.73339
14600 2.0886
14700 0.724096
14800 1.82648
14900 1.25567
15000 0.786389
15100 0.933082
15200 1.69833
15300 1.7413
15400 1.44038
15500 0.393531
15600 1.09632
15700 1.06353
15800 0.634368
15900 1.24881
16000 1.60526
16100 3.66155
16200 0.170949
16300 2.6434
16400 1.68723
16500 1.18609
16600 2.0475
16700 2.6766
16800 0.996434
16900 0.93776
17000 1.27311
17100 1.25369
17200 4.09244
17300 0.67178
17400 3.09252
17500 1.96884
17600 2.3283
17700 2.95526
17800 0.70666
17900 0.952554
18000 1.06548
18100 0.829281
18200 0.526028
18300 0.344434
18400 0.536996
18500 0.776623
18600 1.29846
18700 0.865713
18800 2.42027
18900 0.882913
19000 3.95916
19100 1.47233
19200 1.26723
19300 1.21818
19400 1.51107
19500 0.51636
19600 1.05193
19700 1.54278
19800 1.35619
19900 3.26176
20000 0.485999
20100 0.718453
20200 0.432308
20300 2.78482
20400 1.23468
20500 1.22342
20600 1.73171
20700 1.71653
20800 2.17183
20900 1.33845
21000 0.92845
21100 1.14871
21200 1.64531
21300 1.36631
21400 3.05582
21500 2.75941
21600 1.80568
21700 1.77564
21800 2.93772
21900 1.38767
22000 1.46431
22100 2.82432
22200 2.75222
22300 0.884653
22400 2.7817
22500 1.26977
22600 1.8925
22700 2.23593
22800 0.638787
22900 1.17256
23000 1.70702
23100 1.27369
23200 1.66428
23300 1.11793
23400 1.04444
23500 1.28016
23600 0.92773
23700 0.91684
23800 2.31692
23900 1.57167
24000 2.15331
24100 3.58056
24200 2.4533
24300 1.05975
24400 2.15418
24500 2.1451
24600 0.613305
24700 1.23175
24800 0.696124
24900 2.37253
25000 0.519827
25100 0.448402
25200 0.887876
25300 0.980206
25400 2.92479
25500 2.32806
25600 3.56671
25700 2.02353
25800 0.952674
25900 1.87838
26000 0.46046
26100 1.65682
26200 1.94815
26300 0.421777
26400 2.27719
26500 2.4062
26600 2.57371
26700 0.612667
26800 0.570374
26900 0.828265
27000 0.89
27100 1.3937
27200 2.04006
27300 1.52327
27400 2.32726
27500 2.50434
27600 1.49075
27700 0.755668
27800 1.1088
27900 1.68121
28000 2.7625
28100 1.18194
28200 2.27839
28300 1.31398
28400 0.584318
28500 0.382994
28600 1.03943
28700 1.24671
28800 1.68779
28900 2.09177
29000 1.01454
29100 0.956883
29200 0.751283
29300 3.83583
29400 1.80427
29500 1.66281
29600 0.949865
29700 0.247693
29800 0.35589
29900 0.79637
30000 2.19344
30100 1.80471
30200 2.1406
30300 2.01533
30400 1.65387
30500 2.82235
30600 0.683786
30700 1.01451
30800 0.853384
30900 0.728673
31000 3.40103
31100 1.36651
31200 1.59268
31300 1.75423
31400 1.4545
31500 1.13071
31600 1.85588
31700 0.93015
31800 2.43076
31900 0.943916
32000 2.06544
32100 0.290965
32200 0.937506
32300 0.905849
32400 1.0966
32500 0.354659
32600 0.78371
32700 1.14493
32800 2.36303
32900 0.790718
33000 0.965397
33100 1.048
33200 1.25167
33300 0.384674
33400 1.86371
33500 0.508865
33600 1.35219
33700 0.648032
33800 0.854387
33900 1.36111
34000 3.08772
34100 1.52913
34200 1.9049
34300 1.23144
34400 0.820386
34500 0.776965
34600 0.288588
34700 1.89308
34800 1.9361
34900 1.11132
35000 3.88706
35100 0.68236
35200 3.82834
35300 0.924279
35400 3.13582
35500 1.60996
35600 1.37258
35700 0.717273
35800 0.46468
35900 1.50936
36000 3.13261
36100 1.73181
36200 2.42366
36300 1.18019
36400 0.389228
36500 1.57438
36600 2.16252
36700 0.466633
36800 0.211146
36900 1.09791
37000 0.732052
37100 0.97912
37200 2.49802
37300 1.97279
37400 1.13491
37500 1.20915
37600 2.23895
37700 1.97854
37800 2.43971
37900 1.97393
38000 2.33185
38100 2.79274
38200 0.929454
38300 0.860073
38400 0.633624
38500 2.46208
38600 1.78918
38700 1.83337
38800 0.426242
38900 2.0059
39000 0.975116
39100 1.75628
39200 1.65745
39300 0.895531
39400 0.751748
39500 1.53002
39600 1.33792
39700 0.629706
39800 0.92936
39900 0.45735
40000 1.15741
40100 0.94758
40200 1.66655
40300 1.05672
40400 1.8311
40500 1.68065
40600 1.83452
40700 1.09854
40800 5.8846
40900 0.330711
41000 0.562539
41100 0.574353
41200 0.989177
41300 1.04676
41400 3.85391
41500 1.74289
41600 1.31005
41700 0.959
41800 2.47076
41900 1.70608
42000 1.66637
42100 1.54998
42200 1.58228
42300 1.32662
42400 0.400773
42500 0.304183
42600 1.77514
42700 0.986571
42800 2.37367
42900 0.891563
43000 0.508462
43100 2.21269
43200 1.95069
43300 0.995393
43400 4.38544
43500 2.47077
43600 0.539501
43700 0.687595
43800 1.81976
43900 0.996672
44000 1.44043
44100 2.12257
44200 2.45905
44300 0.975154
44400 2.63799
44500 0.821093
44600 0.662782
44700 2.17545
44800 0.725844
44900 0.924957
45000 1.96369
45100 1.67861
45200 0.528298
45300 0.894076
45400 1.11209
45500 1.1914
45600 0.809157
45700 2.06649
45800 3.98067
45900 0.925891
46000 2.2485
46100 0.298862
46200 0.438324
46300 0.396463
46400 1.12366
46500 0.629002
46600 6.00006
46700 1.24638
46800 1.16359
46900 1.2116
47000 0.0892972
47100 1.873
47200 1.66776
47300 2.14802
47400 1.61013
47500 0.924453
47600 3.80322
47700 0.31415
47800 2.20717
47900 2.72652
48000 1.57143
48100 0.436578
48200 1.24816
48300 1.11839
48400 0.81269
48500 1.13047
48600 1.25162
48700 0.810765
48800 0.994215
48900 2.64859
49000 0.779605
49100 0.637087
49200 0.508142
49300 2.86383
49400 3.22073
49500 0.971852
49600 0.444704
49700 0.322129
49800 0.800896
49900 2.90471
50000 1.9504
50100 3.26382
50200 1.23483
50300 1.50424
50400 2.52648
50500 0.520242
50600 0.989628
50700 1.88953
50800 2.58124
50900 0.534044
51000 0.597433
51100 0.347437
51200 1.19959
51300 2.94964
51400 2.58896
51500 2.51275
51600 0.806354
51700 1.11663
51800 1.41743
51900 0.643097
52000 2.20327
52100 0.414179
52200 0.835141
52300 2.98225
52400 3.42302
52500 1.087
52600 0.674645
52700 1.481
52800 1.00141
52900 1.15482
53000 1.3435
53100 0.739262
53200 3.26175
53300 2.0699
53400 1.44742
53500 0.721609
53600 0.533478
53700 0.298309
53800 1.45875
53900 1.82179
54000 1.15221
54100 0.281407
54200 2.36963
54300 1.28392
54400 0.367558
54500 0.990824
54600 0.417954
54700 2.4321
54800 1.95033
54900 1.85589
55000 0.741294
55100 1.419
55200 4.20742
55300 0.71725
55400 1.70936
55500 0.649991
55600 0.451456
55700 1.60177
55800 0.148826
55900 0.877428
56000 2.33745
56100 2.41396
56200 1.16544
56300 1.00278
56400 1.44262
56500 0.318255
56600 2.08333
56700 1.17444
56800 1.00051
56900 1.90779
57000 1.71583
57100 1.09443
57200 0.539379
57300 1.06273
57400 3.41968
57500 0.864275
57600 0.601199
57700 0.480605
57800 1.64619
57900 1.24524
58000 3.10289
58100 3.95898
58200 2.73382
58300 1.09661
58400 1.37422
58500 0.461206
58600 1.34266
58700 2.20547
58800 0.487945
58900 0.677185
59000 1.6678
59100 0.678772
59200 0.768207
59300 2.81528
59400 1.2782
59500 1.65488
59600 1.53548
59700 1.25345
59800 2.65343
59900 2.3732
60000 0.760509
60100 1.3094
60200 0.657585
60300 1.87104
60400 1.06401
60500 2.80366
60600 1.34736
60700 1.60172
60800 0.811469
60900 0.39448
61000 1.25027
61100 0.53676
61200 1.0645
61300 1.6866
61400 1.60567
61500 2.42022
61600 0.915703
61700 1.59057
61800 2.88545
61900 0.589053
62000 0.74539
62100 1.48049
62200 1.90605
62300 2.09107
62400 1.09154
62500 1.12755
62600 1.98514
62700 2.68445
62800 0.360537
62900 6.01297
63000 2.69319
63100 1.91418
63200 0.74357
63300 0.708103
63400 2.18118
63500 0.983061
63600 1.37722
63700 2.89267
63800 1.66137
63900 2.64119
64000 5.02441
64100 0.948897
64200 0.941065
64300 0.59787
64400 0.585439
64500 1.94417
64600 1.03958
64700 2.14371
64800 1.1383
64900 3.03335
65000 1.97187
65100 2.16364
65200 1.94801
65300 1.67574
65400 0.667392
65500 2.38087
65600 1.35434
65700 1.66269
65800 1.33814
65900 0.537214
66000 1.94537
66100 1.84148
66200 0.600603
66300 2.62667
66400 0.689866
66500 2.05237
66600 1.60407
66700 1.77616
66800 0.873568
66900 2.61984
67000 0.885891
67100 0.796485
67200 1.25821
67300 1.59094
67400 0.354137
67500 0.801024
67600 2.51627
67700 0.66642
67800 1.06188
67900 2.91868
68000 2.01515
68100 0.836535
68200 0.680038
68300 2.77105
68400 3.08546
68500 0.943818
68600 0.981331
68700 3.27845
68800 0.261542
68900 1.69219
69000 1.34542
69100 1.23873
69200 0.219351
69300 0.897935
69400 2.48861
69500 2.05574
69600 1.45537
69700 1.50299
69800 0.676289
69900 1.05923
70000 1.58994
70100 3.45735
70200 1.80439
70300 1.52016
70400 3.02253
70500 0.721513
70600 0.91807
70700 1.61973
70800 0.522421
70900 0.737019
71000 1.00568
71100 1.11225
71200 0.570931
71300 2.00928
71400 0.506296
71500 1.54524
71600 0.982082
71700 1.84482
71800 0.97981
71900 1.87981
72000 1.38319
72100 0.341138
72200 1.29074
72300 0.870943
72400 1.50862
72500 0.823511
72600 1.37236
72700 2.14604
72800 2.69927
72900 0.564072
73000 0.451606
73100 1.02099
73200 1.48795
73300 2.2465
73400 2.67322
73500 1.29308
73600 0.273956
73700 2.56699
73800 0.454529
73900 1.23127
74000 2.99638
74100 0.739123
74200 1.33551
74300 2.6526
74400 3.93396
74500 1.42066
74600 2.58109
74700 3.43554
74800 6.43364
74900 1.3843
75000 0.803935
75100 2.47872
75200 3.29591
75300 0.509022
75400 0.565874
75500 1.40453
75600 2.39727
75700 0.544209
75800 1.85885
75900 2.20778
76000 1.28433
76100 1.26805
76200 1.71136
76300 2.17404
76400 0.370427
76500 1.61986
76600 1.79459
76700 1.7203
76800 0.510556
76900 0.453954
77000 1.56654
77100 1.43194
77200 2.11248
77300 1.24908
77400 0.657443
77500 0.625936
77600 2.24689
77700 1.78423
77800 0.930281
77900 1.95988
78000 1.46494
78100 2.45359
78200 0.912925
78300 0.917699
78400 2.10636
78500 1.76604
78600 1.89226
78700 0.554181
78800 1.03472
78900 2.966
79000 0.666528
79100 2.13726
79200 2.27993
79300 1.83976
79400 1.77084
79500 2.72432
79600 0.851027
79700 2.34084
79800 0.527544
79900 0.51611
80000 1.47395
80100 1.89015
80200 0.723205
80300 2.37576
80400 0.838093
80500 2.45976
80600 0.968566
80700 1.27711
80800 1.48581
80900 2.47159
81000 0.686543
81100 0.913758
81200 3.79119
81300 4.36271
81400 1.79519
81500 0.555046
81600 3.45813
81700 1.73196
81800 0.588828
81900 0.574263
82000 2.28819
82100 2.53577
82200 0.317482
82300 1.5963
82400 1.22351
82500 1.45555
82600 1.33631
82700 1.73215
82800 1.82927
82900 2.32038
83000 0.897992
83100 0.343608
83200 1.59935
83300 0.908396
83400 1.24434
83500 1.10394
83600 1.84866
83700 1.11887
83800 0.359749
83900 2.29999
84000 0.288842
84100 0.662288
84200 2.03933
84300 1.43171
84400 3.03055
84500 1.11763
84600 3.82696
84700 2.42481
84800 1.53777
84900 0.738007
85000 1.74524
85100 1.04359
85200 2.3415
85300 2.27132
85400 1.89322
85500 1.06061
85600 2.08416
85700 0.659865
85800 2.09923
85900 1.65674
86000 2.16028
86100 1.51836
86200 0.696182
86300 1.16154
86400 3.1177
86500 3.25967
86600 1.46817
86700 1.13306
86800 0.597559
86900 1.73024
87000 0.735453
87100 2.03193
87200 0.850627
87300 3.04584
87400 2.80711
87500 2.50307
87600 0.698189
87700 1.64244
87800 1.51264
87900 0.88694
88000 1.52196
88100 1.14003
88200 0.639315
88300 1.21758
88400 0.348937
88500 0.543796
88600 3.01539
88700 0.755698
88800 0.946126
88900 2.14821
89000 1.13407
89100 1.57171
89200 2.46728
89300 1.2282
89400 1.74599
89500 1.50012
89600 1.01802
89700 1.93892
89800 0.315886
89900 0.404169
90000 1.66902
90100 1.99041
90200 3.8755
90300 1.68143
90400 1.32725
90500 1.54472
90600 1.08184
90700 1.78557
90800 0.198985
90900 1.57814
91000 1.93439
91100 2.03249
91200 1.63233
91300 3.26325
91400 1.63236
91500 0.80909
91600 0.543477
91700 6.74387
91800 1.90305
91900 2.23025
92000 2.15823
92100 0.309526
92200 1.6989
92300 0.756165
92400 0.900821
92500 1.25986
92600 1.77091
92700 1.02259
92800 2.46393
92900 2.38128
93000 1.09328
93100 3.23258
93200 2.2376
93300 1.0829
93400 0.21112
93500 1.39007
93600 1.7726
93700 3.3155
93800 2.14622
93900 2.6548
94000 0.649712
94100 0.974088
94200 0.270237
94300 0.318749
94400 1.41852
94500 2.49254
94600 4.1585
94700 0.461633
94800 0.939824
94900 2.1548
95000 1.43428
95100 1.98355
95200 1.82105
95300 0.988031
95400 1.60098
95500 1.02199
95600 0.818018
95700 0.926345
95800 1.56292
95900 1.20707
96000 1.67271
96100 1.62066
96200 1.8649
96300 1.69818
96400 1.21508
96500 0.567065
96600 2.97213
96700 1.21961
96800 1.24017
96900 1.97209
97000 1.92553
97100 0.460134
97200 0.228357
97300 1.14004
97400 1.00168
97500 2.92864
97600 0.378688
97700 0.401212
97800 0.515732
97900 0.352567
98000 2.35453
98100 1.04371
98200 0.38188
98300 0.769144
98400 1.90439
98500 0.289349
98600 3.47214
98700 1.49417
98800 0.649639
98900 0.755573
99000 1.63243
99100 1.93579
99200 2.02935
99300 0.908113
99400 0.93937
99500 2.45967
99600 0.768178
99700 1.93004
99800 1.25694
99900 2.38049
100000 0.697003
100100 1.7547
100200 1.40608
100300 0.545898
100400 0.609322
100500 2.17211
100600 1.24922
100700 1.18416
100800 3.33962
100900 2.26111
101000 2.95404
101100 1.06015
101200 0.981191
101300 2.10227
101400 0.108838
101500 0.750142
101600 0.875477
101700 1.09828
101800 2.69938
101900 2.197
102000 2.4324
102100 1.37763
102200 1.50896
102300 1.74508
102400 3.09086
102500 1.53552
102600 1.65195
102700 0.639605
102800 2.20464
102900 2.3696
103000 0.427606
103100 2.35782
103200 2.21296
103300 2.14552
103400 1.96566
103500 1.17192
103600 1.0617
103700 1.7302
103800 1.62572
103900 0.352635
104000 2.70355
104100 1.71326
104200 1.26552
104300 4.52917
104400 0.905339
104500 1.04225
104600 2.75625
104700 2.26337
104800 0.189891
104900 0.71357
105000 1.3631
105100 1.33092
105200 2.44653
105300 1.66727
105400 2.16634
105500 2.29975
105600 0.424034
105700 1.65192
105800 0.312201
105900 0.801863
106000 1.75837
106100 1.80332
106200 2.06153
106300 0.776003
106400 1.4033
106500 1.7906
106600 1.18811
106700 1.328
106800 2.03037
106900 0.932033
107000 2.01261
107100 0.400249
107200 2.22404
107300 3.29343
107400 0.455959
107500 1.44909
107600 1.81777
107700 4.75199
107800 1.72356
107900 1.5562
108000 0.120744
108100 0.40965
108200 0.60207
108300 1.67052
108400 0.826899
108500 1.64656
108600 0.290705
108700 0.996443
108800 1.69447
108900 0.360698
109000 0.771034
109100 1.18998
109200 2.37838
109300 0.848903
109400 0.336678
109500 1.08749
109600 0.255241
109700 2.51329
109800 0.755155
109900 2.2403
110000 1.3129
110100 2.07582
110200 1.1713
110300 1.87932
110400 2.44992
110500 2.73601
110600 2.28127
110700 0.801939
110800 0.531653
110900 2.45405
111000 3.07107
111100 1.59438
111200 1.54972
111300 3.10727
111400 2.47794
111500 0.78589
111600 0.814378
111700 1.22087
111800 1.34936
111900 2.60755
112000 0.631758
112100 1.63163
112200 0.609151
112300 1.77483
112400 2.30723
112500 0.96453
112600 1.0783
112700 1.08025
112800 1.47277
112900 0.824396
113000 2.44444
113100 2.66466
113200 1.22883
113300 0.89286
113400 0.946998
113500 1.34879
113600 1.57964
113700 2.17594
113800 1.18641
113900 2.8736
114000 0.50004
114100 0.286605
114200 2.90348
114300 1.56177
114400 3.60976
114500 0.878542
114600 1.2021
114700 0.868193
114800 0.44719
114900 1.20691
115000 0.532224
115100 1.26264
115200 1.09087
115300 0.711693
115400 1.53303
115500 1.66433
115600 0.802364
115700 0.515378
115800 2.97011
115900 3.23358
116000 2.43257
116100 1.28099
116200 1.08803
116300 1.57455
116400 0.298775
116500 1.12466
116600 1.381
116700 1.06175
116800 1.41532
116900 1.68743
117000 2.95722
117100 0.978547
117200 1.94907
117300 0.612412
117400 1.31764
117500 0.295385
117600 1.59641
117700 1.15957
117800 1.95526
117900 1.10127
118000 1.54581
118100 1.18681
118200 0.716659
118300 1.78369
118400 1.88691
118500 3.47791
118600 1.43338
118700 1.09815
118800 1.06271
118900 0.677854
119000 2.54791
119100 1.31678
119200 1.27789
119300 0.913275
119400 0.642579
119500 1.68851
119600 0.635254
119700 2.8117
119800 0.461348
119900 2.27483
120000 1.79318
120100 0.443349
120200 1.7307
120300 0.805224
120400 0.825232
120500 1.20704
120600 1.18315
120700 1.51739
120800 1.15881
120900 2.68194
121000 2.83718
121100 2.38914
121200 4.20147
121300 1.70412
121400 1.06664
121500 1.69873
121600 4.24683
121700 0.742526
121800 0.323235
121900 1.25068
122000 2.50246
122100 0.881412
122200 1.82876
122300 2.26332
122400 0.441542
122500 0.968964
122600 1.75362
122700 3.40589
122800 1.06026
122900 1.94059
123000 0.479807
123100 3.15842
123200 1.218
123300 2.2005
123400 1.75318
123500 0.434933
123600 1.56351
123700 1.53289
123800 1.03896
123900 0.738417
124000 1.53047
124100 1.24257
124200 1.90757
124300 2.11493
124400 2.17265
124500 2.21409
124600 0.97005
124700 2.04391
124800 2.27096
124900 1.74122
125000 2.96164
125100 2.73728
125200 1.44347
125300 1.49811
125400 0.949993
125500 0.653925
125600 2.14789
125700 1.43829
125800 2.90205
125900 0.399475
126000 1.74235
126100 0.604842
126200 0.891927
126300 1.56761
126400 0.669304
126500 1.59264
126600 2.51338
126700 0.474694
126800 1.57457
126900 2.19834
127000 1.08776
127100 1.90686
127200 1.71683
127300 1.07444
127400 2.44072
127500 2.39834
127600 0.925496
127700 1.16075
127800 1.84705
127900 0.973707
128000 2.72807
128100 0.983329
128200 0.871482
128300 0.797275
128400 0.887273
128500 0.713745
128600 2.22004
128700 1.57233
128800 1.53113
128900 1.1468
129000 1.33728
129100 1.81452
129200 2.28112
129300 2.27703
129400 3.73516
129500 1.16512
129600 1.86362
129700 0.823519
129800 0.905807
129900 1.69863
130000 1.67134
130100 0.95697
130200 1.40375
130300 1.33583
130400 0.774622
130500 1.22271
130600 1.76267
130700 0.928107
130800 1.36413
130900 0.795081
131000 1.97935
131100 1.92085
131200 0.887391
131300 2.01265
131400 2.10644
131500 0.887213
131600 1.44753
131700 0.209633
131800 0.787336
131900 0.762643
132000 1.28059
132100 1.5999
132200 2.13002
132300 1.03712
132400 1.52192
132500 0.916067
132600 1.07898
132700 1.15926
132800 1.81619
132900 2.36048
133000 4.39146
133100 0.786301
133200 0.937762
133300 1.74594
133400 1.33212
133500 0.776537
133600 1.74041
133700 2.31118
133800 1.0385
133900 1.45051
134000 0.311153
134100 1.34924
134200 0.994746
134300 3.61828
134400 1.6613
134500 0.606053
134600 2.78335
134700 1.5124
134800 0.598651
134900 0.339207
135000 0.748792
135100 3.09139
135200 1.07872
135300 0.641842
135400 0.978766
135500 1.77416
135600 1.14482
135700 0.754338
135800 1.7837
135900 1.39682
136000 1.10467
136100 0.531074
136200 0.950387
136300 1.46768
136400 0.521066
136500 0.417408
136600 2.86042
136700 1.98296
136800 2.35914
136900 1.28317
137000 1.50269
137100 1.52495
137200 0.946244
137300 1.51639
137400 3.1904
137500 3.49484
137600 0.302382
137700 2.01947
137800 1.9579
137900 0.58878
138000 1.19637
138100 1.80412
138200 1.22088
138300 1.18015
138400 1.08001
138500 1.95955
138600 1.81591
138700 3.40535
138800 0.772696
138900 3.44909
139000 2.1168
139100 0.842965
139200 3.3256
139300 2.48725
139400 0.401242
139500 0.48889
139600 0.784852
139700 0.586218
139800 2.14318
139900 0.456187
140000 1.49102
140100 0.483305
140200 0.78088
140300 2.40998
140400 1.31384
140500 1.11313
140600 2.64078
140700 2.34324
140800 0.75965
140900 1.85188
141000 1.43037
141100 0.749924
141200 2.31288
141300 0.439562
141400 2.1929
141500 3.16264
141600 1.49486
141700 0.360286
141800 0.150637
141900 0.871914
142000 0.760389
142100 0.907614
142200 1.18399
142300 2.10094
142400 1.03057
142500 2.15537
142600 1.75596
142700 1.63986
142800 1.53692
142900 0.347805
143000 0.369483
143100 0.589736
143200 1.98945
143300 1.9354
143400 0.787914
143500 2.23162
143600 1.94926
143700 0.834364
143800 0.779693
143900 1.1582
144000 0.622292
144100 1.23861
144200 2.00659
144300 3.74945
144400 1.61904
144500 4.61915
144600 1.36486
144700 2.16654
144800 0.881669
144900 1.63253
145000 0.88815
145100 0.716875
145200 2.59202
145300 1.28445
145400 1.63495
145500 0.492307
145600 2.25018
145700 1.16316
145800 1.91764
145900 0.592097
146000 1.03069
146100 1.85992
146200 1.15362
146300 3.26697
146400 2.30487
146500 3.07814
146600 1.2389
146700 0.473399
146800 1.11271
146900 1.11555
147000 1.46712
147100 2.98359
147200 0.899543
147300 1.2948
147400 0.46407
147500 0.994797
147600 1.84771
147700 1.06035
147800 2.55125
147900 2.21096
148000 0.476697
148100 0.278712
148200 0.274286
148300 3.09397
148400 0.748698
148500 1.25629
148600 1.5081
148700 0.425284
148800 0.422798
148900 1.38694
149000 1.06871
149100 0.42911
149200 1.37645
149300 1.24067
149400 1.33055
149500 2.16175
149600 1.07369
149700 0.992163
149800 0.705052
149900 0.389493
150000 1.79087
150100 2.10576
150200 1.78579
150300 1.61608
150400 1.02299
150500 2.47366
150600 2.33688
150700 0.286855
150800 0.558071
150900 0.639861
151000 2.86509
151100 1.62477
151200 0.319985
151300 1.56682
151400 1.22985
151500 0.532278
151600 1.89978
151700 0.863812
151800 1.19636
151900 1.71371
152000 1.05751
152100 0.503784
152200 0.591064
152300 1.6673
152400 0.919775
152500 2.0831
152600 1.77078
152700 1.71116
152800 0.989582
152900 1.51728
153000 1.84017
153100 0.515193
153200 3.79478
153300 4.08454
153400 0.481718
153500 1.64153
153600 1.28336
153700 0.835988
153800 0.894867
153900 0.548761
154000 1.45433
154100 0.484726
154200 0.543826
154300 2.21085
154400 1.56151
154500 2.21742
154600 2.56216
154700 1.13656
154800 0.866559
154900 3.76513
155000 1.04417
155100 1.72876
155200 0.86521
155300 0.945897
155400 1.53943
155500 3.18494
155600 1.86497
155700 3.04043
155800 2.27643
155900 0.30455
156000 2.10312
156100 1.47064
156200 1.25197
156300 0.934136
156400 0.81853
156500 2.12774
156600 2.24868
156700 1.26474
156800 1.38075
156900 0.406955
157000 2.67638
157100 1.97236
157200 0.973424
157300 0.711637
157400 2.27729
157500 1.08813
157600 1.65084
157700 0.798169
157800 1.89245
157900 2.41028
158000 1.96229
158100 1.54406
158200 1.53162
158300 1.89052
158400 0.966414
158500 1.79184
158600 1.39593
158700 1.37908
158800 1.81027
158900 1.59953
159000 0.835326
159100 2.23698
159200 1.88077
159300 3.77517
159400 1.14348
159500 1.46185
159600 1.07316
159700 3.61664
159800 0.866665
159900 1.40305
160000 2.33365
160100 0.562972
160200 3.03232
160300 1.85001
160400 2.41322
160500 2.97233
160600 1.67858
160700 4.56495
160800 1.87627
160900 1.85617
161000 0.761789
161100 1.06737
161200 0.888964
161300 1.89942
161400 1.42242
161500 3.80996
161600 0.330544
161700 2.14134
161800 1.16968
161900 2.12058
162000 1.02754
162100 1.88997
162200 2.06508
162300 1.5292
162400 1.04307
162500 1.25103
162600 1.09939
162700 0.927989
162800 1.92245
162900 0.519551
163000 0.995872
163100 0.388443
163200 2.44262
163300 0.767758
163400 0.67329
163500 1.30355
163600 0.641812
163700 1.68526
163800 0.980316
163900 1.36246
164000 0.899867
164100 1.78213
164200 0.964656
164300 3.017
164400 4.31683
164500 1.1173
164600 0.713401
164700 1.74358
164800 0.825547
164900 0.873769
165000 1.2817
165100 1.05003
165200 1.27067
165300 1.04041
165400 3.00066
165500 1.30254
165600 2.57819
165700 1.30301
165800 1.31187
165900 2.5129
166000 1.78375
166100 1.2274
166200 2.15193
166300 1.26249
166400 1.30893
166500 1.01466
166600 1.59683
166700 1.56207
166800 1.33741
166900 2.3335
167000 2.53059
167100 0.656901
167200 1.4631
167300 2.64629
167400 1.35761
167500 0.87978
167600 1.73768
167700 0.655754
167800 1.27083
167900 2.25302
168000 1.13647
168100 0.582945
168200 0.487328
168300 1.05634
168400 1.73761
168500 0.686437
168600 0.639442
168700 1.63781
168800 0.424302
168900 1.70905
169000 3.36991
169100 0.378622
169200 2.95168
169300 1.4778
169400 0.581128
169500 1.54644
169600 2.13605
169700 0.333961
169800 1.31822
169900 0.411746
170000 1.10869
170100 2.51381
170200 1.46198
170300 1.34816
170400 1.93991
170500 3.82123
170600 1.56934
170700 2.32498
170800 0.7315
170900 0.976823
171000 2.79495
171100 1.50389
171200 1.35024
171300 2.61088
171400 0.952337
171500 2.35486
171600 1.85864
171700 1.1634
171800 1.72426
171900 0.659183
172000 0.290078
172100 0.508997
172200 1.39787
172300 2.79913
172400 1.39306
172500 0.862357
172600 0.617372
172700 1.35944
172800 2.45183
172900 2.32002
173000 0.485775
173100 1.72759
173200 2.73053
173300 2.3782
173400 3.33448
173500 0.723985
173600 0.326622
173700 1.26196
173800 2.21823
173900 2.76834
174000 0.996691
174100 0.528723
174200 1.17087
174300 1.38209
174400 1.33834
174500 1.33744
174600 1.54797
174700 4.3374
174800 0.943634
174900 1.60962
175000 1.24199
175100 1.54248
175200 0.853192
175300 1.7225
175400 3.64832
175500 1.42552
175600 0.839722
175700 2.875
175800 1.2475
175900 1.79569
176000 3.10474
176100 3.99442
176200 0.32086
176300 0.330963
176400 0.706118
176500 0.852409
176600 0.847062
176700 1.49141
176800 0.201318
176900 1.06787
177000 0.743341
177100 0.522407
177200 0.664243
177300 0.364456
177400 0.342527
177500 1.61351
177600 2.54698
177700 1.6878
177800 1.13422
177900 0.630136
178000 1.73387
178100 1.62025
178200 2.47368
178300 0.71327
178400 2.78927
178500 1.26596
178600 0.986758
178700 0.907356
178800 0.526854
178900 0.916114
179000 0.883819
179100 0.29864
179200 0.749585
179300 1.09507
179400 1.79546
179500 1.16134
179600 0.6813
179700 2.61539
179800 2.05925
179900 1.25047
180000 1.45895
180100 1.92301
180200 1.06422
180300 1.05341
180400 1.70478
180500 0.872399
180600 2.2488
180700 1.29737
180800 0.657407
180900 2.30206
181000 1.1113
181100 1.24559
181200 1.10294
181300 1.13363
181400 0.557214
181500 1.8941
181600 2.93148
181700 1.22106
181800 3.20141
181900 0.603265
182000 1.21944
182100 1.1962
182200 0.902782
182300 1.94412
182400 0.786535
182500 1.85174
182600 0.585203
182700 1.34894
182800 1.54092
182900 0.696176
183000 1.62594
183100 0.727977
183200 1.60887
183300 3.61915
183400 2.00909
183500 2.0127
183600 0.968601
183700 0.276923
183800 0.356496
183900 1.43774
184000 3.24203
184100 2.52021
184200 1.3708
184300 1.70509
184400 1.10684
184500 0.252183
184600 2.21391
184700 0.752969
184800 1.02413
184900 3.05303
185000 4.44207
185100 1.50596
185200 2.09681
185300 1.22923
185400 2.48745
185500 1.91025
185600 1.95415
185700 0.430543
185800 1.6354
185900 0.126645
186000 1.51933
186100 1.45458
186200 0.727433
186300 0.801301
186400 1.18414
186500 2.94476
186600 1.99627
186700 2.75637
186800 1.19181
186900 1.84663
187000 1.08837
187100 1.50568
187200 1.28453
187300 2.96786
187400 1.51219
187500 0.672866
187600 2.50428
187700 0.828819
187800 1.47573
187900 1.94321
188000 0.896913
188100 1.11863
188200 2.19332
188300 2.72038
188400 1.21746
188500 1.55496
188600 2.5932
188700 0.89776
188800 0.663316
188900 1.10286
189000 0.854571
189100 0.663371
189200 3.24246
189300 2.44724
189400 0.48736
189500 1.69648
189600 1.31376
189700 2.44785
189800 2.41894
189900 1.68486
190000 1.425
190100 1.54135
190200 1.31276
190300 1.61158
190400 0.576703
190500 1.80786
190600 0.352046
190700 0.449429
190800 0.808934
190900 0.742701
191000 3.03986
191100 2.02363
191200 0.871677
191300 1.99193
191400 0.234046
191500 2.0506
191600 4.21269
191700 1.26233
191800 0.947096
191900 1.14355
192000 0.960443
192100 0.852448
192200 0.339992
192300 1.18042
192400 0.958029
192500 1.85163
192600 2.28218
192700 1.35982
192800 1.37464
192900 0.261165
193000 2.5984
193100 1.86667
193200 0.925854
193300 1.37035
193400 2.17594
193500 0.835027
193600 2.12844
193700 1.98925
193800 1.27524
193900 2.50433
194000 1.10947
194100 2.77254
194200 0.716141
194300 1.08145
194400 0.656042
194500 3.12686
194600 1.34372
194700 0.4797
194800 2.39993
194900 0.387939
195000 1.30432
195100 0.853595
195200 2.07886
195300 0.617444
195400 0.486602
195500 5.01151
195600 3.20049
195700 0.695225
195800 0.636756
195900 1.07209
196000 1.1617
196100 1.25045
196200 3.17802
196300 0.929864
196400 1.08129
196500 4.29187
196600 1.28278
196700 1.18168
196800 0.532385
196900 0.813885
197000 0.161032
197100 1.97746
197200 1.353
197300 2.24758
197400 1.06076
197500 3.25974
197600 1.46457
197700 1.06855
197800 2.1363
197900 1.5395
198000 0.824668
198100 0.667728
198200 1.1792
198300 1.33906
198400 0.657496
198500 0.682127
198600 0.474095
198700 0.819796
198800 1.1967
198900 2.43573
199000 1.75065
199100 1.92945
199200 0.422182
199300 0.426533
199400 1.70224
199500 1.60936
199600 0.424651
199700 0.223027
199800 1.7016
199900 2.2969
