0 1.51674 0 50.81%
1 1.49542 0.0213114 51.51%
2 1.48699 0.0149169 50.52%
3 1.47143 0.0187975 50.2%
4 1.48508 0.0199566 51.45%
5 1.48761 0.0164902 50.99%
6 1.4917 0.0145236 50.79%
7 1.49124 0.012586 50.62%
8 1.49359 0.0113452 51.53%
9 1.49726 0.0107893 50.89%
10 1.49927 0.00996547 50.36%
11 1.49735 0.00929854 49.85%
12 1.49824 0.00859968 51.24%
13 1.49772 0.00797874 50%
14 1.49578 0.00767634 49.15%
15 1.49651 0.00721753 50.41%
16 1.49377 0.00731192 50.04%
17 1.49165 0.00721358 49.94%
18 1.48991 0.00704216 50.08%
19 1.49397 0.00781963 50.76%
20 1.49489 0.00749413 50.42%
21 1.493 0.00738897 49.29%
22 1.49149 0.00722039 50.57%
23 1.49434 0.00747723 51.09%
24 1.49653 0.00749736 51.1%
25 1.49663 0.00720398 51.12%
26 1.49711 0.00694855 51.7%
27 1.4982 0.00678449 50.54%
28 1.49786 0.00655545 50.15%
29 1.49755 0.00634046 51.29%
30 1.49775 0.00613568 50.61%
31 1.49772 0.00594091 50.13%
32 1.49839 0.00579644 50.97%
33 1.49959 0.00574927 50.93%
34 1.49943 0.00558487 50.68%
35 1.50106 0.00566806 50.9%
36 1.50027 0.00556915 50.25%
37 1.50001 0.00542698 50.09%
38 1.50039 0.00529981 50.53%
39 1.49969 0.00521277 50.41%
40 1.50002 0.005095 51.09%
41 1.5005 0.004995 50.8%
42 1.4996 0.00496011 49.71%
43 1.49883 0.00490597 50.12%
44 1.49769 0.00493128 50.61%
45 1.49778 0.00482369 50.61%
46 1.49861 0.0047934 51.49%
47 1.49991 0.00486883 51.56%
48 1.5026 0.00547636 50.97%
49 1.50088 0.00563683 48.63%
50 1.50163 0.00557621 50.09%
51 1.50117 0.0054871 51.1%
52 1.50136 0.00538584 50.65%
53 1.50166 0.00529394 50.72%
54 1.50162 0.00519694 50.71%
55 1.50061 0.00520369 50.34%
56 1.50024 0.00512492 49.65%
57 1.49986 0.00504996 50.82%
58 1.50005 0.00496714 50.78%
59 1.5004 0.00489681 50.58%
60 1.49974 0.00486098 50.48%
61 1.50007 0.00479284 50.45%
62 1.50022 0.00471854 49.63%
63 1.50056 0.00465665 51.23%
64 1.50098 0.00460422 50.55%
65 1.50077 0.00453878 50.03%
66 1.50141 0.00451626 50.95%
67 1.50142 0.00444935 50.39%
68 1.50159 0.00438786 49.75%
69 1.50107 0.00435616 49.97%
70 1.50083 0.004301 51.04%
71 1.50189 0.00437008 50.73%
72 1.50222 0.00432253 51.42%
73 1.50187 0.00427768 50.15%
74 1.50212 0.0042276 51.64%
75 1.50109 0.00429624 49.86%
76 1.50051 0.00428026 49.1%
77 1.50152 0.0043436 51.79%
78 1.50143 0.00428921 50.45%
79 1.5014 0.00423536 49.92%
80 1.50102 0.00420021 49.59%
81 1.50076 0.00415681 50.46%
82 1.5006 0.00410933 50.28%
83 1.50088 0.0040695 50.72%
84 1.50151 0.00407107 51.01%
85 1.50181 0.00403447 50.87%
86 1.50198 0.00399154 51.41%
87 1.50131 0.00400339 50.57%
88 1.50157 0.00396675 51.39%
89 1.50088 0.00398226 50.1%
90 1.5008 0.00393911 50.09%
91 1.50047 0.00390968 50.22%
92 1.50004 0.00389146 49.96%
93 1.50103 0.00397582 52.43%
94 1.50089 0.0039363 49.72%
95 1.50063 0.00390379 50.2%
96 1.50093 0.00387469 51.41%
97 1.50072 0.00384063 49.85%
98 1.50043 0.00381262 50.54%
99 1.50032 0.00377572 49.49%
