0 5.05017 0 49.91%
1 5.01148 0.0386846 48.8%
2 4.98048 0.0382132 49.49%
3 4.98032 0.0270213 50.12%
4 4.9887 0.0225469 50.31%
5 4.97329 0.0240066 48.88%
6 4.9853 0.0235751 49.25%
7 4.98401 0.0204572 50.07%
8 4.96515 0.026102 49.3%
9 4.97116 0.0241078 49.54%
10 4.97176 0.0218147 49.88%
11 4.96336 0.0216128 49.42%
12 4.96448 0.0199124 50.18%
13 4.96183 0.018625 48.87%
14 4.9542 0.0189444 48.47%
15 4.95814 0.018154 49.53%
16 4.96843 0.0199187 49.67%
17 4.97015 0.018858 49.95%
18 4.97385 0.0182176 49.38%
19 4.97879 0.0179753 50.28%
20 4.9775 0.017147 48.68%
21 4.97784 0.0163527 49.93%
22 4.97624 0.0157071 49.47%
23 4.97846 0.015201 49.58%
24 4.97769 0.0146007 49.6%
25 4.97563 0.0141776 49.73%
26 4.98328 0.0156407 48.98%
27 4.98507 0.0151768 51.04%
28 4.98728 0.014811 49.38%
29 4.98605 0.0143615 49.82%
30 4.98889 0.0141765 49.35%
31 4.98803 0.0137528 49.83%
32 4.98936 0.0133958 48.75%
33 4.98766 0.0131074 50.05%
34 4.99215 0.0134955 49.81%
35 4.9969 0.0139492 49.82%
36 4.99794 0.013607 49.44%
37 4.99794 0.0132441 49.97%
38 5.0003 0.0131149 49.2%
39 5.00305 0.013074 50.26%
40 5.00581 0.0130478 50.68%
41 5.00565 0.0127344 48.52%
42 5.0049 0.0124571 49.38%
43 5.00892 0.0128153 49.95%
44 5.01004 0.0125774 49.9%
45 5.00856 0.0123896 49.84%
46 5.00527 0.0125627 49.33%
47 5.00568 0.0123052 49.64%
48 5.00348 0.0122512 49.28%
49 5.00173 0.0121303 49.69%
50 5.00316 0.0119753 49.74%
51 4.99912 0.0124161 49.61%
52 4.99866 0.0121885 48.5%
53 4.99623 0.0122045 49.99%
54 4.99285 0.0124489 48.77%
55 4.99028 0.0124909 48.9%
56 4.99254 0.0124768 49.84%
57 4.99066 0.0124038 49.22%
58 4.98882 0.0123293 49.29%
59 4.98758 0.0121857 49.38%
60 4.98576 0.0121215 48.82%
61 4.98832 0.012196 49.87%
62 4.98678 0.0120985 49.85%
63 4.98906 0.0121238 50.74%
64 4.99096 0.012086 50.04%
65 4.99013 0.0119307 49.26%
66 4.99098 0.0117821 49.88%
67 4.98874 0.0118211 48.8%
68 4.9901 0.0117272 49.87%
69 4.98847 0.0116731 49.6%
70 4.98816 0.0115117 49.43%
71 4.98705 0.0114043 49.66%
72 4.98619 0.0112797 49.8%
73 4.98634 0.0111271 49.42%
74 4.98674 0.0109853 48.85%
75 4.98518 0.0109512 49.19%
76 4.98849 0.0113017 50.29%
77 4.99019 0.0112855 49.88%
78 4.99019 0.0111417 49.09%
79 4.98944 0.0110276 50.31%
80 4.98799 0.0109861 49.4%
81 4.98789 0.0108518 49.77%
82 4.98704 0.0107535 48.39%
83 4.98767 0.0106437 49.32%
84 4.98804 0.0105241 49.78%
85 4.98695 0.0104581 49.73%
86 4.98635 0.0103545 49.09%
87 4.9866 0.0102393 50.29%
88 4.984 0.0104523 48.76%
89 4.98287 0.0103975 49.69%
90 4.98435 0.0103887 48.91%
91 4.98529 0.0103179 50.06%
92 4.98476 0.0102201 49.57%
93 4.98523 0.0101216 49.89%
94 4.98713 0.0101935 49.67%
95 4.98753 0.0100946 49.46%
96 4.98821 0.0100135 50.31%
97 4.98771 0.00992366 49.02%
98 4.98831 0.00984153 49.01%
99 4.98967 0.00983743 48.88%
