#     BLOCK:   ACTUAL_KE:    KE_AVE:      ERROR:
           1     2.98424     2.98424           0
           2     2.97911     2.98167  0.00181335
           3     2.96828     2.97721  0.00384078
           4       2.951     2.97065  0.00636328
           5     2.92604     2.96173  0.00946629
           6     2.89163     2.95005   0.0132663
           7     2.84554     2.93512   0.0178981
           8     2.78518     2.91638   0.0235079
           9     2.70797     2.89322   0.0302205
          10       2.612      2.8651   0.0380985
          11     2.49711     2.83164   0.0470846
          12      2.3659     2.79283   0.0569538
          13     2.22402     2.74908   0.0673136
          14      2.0792     2.70123   0.0776714
          15     1.93948     2.65045   0.0875347
          16     1.81206     2.59805   0.0964808
          17     1.70332     2.54542    0.104176
          18      1.6189     2.49394    0.110375
          19     1.56296     2.44494    0.114928
          20      1.5364     2.39952    0.117818
          21     1.53509     2.35835    0.119182
          22     1.55047     2.32163    0.119288
          23     1.57269     2.28907    0.118462
          24     1.59414     2.26011    0.117012
          25     1.61107     2.23415    0.115175
          26     1.62307     2.21065    0.113118
          27     1.63159      2.1892    0.110943
          28     1.63841     2.16953    0.108711
          29     1.64449     2.15143    0.106459
          30     1.64986     2.13471    0.104215
          31     1.65416     2.11921       0.102
          32     1.65755     2.10478   0.0998271
          33     1.66115     2.09134    0.097703
          34     1.66621     2.07883   0.0956262
          35     1.67264     2.06723   0.0935956
          36     1.67838     2.05642   0.0916168
          37     1.68054     2.04627   0.0897022
          38     1.67742     2.03656   0.0878652
          39     1.66953     2.02715   0.0861148
          40     1.65911     2.01795    0.084452
          41     1.64891     2.00895   0.0828705
          42     1.64123     2.00019   0.0813585
          43     1.63768     1.99176   0.0799021
          44     1.63956     1.98376    0.078486
          45     1.64828      1.9763   0.0770951
          46     1.66472     1.96953   0.0757161
          47     1.68799     1.96354   0.0743417
          48     1.71485     1.95836   0.0729733
          49     1.74072     1.95391    0.071619
          50     1.76181     1.95007   0.0702896
          51      1.7763     1.94667    0.068994
          52     1.78437     1.94354   0.0677377
          53     1.78738      1.9406   0.0665237
          54      1.7869     1.93775   0.0653526
          55     1.78429     1.93496   0.0642239
          56     1.78035      1.9322   0.0631364
          57     1.77535     1.92945   0.0620887
          58     1.76901     1.92668   0.0610798
          59     1.76073     1.92387   0.0601093
          60     1.74985     1.92097   0.0591774
          61     1.73611     1.91794   0.0582848
          62     1.71992     1.91475   0.0574321
          63     1.70228     1.91137   0.0566195
          64     1.68418     1.90782    0.055846
          65     1.66602      1.9041   0.0551105
          66     1.64761     1.90022   0.0544124
          67      1.6288     1.89617   0.0537508
          68     1.61035     1.89196   0.0531245
          69     1.59421     1.88765   0.0525295
          70      1.5829     1.88329   0.0519592
          71     1.57847       1.879   0.0514044
          72     1.58168     1.87487   0.0508561
          73     1.59191     1.87099   0.0503069
          74     1.60736     1.86743   0.0497531
          75     1.62558     1.86421   0.0491941
          76     1.64414     1.86131    0.048632
          77      1.6611     1.85871   0.0480698
          78     1.67516     1.85636   0.0475111
          79     1.68532     1.85419    0.046959
          80     1.69052     1.85215   0.0464166
          81     1.68958     1.85014   0.0458869
          82     1.68207     1.84809    0.045373
          83     1.66947     1.84594   0.0448774
          84     1.65564     1.84367   0.0444003
          85     1.64518     1.84134   0.0439393
          86     1.64022       1.839   0.0434906
          87      1.6389      1.8367   0.0430514
          88     1.63724     1.83443   0.0426218
          89     1.63239     1.83216   0.0422034
          90     1.62408     1.82985   0.0417977
          91     1.61389     1.82748   0.0414057
          92     1.60381     1.82505    0.041027
          93     1.59511     1.82257   0.0406602
          94     1.58856     1.82008   0.0403038
          95     1.58502     1.81761   0.0399555
          96     1.58546     1.81519   0.0396124
          97     1.58977     1.81287   0.0392721
          98     1.59584     1.81065   0.0389338
          99     1.60035     1.80853   0.0385984
         100     1.60037     1.80645   0.0382685
         101     1.59431     1.80435   0.0379472
         102     1.58196     1.80217   0.0376377
         103     1.56452     1.79986    0.037343
         104      1.5445      1.7974   0.0370646
         105     1.52488     1.79481   0.0368023
         106     1.50765      1.7921   0.0365547
         107     1.49316     1.78931   0.0363197
         108      1.4812     1.78645   0.0360952
         109     1.47244     1.78357   0.0358789
         110     1.46866     1.78071   0.0356667
         111     1.47166     1.77793   0.0354539
         112     1.48217     1.77528   0.0352356
         113      1.4995     1.77284   0.0350082
         114     1.52198     1.77064   0.0347702
         115     1.54762      1.7687   0.0345219
         116      1.5747     1.76703   0.0342648
         117     1.60226     1.76562   0.0340008
         118      1.6301     1.76448   0.0337321
         119     1.65826     1.76358   0.0334604
         120     1.68603     1.76294   0.0331878
         121     1.71154     1.76251   0.0329163
         122     1.73243     1.76226   0.0326474
         123     1.74709     1.76214   0.0323822
         124      1.7554     1.76209   0.0321211
         125     1.75877     1.76206   0.0318641
         126     1.75927     1.76204   0.0316112
         127     1.75864     1.76201   0.0313623
         128     1.75757     1.76198   0.0311173
         129     1.75587     1.76193   0.0308762
         130     1.75331     1.76186   0.0306387
         131     1.75039     1.76178    0.030405
         132     1.74819     1.76167   0.0301748
         133     1.74742     1.76157   0.0299481
         134     1.74765     1.76146   0.0297248
         135     1.74753     1.76136   0.0295048
         136     1.74603     1.76125   0.0292881
         137      1.7432     1.76111   0.0290746
         138     1.74023     1.76096   0.0288643
         139     1.73885      1.7608   0.0286571
         140     1.74053     1.76066   0.0284527
         141     1.74588     1.76055   0.0282511
         142      1.7542     1.76051   0.0280522
         143     1.76357     1.76053   0.0278561
         144     1.77139     1.76061   0.0276627
         145      1.7752     1.76071   0.0274721
         146     1.77353     1.76079   0.0272841
         147     1.76634     1.76083   0.0270985
         148     1.75496     1.76079   0.0269155
         149     1.74173     1.76066   0.0267351
         150     1.72956     1.76046   0.0265577
         151     1.72119      1.7602   0.0263831
         152      1.7184     1.75992   0.0262109
         153     1.72105     1.75967   0.0260409
         154     1.72706     1.75946   0.0258726
         155     1.73345     1.75929   0.0257062
         156     1.73784     1.75915   0.0255418
         157      1.7393     1.75902   0.0253795
         158     1.73812     1.75889   0.0252192
         159     1.73541     1.75874    0.025061
         160     1.73273     1.75858   0.0249049
         161     1.73175     1.75842   0.0247508
         162     1.73369     1.75826   0.0245984
         163     1.73878     1.75814   0.0244478
         164       1.746     1.75807   0.0242989
         165     1.75373     1.75804   0.0241516
         166     1.76054     1.75806   0.0240061
         167     1.76586      1.7581   0.0238624
         168     1.76997     1.75818   0.0237205
         169     1.77369     1.75827   0.0235803
         170      1.7778     1.75838   0.0234419
         171     1.78281     1.75852   0.0233052
         172     1.78892      1.7587   0.0231704
         173     1.79589     1.75892   0.0230375
         174     1.80304     1.75917   0.0229065
         175      1.8092     1.75946   0.0227774
         176     1.81292     1.75976     0.02265
         177      1.8128     1.76006    0.022524
         178     1.80788     1.76033    0.022399
         179     1.79782     1.76054   0.0222749
         180     1.78275     1.76066   0.0221515
         181     1.76284     1.76067   0.0220291
         182     1.73796     1.76055   0.0219084
         183     1.70741     1.76026   0.0217906
         184     1.67012     1.75977   0.0216777
         185      1.6254     1.75904   0.0215727
         186     1.57398     1.75805   0.0214796
         187     1.51931     1.75677   0.0214027
         188      1.4681     1.75523   0.0213438
         189     1.42866     1.75351   0.0213007
         190     1.40711     1.75168   0.0212665
         191     1.40476     1.74987   0.0212326
         192     1.41933     1.74815   0.0211917
         193     1.44764     1.74659    0.021139
         194     1.48642     1.74525   0.0210725
         195     1.53233     1.74416   0.0209927
         196      1.5821     1.74333   0.0209019
         197     1.63217     1.74276   0.0208034
         198     1.67825     1.74244   0.0207009
         199     1.71592     1.74231   0.0205973
         200     1.74193      1.7423   0.0204943
         201     1.75516     1.74237   0.0203925
         202     1.75668     1.74244   0.0202916
         203     1.74876     1.74247   0.0201917
         204     1.73368     1.74243   0.0200928
         205     1.71286     1.74228   0.0199953
         206     1.68717     1.74201      0.0199
         207     1.65809     1.74161    0.019808
         208      1.6287     1.74107   0.0197202
         209     1.60352     1.74041   0.0196368
         210     1.58745     1.73968   0.0195568
         211     1.58409     1.73894    0.019478
         212     1.59429     1.73826   0.0193981
         213      1.6157     1.73768   0.0193156
         214     1.64385     1.73725   0.0192303
         215     1.67377     1.73695   0.0191431
         216     1.70153     1.73679   0.0190552
         217     1.72484     1.73673   0.0189674
         218      1.7428     1.73676   0.0188805
         219     1.75546     1.73685   0.0187944
         220     1.76325     1.73697   0.0187094
         221     1.76665      1.7371   0.0186252
         222     1.76596     1.73723   0.0185418
         223     1.76117     1.73734   0.0184589
         224     1.75212      1.7374   0.0183767
         225     1.73876     1.73741    0.018295
         226     1.72159     1.73734   0.0182142
         227     1.70172     1.73718   0.0181346
         228      1.6807     1.73693   0.0180568
         229     1.65989      1.7366    0.017981
         230     1.64009     1.73618   0.0179078
         231     1.62185     1.73568   0.0178371
         232     1.60614     1.73512   0.0177689
         233     1.59461     1.73452   0.0177029
         234     1.58892      1.7339   0.0176382
         235     1.58974     1.73329   0.0175738
         236      1.5961      1.7327   0.0175089
         237     1.60542     1.73217   0.0174433
         238     1.61454     1.73167    0.017377
         239     1.62128     1.73121   0.0173104
         240     1.62554     1.73077   0.0172439
         241     1.62893     1.73035   0.0171775
         242     1.63332     1.72995   0.0171112
         243     1.63946     1.72958   0.0170449
         244     1.64705     1.72924   0.0169783
         245     1.65538     1.72894   0.0169117
         246     1.66396     1.72867    0.016845
         247     1.67262     1.72844   0.0167784
         248     1.68132     1.72825   0.0167118
         249     1.68984      1.7281   0.0166454
         250     1.69757     1.72798   0.0165793
         251     1.70362     1.72788   0.0165135
         252     1.70709      1.7278   0.0164482
         253     1.70744     1.72772   0.0163833
         254     1.70473     1.72763   0.0163191
         255     1.69955     1.72752   0.0162555
         256     1.69291     1.72738   0.0161925
         257     1.68609     1.72722   0.0161303
         258     1.68046     1.72704   0.0160688
         259     1.67728     1.72685   0.0160079
         260     1.67736     1.72666   0.0159475
         261     1.68074     1.72648   0.0158874
         262     1.68641     1.72633   0.0158275
         263     1.69254      1.7262   0.0157678
         264     1.69717     1.72609   0.0157085
         265      1.6989     1.72599   0.0156495
         266     1.69744     1.72588   0.0155911
         267      1.6936     1.72576   0.0155331
         268     1.68891     1.72562   0.0154758
         269     1.68493     1.72547    0.015419
         270     1.68292     1.72531   0.0153627
         271     1.68364     1.72516   0.0153068
         272     1.68763     1.72502   0.0152511
         273     1.69537     1.72491   0.0151956
         274     1.70748     1.72485   0.0151403
         275     1.72445     1.72485   0.0150853
         276     1.74603     1.72492   0.0150308
         277     1.77066     1.72509   0.0149774
         278     1.79535     1.72534   0.0149257
         279     1.81628     1.72567   0.0148758
         280     1.82975     1.72604   0.0148273
         281      1.8331     1.72642   0.0147794
         282     1.82546     1.72677   0.0147312
         283     1.80786     1.72706   0.0146819
         284     1.78306     1.72726   0.0146315
         285     1.75484     1.72735   0.0145805
         286     1.72718     1.72735   0.0145295
         287      1.7034     1.72727   0.0144791
         288     1.68581     1.72712   0.0144296
         289     1.67539     1.72695   0.0143808
         290     1.67196     1.72676   0.0143324
         291     1.67445     1.72658   0.0142843
         292     1.68122     1.72642   0.0142362
         293     1.69026      1.7263   0.0141882
         294     1.69934     1.72621   0.0141402
         295     1.70623     1.72614   0.0140924
         296     1.70912     1.72608   0.0140449
         297     1.70701     1.72602   0.0139978
         298     1.70015     1.72593   0.0139511
         299     1.69004     1.72581    0.013905
         300     1.67909     1.72565   0.0138595
         301     1.66984     1.72547   0.0138147
         302     1.66415     1.72527   0.0137704
         303     1.66249     1.72506   0.0137265
         304     1.66366     1.72486   0.0136829
         305     1.66508     1.72466   0.0136394
         306     1.66372     1.72446   0.0135963
         307     1.65738     1.72424   0.0135538
         308     1.64601     1.72399   0.0135121
         309     1.63226     1.72369   0.0134717
         310     1.62011     1.72336   0.0134323
         311     1.61228       1.723   0.0133939
         312     1.60892     1.72264    0.013356
         313     1.60856     1.72227   0.0133183
         314     1.60994     1.72191   0.0132807
         315     1.61284     1.72157    0.013243
         316     1.61793     1.72124   0.0132052
         317     1.62614     1.72094   0.0131669
         318     1.63784     1.72068   0.0131281
         319     1.65242     1.72046   0.0130887
         320     1.66831      1.7203   0.0130488
         321     1.68355     1.72019   0.0130086
         322     1.69641     1.72011   0.0129685
         323     1.70597     1.72007   0.0129284
         324     1.71225     1.72004   0.0128885
         325      1.7161     1.72003   0.0128488
         326     1.71873     1.72003   0.0128094
         327     1.72122     1.72003   0.0127703
         328      1.7241     1.72004   0.0127313
         329     1.72737     1.72007   0.0126927
         330     1.73079      1.7201   0.0126542
         331     1.73405     1.72014   0.0126161
         332     1.73683     1.72019   0.0125782
         333     1.73868     1.72025   0.0125405
         334     1.73888      1.7203   0.0125031
         335     1.73655     1.72035   0.0124659
         336     1.73089     1.72038   0.0124288
         337     1.72166     1.72039   0.0123919
         338     1.70946     1.72035   0.0123553
         339     1.69602     1.72028   0.0123191
         340     1.68422     1.72018   0.0122833
         341     1.67746     1.72005   0.0122479
         342     1.67803     1.71993   0.0122127
         343      1.6853     1.71983   0.0121775
         344      1.6954     1.71976   0.0121423
         345     1.70305     1.71971   0.0121072
         346     1.70413     1.71966   0.0120723
         347     1.69752      1.7196   0.0120377
         348     1.68537      1.7195   0.0120035
         349     1.67199     1.71936   0.0119699
         350     1.66167      1.7192   0.0119368
         351     1.65669     1.71902   0.0119042
         352     1.65706     1.71885   0.0118716
         353     1.66148     1.71868   0.0118391
         354     1.66857     1.71854   0.0118065
         355     1.67718     1.71842   0.0117738
         356      1.6861     1.71833   0.0117411
         357     1.69374     1.71827   0.0117084
         358      1.6984     1.71821   0.0116759
         359     1.69878     1.71816   0.0116435
         360     1.69429     1.71809   0.0116113
         361     1.68508       1.718   0.0115795
         362     1.67154     1.71787   0.0115482
         363     1.65411     1.71769   0.0115177
         364     1.63342     1.71746   0.0114884
         365     1.61055     1.71717   0.0114607
         366     1.58707     1.71681   0.0114349
         367     1.56489      1.7164   0.0114112
         368     1.54603     1.71594   0.0113896
         369     1.53233     1.71544   0.0113696
         370     1.52523     1.71493   0.0113505
         371      1.5254     1.71441   0.0113314
         372     1.53257     1.71393   0.0113115
         373     1.54542     1.71347   0.0112902
         374      1.5618     1.71307   0.0112672
         375      1.5791     1.71271   0.0112429
         376     1.59483      1.7124   0.0112173
         377     1.60701     1.71212   0.0111911
         378     1.61421     1.71186   0.0111644
         379      1.6154      1.7116   0.0111379
         380     1.61002     1.71134   0.0111118
         381      1.5983     1.71104   0.0110866
         382      1.5817      1.7107   0.0110627
         383     1.56285     1.71032   0.0110406
         384     1.54476     1.70988   0.0110202
         385     1.52942     1.70942   0.0110016
         386     1.51702     1.70892   0.0109844
         387     1.50622     1.70839   0.0109685
         388     1.49518     1.70784   0.0109539
         389     1.48265     1.70727   0.0109411
         390     1.46861     1.70665   0.0109301
         391     1.45445     1.70601   0.0109212
         392     1.44259     1.70534    0.010914
         393     1.43576     1.70465   0.0109077
         394     1.43622     1.70397   0.0109013
         395     1.44521     1.70331   0.0108934
         396      1.4626     1.70271   0.0108828
         397     1.48675     1.70216    0.010869
         398     1.51477     1.70169   0.0108519
         399     1.54301     1.70129    0.010832
         400     1.56769     1.70096     0.01081
         401     1.58549     1.70067   0.0107869
         402     1.59398     1.70041   0.0107633
         403     1.59192     1.70014     0.01074
         404     1.57951     1.69984   0.0107176
         405     1.55868     1.69949   0.0106968
         406      1.5331     1.69908   0.0106783
         407     1.50785     1.69861   0.0106624
         408      1.4883     1.69809   0.0106487
         409     1.47861     1.69756   0.0106362
         410     1.48038     1.69703   0.0106234
         411     1.49245     1.69653   0.0106092
         412     1.51168     1.69608   0.0105929
         413      1.5343     1.69569   0.0105745
         414     1.55721     1.69536   0.0105543
         415     1.57858     1.69507   0.0105326
         416      1.5979     1.69484   0.0105099
         417     1.61541     1.69465   0.0104864
         418     1.63135      1.6945   0.0104624
         419     1.64529     1.69438   0.0104381
         420     1.65588     1.69429   0.0104136
         421     1.66108     1.69421   0.0103892
         422     1.65904     1.69413   0.0103649
         423     1.64926     1.69402    0.010341
         424     1.63367     1.69388   0.0103175
         425     1.61692      1.6937   0.0102949
         426     1.60535     1.69349   0.0102728
         427     1.60453     1.69328   0.0102508
         428     1.61634      1.6931   0.0102285
         429     1.63798     1.69297   0.0102054
         430     1.66375     1.69291   0.0101819
         431     1.68841      1.6929   0.0101583
         432     1.70897     1.69293   0.0101349
         433     1.72442     1.69301   0.0101117
         434     1.73463      1.6931   0.0100889
         435     1.73967     1.69321   0.0100662
         436        1.74     1.69332   0.0100437
         437     1.73663     1.69341   0.0100212
         438     1.73096      1.6935  0.00999872
         439      1.7243     1.69357  0.00997619
         440     1.71755     1.69363  0.00995366
         441     1.71137     1.69367  0.00993117
         442     1.70649     1.69369  0.00990875
         443     1.70364     1.69372   0.0098864
         444     1.70289     1.69374  0.00986416
         445     1.70316     1.69376  0.00984202
         446     1.70239     1.69378  0.00981997
         447     1.69839     1.69379    0.009798
         448     1.68949     1.69378  0.00977614
         449     1.67463     1.69374  0.00975446
         450     1.65287     1.69365   0.0097332
         451     1.62352     1.69349  0.00971286
         452     1.58752     1.69326   0.0096942
         453     1.54935     1.69294  0.00967801
         454     1.51747     1.69255  0.00966441
         455     1.50049     1.69213  0.00965238
         456     1.50067     1.69171  0.00964034
         457     1.51213     1.69132  0.00962725
         458      1.5257     1.69095  0.00961302
         459     1.53474     1.69061   0.0095981
         460     1.53712     1.69028  0.00958303
         461     1.53434     1.68994  0.00956821
         462        1.53      1.6896  0.00955376
         463     1.52842     1.68925  0.00953947
         464     1.53339     1.68891  0.00952482
         465     1.54681     1.68861  0.00950924
         466     1.56787     1.68835  0.00949236
         467      1.5933     1.68814  0.00947422
         468     1.61887       1.688  0.00945513
         469     1.64131      1.6879  0.00943549
         470     1.65956     1.68784  0.00941561
         471     1.67472     1.68781  0.00939566
         472     1.68889     1.68781  0.00937575
         473     1.70389     1.68784  0.00935599
         474     1.72025     1.68791  0.00933651
         475     1.73712     1.68802  0.00931742
         476     1.75267     1.68815  0.00929884
         477     1.76493     1.68831  0.00928074
         478      1.7725     1.68849  0.00926299
         479     1.77509     1.68867  0.00924542
         480     1.77352     1.68885  0.00922785
         481     1.76919     1.68901  0.00921017
         482     1.76321     1.68917  0.00919235
         483     1.75568     1.68931  0.00917435
         484     1.74572     1.68942  0.00915614
         485     1.73259     1.68951  0.00913769
         486     1.71686     1.68957  0.00911906
         487     1.70075     1.68959  0.00910037
         488     1.68695     1.68959  0.00908172
         489     1.67677     1.68956  0.00906319
         490     1.66918     1.68952  0.00904479
         491     1.66179     1.68946  0.00902654
         492     1.65263     1.68939   0.0090085
         493     1.64109     1.68929  0.00899076
         494     1.62816     1.68916  0.00897342
         495     1.61606     1.68902   0.0089565
         496     1.60762     1.68885  0.00893995
         497     1.60549     1.68868  0.00892353
         498     1.61094     1.68853  0.00890698
         499     1.62291      1.6884   0.0088901
         500     1.63815      1.6883  0.00887289
         501     1.65256     1.68823  0.00885547
         502     1.66273     1.68817  0.00883797
         503     1.66654     1.68813  0.00882051
         504     1.66293     1.68808  0.00880315
         505     1.65143     1.68801  0.00878601
         506     1.63226      1.6879  0.00876934
         507      1.6073     1.68774  0.00875348
         508     1.58121     1.68753  0.00873876
         509      1.5612     1.68728  0.00872512
         510     1.55382     1.68702  0.00871194
         511     1.56064     1.68677   0.0086984
         512     1.57707     1.68656  0.00868405
         513     1.59563     1.68638  0.00866893
         514     1.61007     1.68623  0.00865333
         515     1.61736      1.6861  0.00863756
         516     1.61744     1.68597  0.00862185
         517     1.61236     1.68582  0.00860635
         518     1.60536     1.68567  0.00859113
         519     1.60017      1.6855  0.00857616
         520     1.60006     1.68534  0.00856124
         521     1.60632     1.68519  0.00854615
         522     1.61739     1.68506  0.00853077
         523     1.62979     1.68495  0.00851511
         524     1.64032     1.68487  0.00849929
         525     1.64743      1.6848   0.0084834
         526     1.65097     1.68473  0.00846751
         527     1.65129     1.68467  0.00845168
         528     1.64864      1.6846  0.00843595
         529     1.64298     1.68452  0.00842037
         530     1.63393     1.68443  0.00840503
         531     1.62104     1.68431  0.00839004
         532     1.60417     1.68416  0.00837563
         533     1.58392     1.68397  0.00836202
         534     1.56168     1.68374   0.0083495
         535     1.53947     1.68347  0.00833824
         536      1.5198     1.68316  0.00832828
         537     1.50556     1.68283  0.00831933
         538     1.49932     1.68249  0.00831086
         539     1.50182     1.68216   0.0083022
         540     1.51112     1.68184  0.00829286
         541     1.52352     1.68155   0.0082827
         542     1.53544     1.68128   0.0082718
         543      1.5449     1.68103  0.00826038
         544      1.5516     1.68079  0.00824862
         545     1.55634     1.68056  0.00823664
         546     1.56043     1.68034   0.0082245
         547     1.56548     1.68013  0.00821214
         548     1.57313     1.67993  0.00819948
         549     1.58419     1.67976   0.0081864
         550     1.59787     1.67961  0.00817287
         551     1.61223     1.67949  0.00815895
         552     1.62575     1.67939  0.00814475
         553     1.63831     1.67932  0.00813036
         554     1.65095     1.67927  0.00811584
         555     1.66455     1.67924  0.00810126
         556     1.67832     1.67924  0.00808669
         557     1.68952     1.67926   0.0080722
         558     1.69464     1.67928  0.00805778
         559     1.69152     1.67931  0.00804339
         560     1.68083     1.67931  0.00802903
         561     1.66616     1.67929  0.00801475
         562      1.6529     1.67924  0.00800063
         563     1.64632     1.67918  0.00798663
         564      1.6498     1.67913  0.00797264
         565     1.66395      1.6791  0.00795857
         566     1.68667     1.67911  0.00794452
         567      1.7139     1.67918  0.00793075
         568     1.74082     1.67928  0.00791753
         569     1.76298     1.67943  0.00790498
         570     1.77708      1.6796  0.00789297
         571     1.78133     1.67978  0.00788116
         572     1.77537     1.67995  0.00786915
         573     1.76013     1.68009  0.00785666
         574     1.73762     1.68019  0.00784361
         575     1.71065     1.68024  0.00783015
         576      1.6824     1.68024  0.00781656
         577     1.65572      1.6802  0.00780312
         578     1.63271     1.68012  0.00779006
         579     1.61431     1.68001  0.00777743
         580     1.60026     1.67987  0.00776524
         581     1.58931     1.67971  0.00775344
         582     1.57975     1.67954  0.00774202
         583     1.57004     1.67935  0.00773102
         584     1.55949     1.67915   0.0077205
         585     1.54852     1.67893  0.00771053
         586     1.53846     1.67869   0.0077011
         587     1.53093     1.67843  0.00769209
         588     1.52746     1.67818  0.00768329
         589     1.52929     1.67792  0.00767441
         590     1.53733     1.67769   0.0076651
         591     1.55181     1.67747  0.00765509
         592     1.57183     1.67729  0.00764424
         593     1.59519     1.67716   0.0076326
         594     1.61897     1.67706  0.00762038
         595     1.64049       1.677  0.00760782
         596      1.6581     1.67696  0.00759512
         597     1.67154     1.67696   0.0075824
         598     1.68157     1.67696  0.00756973
         599      1.6895     1.67698  0.00755712
         600     1.69653     1.67702  0.00754459
         601     1.70334     1.67706  0.00753217
         602     1.70994     1.67712  0.00751985
         603     1.71585     1.67718  0.00750766
         604     1.72038     1.67725  0.00749557
         605     1.72294     1.67733  0.00748356
         606     1.72302      1.6774  0.00747159
         607     1.72043     1.67747  0.00745962
         608     1.71549     1.67754  0.00744761
         609      1.7092     1.67759  0.00743556
         610      1.7033     1.67763  0.00742349
         611     1.69959     1.67767  0.00741143
         612     1.69928      1.6777   0.0073994
         613     1.70248     1.67774  0.00738744
         614     1.70834     1.67779  0.00737558
         615     1.71527     1.67785  0.00736384
         616     1.72121     1.67792  0.00735222
         617     1.72402       1.678  0.00734068
         618     1.72201     1.67807  0.00732915
         619     1.71436     1.67813  0.00731754
         620      1.7013     1.67816  0.00730584
         621     1.68389     1.67817  0.00729408
         622     1.66369     1.67815  0.00728239
         623     1.64233     1.67809  0.00727093
         624     1.62125       1.678  0.00725985
         625     1.60165     1.67788  0.00724926
         626     1.58443     1.67773  0.00723921
         627     1.57044     1.67756  0.00722969
         628     1.56046     1.67737  0.00722058
         629     1.55512     1.67718  0.00721172
         630     1.55465     1.67698  0.00720289
         631     1.55852      1.6768  0.00719392
         632      1.5656     1.67662  0.00718469
         633     1.57476     1.67646  0.00717514
         634      1.5855     1.67632  0.00716526
         635     1.59828     1.67619  0.00715503
         636     1.61416      1.6761  0.00714445
         637     1.63389     1.67603  0.00713354
         638     1.65726       1.676  0.00712242
         639     1.68284     1.67601  0.00711128
         640     1.70849     1.67606  0.00710035
         641     1.73193     1.67615  0.00708981
         642     1.75114     1.67627  0.00707973
         643     1.76461      1.6764  0.00707005
         644     1.77136     1.67655  0.00706061
         645     1.77115      1.6767  0.00705118
         646     1.76452     1.67683  0.00704158
         647     1.75276     1.67695  0.00703167
         648     1.73741     1.67704  0.00702144
         649     1.71967     1.67711  0.00701093
         650     1.70039     1.67714  0.00700023
         651     1.68028     1.67715  0.00698948
         652     1.66025     1.67712  0.00697881
         653     1.64143     1.67707  0.00696834
         654     1.62534     1.67699  0.00695813
         655     1.61403     1.67689  0.00694817
         656     1.60995     1.67679  0.00693833
         657     1.61502      1.6767  0.00692841
         658     1.62915     1.67663  0.00691825
         659     1.64931     1.67658  0.00690788
         660     1.67045     1.67657  0.00689742
         661      1.6877     1.67659  0.00688701
         662     1.69813     1.67662  0.00687668
         663      1.7013     1.67666  0.00686641
         664     1.69876     1.67669  0.00685615
         665     1.69319     1.67672  0.00684588
         666     1.68757     1.67674  0.00683562
         667     1.68446     1.67675  0.00682538
         668     1.68562     1.67676  0.00681518
         669     1.69156     1.67678  0.00680503
         670     1.70149     1.67682  0.00679497
         671     1.71333     1.67687  0.00678506
         672     1.72407     1.67694  0.00677533
         673     1.73032     1.67702  0.00676573
         674     1.72886      1.6771  0.00675613
         675     1.71728     1.67716  0.00674638
         676     1.69464     1.67719  0.00673645
         677     1.66217     1.67716  0.00672653
         678     1.62381     1.67708  0.00671707
         679     1.58597     1.67695  0.00670852
         680      1.5563     1.67677    0.006701
         681     1.54108     1.67657  0.00669412
         682      1.5425     1.67638  0.00668719
         683     1.55776      1.6762  0.00667966
         684     1.58083     1.67606  0.00667135
         685      1.6053     1.67596  0.00666241
         686     1.62638     1.67589  0.00665309
         687     1.64123     1.67584   0.0066436
         688     1.64825      1.6758  0.00663406
         689     1.64643     1.67576  0.00662457
         690     1.63535      1.6757  0.00661523
         691     1.61632     1.67561  0.00660621
         692     1.59382     1.67549  0.00659772
         693      1.5758     1.67535  0.00658977
         694     1.57075      1.6752    0.006582
         695       1.583     1.67507  0.00657386
         696     1.61074     1.67497  0.00656507
         697      1.6483     1.67494  0.00655576
         698     1.68934     1.67496   0.0065464
         699     1.72813     1.67503  0.00653748
         700     1.75967     1.67515  0.00652926
         701     1.78006      1.6753  0.00652166
         702     1.78684     1.67546   0.0065143
         703     1.77929     1.67561  0.00650671
         704     1.75847     1.67573  0.00649853
         705     1.72704      1.6758  0.00648972
         706     1.68902     1.67582  0.00648056
         707     1.64951     1.67578   0.0064715
         708      1.6143     1.67569  0.00646294
         709     1.58879     1.67557  0.00645499
         710     1.57654     1.67543   0.0064474
         711     1.57805      1.6753  0.00643979
         712     1.59071     1.67518  0.00643184
         713     1.61045     1.67509  0.00642346
         714     1.63393     1.67503  0.00641472
         715     1.65903     1.67501  0.00640579
         716     1.68389     1.67502  0.00639685
         717     1.70603     1.67506  0.00638808
         718     1.72283     1.67513  0.00637953
         719     1.73256     1.67521  0.00637115
         720     1.73468     1.67529  0.00636284
         721     1.72929     1.67536  0.00635446
         722     1.71662     1.67542  0.00634591
         723     1.69721     1.67545  0.00633721
         724     1.67267     1.67545  0.00632845
         725     1.64609     1.67541  0.00631986
         726     1.62171     1.67533  0.00631158
         727     1.60391     1.67524  0.00630367
         728     1.59568     1.67513  0.00629595
         729     1.59771     1.67502  0.00628821
         730     1.60815     1.67493  0.00628027
         731     1.62369     1.67486  0.00627207
         732     1.64106     1.67481  0.00626367
         733      1.6581     1.67479  0.00625516
         734     1.67346     1.67479  0.00624664
         735     1.68579      1.6748  0.00623816
         736     1.69393     1.67483  0.00622974
         737     1.69799     1.67486  0.00622137
         738     1.69981     1.67489  0.00621303
         739      1.7018     1.67493  0.00620473
         740     1.70504     1.67497  0.00619648
         741     1.70847     1.67502  0.00618828
         742     1.70993     1.67506  0.00618012
         743     1.70753     1.67511  0.00617195
         744     1.70053     1.67514  0.00616375
         745     1.68924     1.67516  0.00615551
         746     1.67458     1.67516  0.00614726
         747     1.65739     1.67514  0.00613907
         748     1.63805     1.67509  0.00613107
         749     1.61642     1.67501  0.00612338
         750     1.59244      1.6749  0.00611621
         751     1.56684     1.67475  0.00610975
         752     1.54126     1.67458  0.00610421
         753     1.51777     1.67437  0.00609965
         754     1.49817     1.67413  0.00609604
         755     1.48381     1.67388  0.00609317
         756     1.47588     1.67362  0.00609074
         757     1.47546     1.67336  0.00608832
         758      1.4827     1.67311  0.00608548
         759     1.49585     1.67287  0.00608194
         760     1.51164     1.67266  0.00607764
         761     1.52702     1.67247  0.00607266
         762     1.54061      1.6723  0.00606716
         763     1.55259     1.67214  0.00606123
         764      1.5638       1.672  0.00605496
         765     1.57512     1.67187  0.00604837
         766     1.58747     1.67176  0.00604148
         767     1.60194     1.67167  0.00603428
         768     1.61958      1.6716  0.00602681
         769      1.6406     1.67156  0.00601911
         770     1.66354     1.67155   0.0060113
         771     1.68544     1.67157  0.00600353
         772     1.70301     1.67161  0.00599589
         773     1.71421     1.67167  0.00598839
         774     1.71934     1.67173  0.00598097
         775     1.72081     1.67179  0.00597358
         776     1.72178     1.67185  0.00596623
         777     1.72447     1.67192  0.00595894
         778     1.72917       1.672  0.00595173
         779     1.73443     1.67208  0.00594463
         780     1.73813     1.67216  0.00593762
         781     1.73875     1.67225  0.00593063
         782     1.73624     1.67233  0.00592361
         783     1.73196      1.6724  0.00591653
         784     1.72744     1.67247   0.0059094
         785     1.72289     1.67254  0.00590222
         786       1.717      1.6726  0.00589498
         787     1.70836     1.67264  0.00588767
         788     1.69733     1.67267  0.00588028
         789     1.68643     1.67269  0.00587285
         790     1.67893      1.6727  0.00586542
         791     1.67681      1.6727  0.00585801
         792     1.67957     1.67271  0.00585062
         793     1.68457     1.67273  0.00584326
         794     1.68839     1.67275  0.00583594
         795     1.68869     1.67277  0.00582863
         796     1.68529     1.67278  0.00582133
         797     1.68013     1.67279  0.00581403
         798      1.6762      1.6728  0.00580675
         799       1.676      1.6728  0.00579948
         800     1.68055     1.67281  0.00579224
         801     1.68921     1.67283  0.00578505
         802         1.7     1.67286  0.00577793
         803     1.71018     1.67291  0.00577092
         804     1.71671     1.67296    0.005764
         805     1.71664     1.67302   0.0057571
         806     1.70785     1.67306  0.00575012
         807     1.68991     1.67308  0.00574303
         808     1.66444     1.67307  0.00573593
         809       1.635     1.67302  0.00572903
         810     1.60646     1.67294  0.00572255
         811     1.58379     1.67283  0.00571655
         812     1.57089     1.67271  0.00571089
         813     1.56977     1.67258  0.00570527
         814     1.58054     1.67247  0.00569938
         815     1.60205     1.67238  0.00569304
         816     1.63248     1.67233  0.00568627
         817      1.6693     1.67233  0.00567932
         818     1.70929     1.67237  0.00567255
         819     1.74878     1.67247  0.00566639
         820     1.78405      1.6726  0.00566112
         821      1.8118     1.67277  0.00565676
         822     1.82939     1.67296  0.00565309
         823     1.83515     1.67316  0.00564965
         824      1.8287     1.67335  0.00564595
         825     1.81111     1.67352  0.00564157
         826     1.78467     1.67365  0.00563635
         827     1.75234     1.67375  0.00563033
         828     1.71708      1.6738  0.00562378
         829     1.68142     1.67381    0.005617
         830     1.64747     1.67378  0.00561032
         831     1.61717     1.67371  0.00560399
         832     1.59211     1.67361  0.00559811
         833     1.57357     1.67349  0.00559268
         834     1.56233     1.67336  0.00558756
         835     1.55868     1.67322  0.00558255
         836     1.56254     1.67309  0.00557745
         837     1.57366     1.67297  0.00557205
         838     1.59171     1.67287  0.00556624
         839       1.616      1.6728  0.00556002
         840     1.64496     1.67277   0.0055535
         841     1.67579     1.67277   0.0055469
         842     1.70462     1.67281  0.00554044
         843     1.72735     1.67288  0.00553424
         844     1.74046     1.67296  0.00552827
         845     1.74165     1.67304  0.00552232
         846     1.73022      1.6731  0.00551621
         847     1.70708     1.67314  0.00550984
         848      1.6749     1.67315  0.00550334
         849     1.63807     1.67311  0.00549702
         850     1.60212     1.67302  0.00549118
         851     1.57259      1.6729    0.005486
         852     1.55328     1.67276  0.00548136
         853     1.54521     1.67261  0.00547697
         854     1.54658     1.67247  0.00547254
         855     1.55384     1.67233   0.0054679
         856     1.56282      1.6722  0.00546301
         857     1.56976     1.67208  0.00545794
         858      1.5718     1.67196  0.00545283
         859     1.56743     1.67184  0.00544784
         860      1.5565     1.67171  0.00544316
         861     1.54003     1.67155  0.00543899
         862     1.51967     1.67138  0.00543553
         863     1.49724     1.67118  0.00543298
         864      1.4753     1.67095  0.00543142
         865     1.45836      1.6707  0.00543069
         866     1.45323     1.67045  0.00543023
         867      1.4661     1.67022  0.00542908
         868     1.49736     1.67002  0.00542647
         869     1.53993     1.66987  0.00542229
         870     1.58366     1.66977  0.00541696
         871      1.6208     1.66971  0.00541104
         872     1.64788     1.66969  0.00540489
         873     1.66465     1.66968   0.0053987
         874     1.67245     1.66969  0.00539253
         875     1.67309     1.66969  0.00538636
         876     1.66822     1.66969  0.00538022
         877      1.6593     1.66968  0.00537409
         878     1.64763     1.66965  0.00536803
         879     1.63442     1.66961  0.00536207
         880     1.62085     1.66956  0.00535627
         881      1.6079     1.66949  0.00535064
         882     1.59633      1.6694  0.00534522
         883     1.58656     1.66931  0.00533999
         884     1.57858     1.66921  0.00533494
         885     1.57182      1.6691  0.00533004
         886     1.56526     1.66898  0.00532532
         887     1.55785     1.66885  0.00532079
         888     1.54935     1.66872  0.00531649
         889     1.54093     1.66858  0.00531246
         890     1.53474     1.66842  0.00530862
         891     1.53227     1.66827  0.00530486
         892     1.53281     1.66812  0.00530108
         893     1.53343     1.66797  0.00529729
         894     1.53064     1.66782  0.00529359
         895     1.52248     1.66765  0.00529017
         896     1.51003     1.66748  0.00528719
         897     1.49738     1.66729  0.00528469
         898      1.4902     1.66709  0.00528249
         899     1.49355      1.6669  0.00528014
         900     1.50994     1.66672  0.00527715
         901     1.53813     1.66658  0.00527322
         902     1.57355     1.66648  0.00526838
         903     1.60994     1.66641  0.00526292
         904     1.64151     1.66639  0.00525717
         905     1.66463     1.66638  0.00525136
         906     1.67842      1.6664  0.00524558
         907     1.68439     1.66642  0.00523984
         908     1.68533     1.66644  0.00523411
         909     1.68411     1.66646  0.00522839
         910     1.68269     1.66648  0.00522267
         911     1.68169     1.66649  0.00521697
         912     1.68075     1.66651  0.00521127
         913     1.67933     1.66652  0.00520558
         914     1.67736     1.66653   0.0051999
         915     1.67531     1.66654  0.00519422
         916     1.67404     1.66655  0.00518856
         917     1.67454     1.66656  0.00518291
         918     1.67777     1.66657  0.00517728
         919     1.68446     1.66659  0.00517168
         920     1.69483     1.66662  0.00516615
         921     1.70832     1.66667  0.00516074
         922     1.72349     1.66673  0.00515551
         923     1.73818     1.66681  0.00515051
         924     1.74993      1.6669  0.00514572
         925     1.75653     1.66699  0.00514107
         926     1.75653     1.66709  0.00513642
         927     1.74967     1.66718  0.00513166
         928     1.73673     1.66726  0.00512667
         929     1.71915     1.66731  0.00512146
         930     1.69864     1.66734  0.00511606
         931     1.67734     1.66736  0.00511058
         932     1.65849     1.66735   0.0051051
         933     1.64648     1.66732  0.00509968
         934      1.6453      1.6673  0.00509428
         935     1.65665     1.66729  0.00508884
         936     1.67924      1.6673  0.00508342
         937     1.70966     1.66735  0.00507819
         938     1.74332     1.66743  0.00507343
         939     1.77528     1.66754  0.00506932
         940     1.80137     1.66768  0.00506593
         941     1.81888     1.66785  0.00506309
         942     1.82662     1.66801  0.00506052
         943     1.82463     1.66818  0.00505788
         944     1.81386     1.66833  0.00505488
         945     1.79574     1.66847  0.00505133
         946     1.77181     1.66858  0.00504717
         947      1.7434     1.66866  0.00504246
         948     1.71204      1.6687  0.00503734
         949     1.68014     1.66872  0.00503205
         950     1.65139      1.6687  0.00502679
         951     1.63012     1.66866  0.00502167
         952     1.61998     1.66861  0.00501665
         953     1.62245     1.66856  0.00501162
         954     1.63646     1.66852  0.00500648
         955     1.65903     1.66851  0.00500125
         956     1.68658     1.66853  0.00499605
         957     1.71608     1.66858  0.00499108
         958     1.74543     1.66866  0.00498651
         959     1.77335     1.66877  0.00498251
         960     1.79889     1.66891  0.00497916
         961     1.82087     1.66907  0.00497649
         962     1.83769     1.66924   0.0049744
         963     1.84743     1.66943  0.00497268
         964     1.84816     1.66961  0.00497098
         965      1.8384     1.66979   0.0049689
         966     1.81758     1.66994  0.00496611
         967     1.78651     1.67006  0.00496244
         968     1.74752     1.67014  0.00495796
         969     1.70438     1.67017  0.00495297
         970     1.66161     1.67017  0.00494787
         971     1.62349     1.67012  0.00494301
         972     1.59326     1.67004  0.00493855
         973     1.57279     1.66994  0.00493449
         974     1.56296     1.66983  0.00493065
         975     1.56374     1.66972  0.00492679
         976     1.57353     1.66962  0.00492273
         977      1.5888     1.66954  0.00491838
         978     1.60478     1.66947   0.0049138
         979     1.61729     1.66942  0.00490907
         980     1.62418     1.66937  0.00490428
         981     1.62589     1.66933  0.00489948
         982       1.625     1.66928   0.0048947
         983     1.62501     1.66924  0.00488992
         984      1.6287      1.6692  0.00488513
         985     1.63684     1.66916  0.00488028
         986     1.64835     1.66914  0.00487538
         987     1.66147     1.66914  0.00487044
         988     1.67481     1.66914  0.00486552
         989     1.68742     1.66916  0.00486063
         990     1.69839     1.66919  0.00485581
         991     1.70633     1.66923  0.00485106
         992     1.70939     1.66927  0.00484633
         993     1.70581      1.6693  0.00484159
         994     1.69449     1.66933  0.00483679
         995     1.67537     1.66934  0.00483193
         996     1.64969     1.66932  0.00482712
         997     1.62014     1.66927  0.00482253
         998     1.59069     1.66919  0.00481834
         999     1.56589     1.66908  0.00481463
        1000     1.54953     1.66896   0.0048113
        1001     1.54356     1.66884  0.00480812
        1002     1.54763     1.66872  0.00480485
        1003     1.55954     1.66861  0.00480129
        1004     1.57608     1.66852  0.00479739
        1005     1.59399     1.66844  0.00479319
        1006     1.61077     1.66839  0.00478877
        1007     1.62541     1.66834   0.0047842
        1008     1.63871     1.66831  0.00477955
        1009     1.65306      1.6683  0.00477483
        1010     1.67167      1.6683  0.00477011
        1011     1.69724     1.66833  0.00476547
        1012     1.73039     1.66839  0.00476116
        1013     1.76872     1.66849  0.00475749
        1014     1.80721     1.66863  0.00475477
        1015     1.83999      1.6688  0.00475308
        1016     1.86218     1.66899  0.00475221
        1017     1.87074     1.66919  0.00475167
        1018     1.86454     1.66938  0.00475088
        1019     1.84407     1.66955  0.00474931
        1020     1.81121     1.66969  0.00474668
        1021     1.76917     1.66979  0.00474303
        1022     1.72205     1.66984  0.00473867
        1023     1.67454     1.66984  0.00473404
        1024     1.63135      1.6698  0.00472957
        1025     1.59687     1.66973  0.00472549
        1026     1.57434     1.66964   0.0047218
        1027     1.56488     1.66954   0.0047183
        1028     1.56706     1.66944  0.00471476
        1029     1.57768     1.66935  0.00471102
        1030     1.59318     1.66927  0.00470703
        1031     1.61063     1.66922  0.00470281
        1032     1.62779     1.66918  0.00469842
        1033     1.64277     1.66915  0.00469394
        1034     1.65363     1.66914  0.00468943
        1035     1.65846     1.66913  0.00468491
        1036     1.65579     1.66911   0.0046804
        1037     1.64492     1.66909  0.00467595
        1038     1.62617     1.66905  0.00467163
        1039     1.60109     1.66898  0.00466759
        1040     1.57275     1.66889  0.00466402
        1041     1.54591     1.66877  0.00466103
        1042     1.52632     1.66864  0.00465857
        1043     1.51897     1.66849  0.00465631
        1044     1.52582     1.66836  0.00465385
        1045     1.54484     1.66824   0.0046509
        1046     1.57117     1.66814  0.00464738
        1047     1.59944     1.66808   0.0046434
        1048     1.62542     1.66804  0.00463915
        1049     1.64652     1.66802  0.00463478
        1050      1.6615     1.66801  0.00463037
        1051     1.67025     1.66801  0.00462596
        1052     1.67364     1.66802  0.00462157
        1053     1.67323     1.66802  0.00461718
        1054     1.67056     1.66803   0.0046128
        1055     1.66626     1.66803  0.00460843
        1056     1.65978     1.66802  0.00460407
        1057     1.65011       1.668  0.00459975
        1058     1.63705     1.66797  0.00459549
        1059     1.62209     1.66793  0.00459136
        1060     1.60833     1.66787  0.00458737
        1061     1.59947     1.66781   0.0045835
        1062     1.59833     1.66774  0.00457965
        1063     1.60539     1.66768  0.00457572
        1064     1.61824     1.66764  0.00457165
        1065     1.63225      1.6676  0.00456748
        1066     1.64223     1.66758  0.00456326
        1067     1.64426     1.66756  0.00455903
        1068      1.6368     1.66753  0.00455485
        1069     1.62088     1.66749   0.0045508
        1070      1.5997     1.66742  0.00454699
        1071      1.5779     1.66734  0.00454351
        1072     1.56104     1.66724  0.00454036
        1073     1.55476     1.66713  0.00453734
        1074      1.5634     1.66704  0.00453414
        1075     1.58798     1.66696  0.00453052
        1076     1.62476     1.66692  0.00452648
        1077     1.66592     1.66692  0.00452227
        1078      1.7023     1.66696   0.0045182
        1079     1.72642     1.66701  0.00451435
        1080     1.73435     1.66707   0.0045106
        1081     1.72642     1.66713  0.00450676
        1082     1.70694     1.66717  0.00450274
        1083     1.68308     1.66718  0.00449861
        1084     1.66251     1.66718  0.00449446
        1085     1.65066     1.66716  0.00449035
        1086     1.64904     1.66714  0.00448624
        1087     1.65556     1.66713  0.00448213
        1088     1.66615     1.66713  0.00447801
        1089      1.6766     1.66714   0.0044739
        1090     1.68366     1.66716  0.00446983
        1091     1.68542     1.66717  0.00446576
        1092     1.68148     1.66719  0.00446169
        1093     1.67295     1.66719  0.00445761
        1094     1.66223     1.66719  0.00445354
        1095     1.65229     1.66717  0.00444949
        1096     1.64541     1.66715  0.00444548
        1097     1.64224     1.66713  0.00444148
        1098     1.64176     1.66711   0.0044375
        1099     1.64208     1.66709  0.00443352
        1100     1.64173     1.66706  0.00442955
        1101     1.64043     1.66704  0.00442559
        1102     1.63881     1.66701  0.00442165
        1103     1.63766     1.66699  0.00441772
        1104     1.63736     1.66696   0.0044138
        1105     1.63802     1.66693  0.00440988
        1106     1.63992     1.66691  0.00440596
        1107     1.64376     1.66689  0.00440203
        1108     1.65035     1.66687  0.00439808
        1109        1.66     1.66687  0.00439412
        1110     1.67208     1.66687  0.00439017
        1111     1.68483     1.66689  0.00438625
        1112     1.69563     1.66691  0.00438238
        1113     1.70174     1.66694  0.00437855
        1114      1.7013     1.66698  0.00437473
        1115     1.69415       1.667  0.00437087
        1116     1.68189     1.66701  0.00436698
        1117     1.66682     1.66701  0.00436307
        1118     1.65032       1.667  0.00435919
        1119     1.63197     1.66697  0.00435541
        1120     1.61054     1.66692  0.00435181
        1121     1.58566     1.66684  0.00434853
        1122       1.559     1.66675  0.00434572
        1123     1.53425     1.66663  0.00434345
        1124     1.51627      1.6665  0.00434165
        1125     1.50947     1.66636  0.00434003
        1126     1.51603     1.66622  0.00433823
        1127     1.53462     1.66611  0.00433595
        1128     1.56098     1.66601  0.00433311
        1129     1.59016     1.66595  0.00432979
        1130     1.61852      1.6659  0.00432616
        1131      1.6441     1.66588  0.00432238
        1132     1.66567     1.66588  0.00431856
        1133     1.68198      1.6659  0.00431477
        1134     1.69186     1.66592  0.00431103
        1135     1.69479     1.66595  0.00430731
        1136     1.69123     1.66597  0.00430357
        1137     1.68266     1.66598  0.00429981
        1138     1.67118     1.66599  0.00429604
        1139     1.65906     1.66598  0.00429227
        1140     1.64807     1.66597  0.00428853
        1141      1.6389     1.66594  0.00428484
        1142     1.63092     1.66591   0.0042812
        1143     1.62256     1.66587  0.00427762
        1144      1.6124     1.66583  0.00427414
        1145     1.60001     1.66577  0.00427079
        1146     1.58614      1.6657  0.00426763
        1147     1.57221     1.66562  0.00426468
        1148     1.55969     1.66553  0.00426197
        1149      1.5498     1.66543  0.00425945
        1150     1.54354     1.66532  0.00425706
        1151     1.54162     1.66521  0.00425472
        1152     1.54449     1.66511  0.00425232
        1153     1.55216     1.66501  0.00424976
        1154     1.56407     1.66492  0.00424698
        1155     1.57883     1.66485  0.00424395
        1156     1.59449     1.66479  0.00424072
        1157      1.6092     1.66474  0.00423733
        1158     1.62173      1.6647  0.00423383
        1159     1.63172     1.66467  0.00423027
        1160     1.63951     1.66465  0.00422668
        1161      1.6458     1.66464  0.00422307
        1162     1.65154     1.66462  0.00421945
        1163     1.65778     1.66462  0.00421583
        1164     1.66555     1.66462  0.00421221
        1165     1.67564     1.66463   0.0042086
        1166     1.68822     1.66465  0.00420504
        1167     1.70246     1.66468  0.00420156
        1168     1.71629     1.66473   0.0041982
        1169     1.72655     1.66478  0.00419494
        1170     1.72983     1.66483  0.00419172
        1171     1.72362     1.66488  0.00418844
        1172     1.70744     1.66492  0.00418503
        1173     1.68338     1.66494  0.00418149
        1174     1.65584     1.66493  0.00417793
        1175     1.63031      1.6649  0.00417448
        1176     1.61183     1.66485  0.00417118
        1177     1.60343      1.6648  0.00416796
        1178     1.60506     1.66475  0.00416473
        1179     1.61328     1.66471  0.00416142
        1180      1.6224     1.66467  0.00415805
        1181     1.62669     1.66464  0.00415466
        1182     1.62293      1.6646  0.00415129
        1183     1.61164     1.66456  0.00414802
        1184      1.5967      1.6645  0.00414492
        1185     1.58344     1.66443  0.00414198
        1186     1.57624     1.66436  0.00413916
        1187     1.57674     1.66428  0.00413633
        1188     1.58357     1.66422   0.0041334
        1189      1.5934     1.66416  0.00413036
        1190     1.60269     1.66411  0.00412721
        1191     1.60909     1.66406    0.004124
        1192     1.61205     1.66402  0.00412077
        1193     1.61254     1.66397  0.00411755
        1194     1.61226     1.66393  0.00411433
        1195      1.6128     1.66389   0.0041111
        1196     1.61506     1.66385  0.00410787
        1197     1.61913     1.66381  0.00410461
        1198     1.62453     1.66378  0.00410131
        1199     1.63043     1.66375  0.00409799
        1200     1.63574     1.66372  0.00409464
        1201     1.63893      1.6637  0.00409128
        1202     1.63801     1.66368  0.00408793
        1203     1.63083     1.66366  0.00408463
        1204     1.61565     1.66362  0.00408143
        1205     1.59177     1.66356  0.00407848
        1206     1.56005     1.66347    0.004076
        1207     1.52333     1.66335  0.00407427
        1208     1.48652     1.66321  0.00407353
        1209     1.45586     1.66304  0.00407377
        1210     1.43717     1.66285  0.00407468
        1211     1.43369     1.66266   0.0040757
        1212     1.44521     1.66248  0.00407629
        1213     1.46867     1.66232  0.00407606
        1214     1.49972     1.66219   0.0040749
        1215     1.53402     1.66208  0.00407291
        1216     1.56806       1.662   0.0040703
        1217     1.59942     1.66195  0.00406728
        1218     1.62679     1.66192  0.00406404
        1219     1.64974     1.66191  0.00406072
        1220     1.66848     1.66192  0.00405739
        1221     1.68369     1.66194  0.00405411
        1222     1.69638     1.66197  0.00405089
        1223     1.70773       1.662  0.00404775
        1224     1.71874     1.66205  0.00404471
        1225     1.73012      1.6621  0.00404179
        1226     1.74207     1.66217  0.00403902
        1227     1.75424     1.66224  0.00403642
        1228     1.76566     1.66233  0.00403401
        1229     1.77485     1.66242  0.00403177
        1230     1.78034     1.66252  0.00402963
        1231     1.78137     1.66261  0.00402752
        1232     1.77834     1.66271  0.00402534
        1233     1.77273      1.6628  0.00402307
        1234     1.76654     1.66288  0.00402068
        1235     1.76157     1.66296  0.00401822
        1236     1.75877     1.66304  0.00401572
        1237     1.75792     1.66311  0.00401321
        1238     1.75787     1.66319  0.00401069
        1239     1.75695     1.66327  0.00400817
        1240     1.75359     1.66334   0.0040056
        1241       1.747     1.66341  0.00400294
        1242     1.73755     1.66347  0.00400016
        1243     1.72688     1.66352  0.00399727
        1244      1.7174     1.66356  0.00399429
        1245     1.71136      1.6636  0.00399127
        1246     1.70999     1.66364  0.00398824
        1247     1.71332     1.66368  0.00398524
        1248     1.72038     1.66372   0.0039823
        1249     1.72975     1.66377  0.00397947
        1250     1.73979     1.66384  0.00397675
        1251      1.7488      1.6639  0.00397415
        1252     1.75513     1.66398  0.00397164
        1253     1.75775     1.66405  0.00396918
        1254     1.75678     1.66412   0.0039667
        1255     1.75384      1.6642  0.00396418
        1256     1.75149     1.66427  0.00396164
        1257     1.75187     1.66434   0.0039591
        1258     1.75527     1.66441  0.00395661
        1259     1.75975     1.66448  0.00395419
        1260     1.76204     1.66456  0.00395181
        1261     1.75896     1.66464  0.00394939
        1262      1.7486      1.6647  0.00394682
        1263       1.731     1.66476  0.00394404
        1264     1.70825     1.66479  0.00394107
        1265      1.6837      1.6648  0.00393799
        1266     1.66025      1.6648  0.00393488
        1267     1.63911     1.66478  0.00393182
        1268     1.61997     1.66475  0.00392888
        1269     1.60209      1.6647   0.0039261
        1270     1.58514     1.66463   0.0039235
        1271      1.5696     1.66456  0.00392113
        1272     1.55667     1.66447  0.00391896
        1273     1.54818     1.66438  0.00391695
        1274     1.54625     1.66429  0.00391497
        1275     1.55254      1.6642  0.00391288
        1276     1.56759     1.66413  0.00391055
        1277     1.59065     1.66407  0.00390791
        1278     1.61978     1.66403  0.00390501
        1279     1.65236     1.66402  0.00390196
        1280     1.68541     1.66404  0.00389895
        1281     1.71617     1.66408  0.00389612
        1282     1.74258     1.66414  0.00389356
        1283     1.76333     1.66422  0.00389129
        1284     1.77769     1.66431  0.00388927
        1285     1.78513      1.6644  0.00388738
        1286     1.78516      1.6645  0.00388549
        1287     1.77751     1.66458  0.00388346
        1288     1.76244     1.66466  0.00388119
        1289     1.74125     1.66472  0.00387863
        1290     1.71688     1.66476  0.00387584
        1291     1.69377     1.66478   0.0038729
        1292     1.67663     1.66479  0.00386991
        1293     1.66847      1.6648  0.00386692
        1294     1.66948      1.6648  0.00386393
        1295     1.67721     1.66481  0.00386096
        1296     1.68761     1.66483  0.00385802
        1297     1.69657     1.66485  0.00385513
        1298     1.70117     1.66488  0.00385226
        1299     1.70017     1.66491  0.00384939
        1300     1.69386     1.66493  0.00384649
        1301     1.68343     1.66494  0.00384356
        1302     1.67022     1.66495  0.00384061
        1303     1.65505     1.66494  0.00383767
        1304     1.63815     1.66492  0.00383478
        1305     1.61972     1.66488    0.003832
        1306     1.60087     1.66483  0.00382938
        1307     1.58409     1.66477  0.00382695
        1308     1.57276      1.6647  0.00382467
        1309     1.57021     1.66463  0.00382243
        1310     1.57861     1.66456  0.00382007
        1311     1.59817     1.66451   0.0038175
        1312     1.62687     1.66449  0.00381469
        1313     1.66071     1.66448  0.00381179
        1314     1.69467     1.66451  0.00380896
        1315     1.72392     1.66455  0.00380633
        1316     1.74493     1.66461  0.00380393
        1317     1.75616     1.66468  0.00380167
        1318     1.75811     1.66475  0.00379945
        1319     1.75296     1.66482  0.00379716
        1320     1.74395     1.66488  0.00379476
        1321     1.73448     1.66493  0.00379225
        1322     1.72701     1.66498  0.00378967
        1323     1.72223     1.66502  0.00378705
        1324     1.71896     1.66506  0.00378441
        1325     1.71493      1.6651  0.00378174
        1326     1.70822     1.66513  0.00377903
        1327     1.69823     1.66516  0.00377627
        1328     1.68587     1.66517  0.00377345
        1329       1.673     1.66518  0.00377062
        1330      1.6612     1.66518  0.00376779
        1331     1.65092     1.66517  0.00376497
        1332     1.64126     1.66515  0.00376219
        1333     1.63092     1.66512  0.00375945
        1334     1.61928     1.66509  0.00375679
        1335     1.60681     1.66504  0.00375423
        1336     1.59454     1.66499  0.00375179
        1337     1.58328     1.66493  0.00374948
        1338     1.57374     1.66486   0.0037473
        1339     1.56733     1.66479  0.00374521
        1340     1.56628     1.66472  0.00374314
        1341      1.5721     1.66465  0.00374098
        1342     1.58386     1.66459  0.00373868
        1343     1.59847     1.66454  0.00373622
        1344     1.61249      1.6645  0.00373364
        1345      1.6238     1.66447  0.00373099
        1346     1.63161     1.66444  0.00372829
        1347     1.63572     1.66442  0.00372559
        1348     1.63595      1.6644  0.00372288
        1349     1.63218     1.66438   0.0037202
        1350      1.6248     1.66435  0.00371756
        1351     1.61517     1.66431  0.00371499
        1352     1.60554     1.66427  0.00371249
        1353     1.59881     1.66422  0.00371006
        1354     1.59785     1.66417  0.00370765
        1355     1.60465     1.66413  0.00370517
        1356      1.6189     1.66409  0.00370259
        1357     1.63749     1.66407  0.00369991
        1358      1.6556     1.66407  0.00369719
        1359     1.66874     1.66407  0.00369447
        1360     1.67444     1.66408  0.00369177
        1361      1.6728     1.66408  0.00368906
        1362     1.66638     1.66409  0.00368635
        1363     1.65944     1.66408  0.00368365
        1364     1.65615     1.66408  0.00368095
        1365     1.65856     1.66407  0.00367826
        1366     1.66571     1.66407  0.00367556
        1367     1.67496     1.66408  0.00367288
        1368     1.68391      1.6641  0.00367023
        1369     1.69136     1.66412   0.0036676
        1370       1.697     1.66414    0.003665
        1371     1.70074     1.66417  0.00366243
        1372      1.7022      1.6642  0.00365986
        1373     1.70086     1.66422  0.00365729
        1374     1.69653     1.66425  0.00365471
        1375     1.68955     1.66426   0.0036521
        1376     1.68076     1.66428  0.00364946
        1377     1.67122     1.66428  0.00364681
        1378     1.66193     1.66428  0.00364417
        1379      1.6536     1.66427  0.00364153
        1380     1.64663     1.66426  0.00363892
        1381     1.64093     1.66424  0.00363632
        1382     1.63582     1.66422  0.00363375
        1383     1.63026      1.6642   0.0036312
        1384     1.62349     1.66417   0.0036287
        1385     1.61594     1.66413  0.00362625
        1386     1.60951     1.66409  0.00362385
        1387     1.60695     1.66405  0.00362147
        1388     1.61045     1.66401  0.00361906
        1389     1.62063     1.66398  0.00361659
        1390     1.63614     1.66396  0.00361405
        1391     1.65431     1.66395  0.00361145
        1392     1.67202     1.66396  0.00360886
        1393     1.68655     1.66398  0.00360631
        1394     1.69619       1.664   0.0036038
        1395     1.70041     1.66403  0.00360131
        1396     1.69976     1.66405  0.00359882
        1397     1.69588     1.66407  0.00359632
        1398     1.69175     1.66409   0.0035938
        1399     1.69105     1.66411  0.00359128
        1400     1.69651     1.66414  0.00358879
        1401     1.70809     1.66417  0.00358637
        1402     1.72287     1.66421  0.00358405
        1403     1.73671     1.66426  0.00358187
        1404     1.74638     1.66432   0.0035798
        1405     1.75074     1.66438  0.00357778
        1406     1.75034     1.66444  0.00357575
        1407     1.74636      1.6645  0.00357369
        1408     1.73953     1.66455  0.00357155
        1409     1.72991      1.6646  0.00356931
        1410     1.71758     1.66464  0.00356698
        1411     1.70351     1.66467  0.00356456
        1412     1.69001     1.66468  0.00356208
        1413     1.68002     1.66469  0.00355957
        1414     1.67569      1.6647  0.00355706
        1415     1.67735     1.66471  0.00355456
        1416     1.68364     1.66472  0.00355208
        1417     1.69252     1.66474  0.00354962
        1418     1.70229     1.66477  0.00354722
        1419     1.71188      1.6648  0.00354488
        1420     1.72081     1.66484   0.0035426
        1421     1.72888     1.66489  0.00354039
        1422     1.73573     1.66494  0.00353825
        1423     1.74061     1.66499  0.00353617
        1424     1.74229     1.66505   0.0035341
        1425     1.73946      1.6651  0.00353201
        1426     1.73109     1.66514  0.00352983
        1427     1.71695     1.66518  0.00352754
        1428     1.69764      1.6652  0.00352515
        1429      1.6744     1.66521  0.00352269
        1430     1.64872      1.6652  0.00352024
        1431     1.62198     1.66517  0.00351791
        1432     1.59552     1.66512  0.00351579
        1433     1.57081     1.66505  0.00351395
        1434     1.54957     1.66497  0.00351243
        1435     1.53363     1.66488  0.00351117
        1436     1.52447     1.66478  0.00351009
        1437     1.52283     1.66468  0.00350903
        1438     1.52852     1.66459  0.00350787
        1439     1.54045      1.6645  0.00350649
        1440       1.557     1.66443  0.00350485
        1441     1.57642     1.66437  0.00350295
        1442     1.59737     1.66432  0.00350083
        1443     1.61889     1.66429  0.00349855
        1444     1.64019     1.66427  0.00349616
        1445     1.66006     1.66427  0.00349375
        1446     1.67675     1.66428  0.00349134
        1447     1.68813      1.6643  0.00348897
        1448     1.69208     1.66431  0.00348661
        1449     1.68696     1.66433  0.00348424
        1450     1.67192     1.66434  0.00348184
        1451     1.64729     1.66432  0.00347946
        1452       1.615     1.66429  0.00347723
        1453     1.57877     1.66423  0.00347533
        1454      1.5439     1.66415  0.00347393
        1455     1.51638     1.66405  0.00347303
        1456     1.50123     1.66394  0.00347244
        1457     1.50084     1.66382  0.00347186
        1458     1.51414     1.66372    0.003471
        1459     1.53686     1.66363  0.00346971
        1460     1.56275     1.66356  0.00346802
        1461     1.58522     1.66351  0.00346606
        1462      1.5987     1.66347  0.00346397
        1463     1.59925     1.66342  0.00346188
        1464     1.58488     1.66337  0.00345993
        1465     1.55601      1.6633  0.00345835
        1466     1.51621      1.6632  0.00345744
        1467     1.47309     1.66307  0.00345751
        1468     1.43797     1.66291  0.00345856
        1469     1.42287     1.66275  0.00346006
        1470     1.43488     1.66259  0.00346118
        1471     1.47165     1.66246  0.00346126
        1472     1.52242     1.66237  0.00346021
        1473     1.57396     1.66231  0.00345839
        1474     1.61645     1.66228  0.00345618
        1475     1.64577     1.66227  0.00345385
        1476     1.66299     1.66227  0.00345151
        1477      1.6725     1.66227  0.00344918
        1478     1.67986     1.66229  0.00344687
        1479     1.68974      1.6623  0.00344459
        1480     1.70415     1.66233  0.00344238
        1481     1.72206     1.66237  0.00344029
        1482     1.74035     1.66243  0.00343837
        1483     1.75538     1.66249  0.00343662
        1484     1.76431     1.66256  0.00343499
        1485     1.76563     1.66263  0.00343338
        1486     1.75944     1.66269  0.00343169
        1487     1.74741     1.66275  0.00342985
        1488     1.73239      1.6628  0.00342787
        1489     1.71716     1.66283  0.00342576
        1490      1.7031     1.66286  0.00342357
        1491     1.69002     1.66288  0.00342132
        1492     1.67721     1.66289  0.00341904
        1493     1.66484     1.66289  0.00341675
        1494     1.65432     1.66288  0.00341447
        1495      1.6476     1.66287   0.0034122
        1496     1.64599     1.66286  0.00340994
        1497     1.64918     1.66285  0.00340767
        1498     1.65517     1.66285   0.0034054
        1499     1.66129     1.66285  0.00340313
        1500     1.66542     1.66285  0.00340086
