#     BLOCK:  ACTUAL_PE:     PE_AVE:      ERROR:
           1    -6.36371    -6.36371           0
           2    -6.35804    -6.36087  0.00200744
           3    -6.34642    -6.35606   0.0041552
           4    -6.32708    -6.34881  0.00700456
           5    -6.29912    -6.33887    0.010508
           6     -6.2603    -6.32578   0.0148193
           7    -6.20904     -6.3091   0.0199932
           8    -6.14436    -6.28851   0.0260213
           9    -6.06189    -6.26333   0.0331445
          10    -5.96331    -6.23333   0.0412302
          11    -5.84621    -6.19813   0.0503073
          12    -5.71394    -6.15779   0.0601583
          13    -5.57171     -6.1127   0.0704254
          14    -5.42778    -6.06378   0.0806166
          15    -5.28936    -6.01215   0.0902725
          16    -5.16444    -5.95917   0.0989645
          17    -5.05857    -5.90619    0.106382
          18    -4.97743     -5.8546     0.11229
          19    -4.92574    -5.80571    0.116537
          20    -4.90207    -5.76053    0.119147
          21    -4.90328    -5.71971    0.120263
          22    -4.92008    -5.68336    0.120164
          23    -4.94352    -5.65119    0.119167
          24    -4.96488     -5.6226    0.117582
          25    -4.98156    -5.59695    0.115641
          26    -4.99369    -5.57375    0.113497
          27    -5.00203    -5.55258    0.111251
          28    -5.00813    -5.53313    0.108964
          29     -5.0143    -5.51524    0.106665
          30    -5.01938    -5.49871    0.104383
          31    -5.02375    -5.48339    0.102134
          32    -5.02706    -5.46913   0.0999326
          33    -5.03178    -5.45588   0.0977792
          34    -5.03803    -5.44359   0.0956726
          35    -5.04432    -5.43218   0.0936167
          36    -5.04976    -5.42156   0.0916169
          37    -5.05071    -5.41154   0.0896874
          38    -5.04623    -5.40192   0.0878409
          39    -5.03704    -5.39257   0.0860854
          40    -5.02576     -5.3834   0.0844202
          41    -5.01583    -5.37443   0.0828359
          42    -5.00806    -5.36571   0.0813216
          43    -5.00447    -5.35731   0.0798631
          44     -5.0067    -5.34934   0.0784446
          45    -5.01556    -5.34192   0.0770512
          46    -5.03288     -5.3352   0.0756685
          47    -5.05646    -5.32927   0.0742906
          48    -5.08406    -5.32416   0.0729183
          49    -5.11033     -5.3198   0.0715607
          50    -5.13146    -5.31603   0.0702285
          51     -5.1449    -5.31268   0.0689316
          52    -5.15295    -5.30961   0.0676744
          53    -5.15502    -5.30669   0.0664603
          54    -5.15402    -5.30386   0.0652897
          55    -5.15091    -5.30108   0.0641618
          56    -5.14616    -5.29831   0.0630757
          57    -5.14151    -5.29556    0.062029
          58    -5.13448    -5.29279   0.0610217
          59    -5.12576    -5.28996   0.0600531
          60    -5.11422    -5.28703   0.0591236
          61    -5.09966    -5.28395   0.0582341
          62    -5.08281    -5.28071   0.0573851
          63    -5.06428    -5.27727    0.056577
          64    -5.04633    -5.27367   0.0558079
          65     -5.0278    -5.26988   0.0550774
          66    -5.00944    -5.26594   0.0543841
          67    -4.99095    -5.26183    0.053727
          68     -4.9715    -5.25756   0.0531063
          69    -4.95517    -5.25318   0.0525171
          70    -4.94402    -5.24876   0.0519523
          71    -4.94046    -5.24442   0.0514017
          72    -4.94436    -5.24025   0.0508565
          73    -4.95461    -5.23634   0.0503101
          74    -4.97056    -5.23275   0.0497583
          75    -4.98804    -5.22949   0.0492017
          76    -5.00591    -5.22655   0.0486422
          77    -5.02257     -5.2239   0.0480825
          78    -5.03554    -5.22148   0.0475267
          79    -5.04572    -5.21926   0.0469771
          80    -5.05044    -5.21715   0.0464373
          81    -5.04912    -5.21507   0.0459103
          82    -5.04122    -5.21295   0.0453994
          83    -5.02802    -5.21072    0.044907
          84    -5.01529     -5.2084   0.0444326
          85    -5.00589    -5.20601   0.0439737
          86    -5.00161    -5.20364   0.0435266
          87    -5.00088    -5.20131   0.0430886
          88    -4.99959    -5.19902   0.0426599
          89    -4.99396    -5.19671   0.0422428
          90    -4.98462    -5.19435   0.0418391
          91     -4.9731    -5.19192   0.0414499
          92    -4.96226    -5.18943   0.0410745
          93    -4.95357    -5.18689    0.040711
          94    -4.94691    -5.18434   0.0403579
          95    -4.94365     -5.1818   0.0400125
          96    -4.94355    -5.17932   0.0396726
          97    -4.94797    -5.17694   0.0393352
          98    -4.95384    -5.17466   0.0389997
          99    -4.95836    -5.17248   0.0386669
         100    -4.95878    -5.17034   0.0383392
         101     -4.9523    -5.16818   0.0380204
         102    -4.94016    -5.16594   0.0377133
         103    -4.92238    -5.16358   0.0374212
         104    -4.90214    -5.16107   0.0371457
         105    -4.88357    -5.15842   0.0368859
         106    -4.86595    -5.15566   0.0366409
         107    -4.85114    -5.15282   0.0364088
         108    -4.83944    -5.14992   0.0361872
         109    -4.83143    -5.14699    0.035973
         110    -4.82804    -5.14409   0.0357626
         111    -4.83197    -5.14128   0.0355508
         112    -4.84367    -5.13863   0.0353325
         113    -4.86074    -5.13617   0.0351053
         114     -4.8838    -5.13395   0.0348671
         115    -4.91105    -5.13201   0.0346178
         116    -4.93858    -5.13035   0.0343595
         117    -4.96689    -5.12895   0.0340942
         118    -4.99558    -5.12782    0.033824
         119    -5.02443    -5.12695   0.0335509
         120    -5.05231    -5.12633   0.0332771
         121    -5.07782    -5.12593   0.0330045
         122    -5.09828     -5.1257   0.0327347
         123    -5.11186    -5.12559   0.0324688
         124    -5.11903    -5.12554    0.032207
         125    -5.12283    -5.12551   0.0319493
         126    -5.12308    -5.12549   0.0316958
         127    -5.12279    -5.12547   0.0314462
         128      -5.122    -5.12545   0.0312006
         129    -5.11999     -5.1254   0.0309587
         130    -5.11726    -5.12534   0.0307206
         131    -5.11466    -5.12526   0.0304862
         132     -5.1118    -5.12516   0.0302555
         133    -5.11034    -5.12505   0.0300282
         134     -5.1107    -5.12494   0.0298043
         135    -5.11012    -5.12483   0.0295837
         136     -5.1077     -5.1247   0.0293664
         137    -5.10521    -5.12456   0.0291524
         138    -5.10279     -5.1244   0.0289416
         139    -5.10203    -5.12424   0.0287338
         140    -5.10348    -5.12409    0.028529
         141    -5.10852    -5.12398   0.0283269
         142    -5.11746    -5.12394   0.0281274
         143     -5.1264    -5.12396   0.0279307
         144    -5.13457    -5.12403   0.0277369
         145    -5.13871    -5.12413   0.0275458
         146    -5.13716    -5.12422   0.0273572
         147    -5.12949    -5.12426   0.0271712
         148    -5.11815    -5.12421   0.0269876
         149     -5.1055    -5.12409   0.0268068
         150    -5.09313    -5.12388   0.0266288
         151    -5.08586    -5.12363   0.0264537
         152    -5.08423    -5.12337   0.0262809
         153    -5.08749    -5.12314   0.0261102
         154    -5.09282    -5.12294   0.0259414
         155    -5.09877    -5.12278   0.0257745
         156    -5.10323    -5.12266   0.0256096
         157    -5.10427    -5.12254   0.0254467
         158    -5.10268    -5.12242    0.025286
         159    -5.09946    -5.12227   0.0251274
         160    -5.09658    -5.12211   0.0249708
         161    -5.09566    -5.12195   0.0248163
         162    -5.09751     -5.1218   0.0246635
         163    -5.10276    -5.12168   0.0245125
         164     -5.1105    -5.12161   0.0243631
         165     -5.1176    -5.12159   0.0242155
         166    -5.12432     -5.1216   0.0240696
         167    -5.12979    -5.12165   0.0239255
         168    -5.13539    -5.12173   0.0237833
         169    -5.13868    -5.12183   0.0236428
         170    -5.14199    -5.12195    0.023504
         171    -5.14585    -5.12209   0.0233669
         172    -5.15257    -5.12227   0.0232318
         173    -5.16013    -5.12249   0.0230985
         174      -5.167    -5.12274   0.0229672
         175    -5.17306    -5.12303   0.0228377
         176    -5.17569    -5.12333   0.0227099
         177     -5.1744    -5.12362   0.0225835
         178    -5.16834    -5.12387    0.022458
         179    -5.15836    -5.12406   0.0223333
         180    -5.14295    -5.12417   0.0222095
         181    -5.12254    -5.12416   0.0220868
         182    -5.09714    -5.12401    0.021966
         183     -5.0661    -5.12369   0.0218482
         184    -5.02827    -5.12318   0.0217356
         185    -4.98237    -5.12241   0.0216314
         186    -4.93038    -5.12138   0.0215398
         187    -4.87528    -5.12007   0.0214648
         188    -4.82485     -5.1185   0.0214079
         189    -4.78777    -5.11675   0.0213661
         190    -4.76818    -5.11491   0.0213322
         191    -4.76778    -5.11309   0.0212978
         192    -4.78402    -5.11138   0.0212558
         193    -4.81333    -5.10984   0.0212016
         194    -4.85219    -5.10851   0.0211339
         195     -4.8982    -5.10743    0.021053
         196     -4.9487    -5.10662   0.0209612
         197    -4.99936    -5.10607   0.0208619
         198    -5.04448    -5.10576   0.0207588
         199    -5.08093    -5.10564   0.0206549
         200    -5.10556    -5.10564   0.0205516
         201    -5.11699     -5.1057   0.0204494
         202    -5.11695    -5.10575   0.0203483
         203    -5.10831    -5.10576    0.020248
         204    -5.09274     -5.1057   0.0201489
         205    -5.07108    -5.10553   0.0200513
         206    -5.04501    -5.10524   0.0199561
         207    -5.01492     -5.1048   0.0198645
         208    -4.98633    -5.10423   0.0197771
         209    -4.96221    -5.10355   0.0196942
         210    -4.94694    -5.10281   0.0196145
         211    -4.94467    -5.10206   0.0195359
         212    -4.95699    -5.10137   0.0194557
         213    -4.97967     -5.1008   0.0193728
         214    -5.00805    -5.10037   0.0192871
         215     -5.0381    -5.10008   0.0191995
         216     -5.0668    -5.09992   0.0191113
         217    -5.08968    -5.09988   0.0190233
         218    -5.10618    -5.09991    0.018936
         219    -5.11834    -5.09999   0.0188497
         220    -5.12565    -5.10011   0.0187644
         221    -5.12802    -5.10023   0.0186799
         222    -5.12715    -5.10035   0.0185962
         223    -5.12191    -5.10045    0.018513
         224    -5.11258     -5.1005   0.0184305
         225    -5.09956     -5.1005   0.0183486
         226    -5.08153    -5.10042   0.0182676
         227    -5.06174    -5.10025   0.0181879
         228    -5.04092    -5.09999     0.01811
         229    -5.02055    -5.09964   0.0180342
         230    -5.00103    -5.09921   0.0179609
         231     -4.9838    -5.09871   0.0178901
         232    -4.96817    -5.09815   0.0178218
         233    -4.95616    -5.09754   0.0177558
         234    -4.95167    -5.09691   0.0176908
         235    -4.95308     -5.0963   0.0176261
         236    -4.96021    -5.09573   0.0175609
         237    -4.96946    -5.09519   0.0174949
         238    -4.97778     -5.0947   0.0174283
         239    -4.98493    -5.09424   0.0173614
         240    -4.98934     -5.0938   0.0172946
         241    -4.99267    -5.09338   0.0172279
         242    -4.99775    -5.09299   0.0171613
         243    -5.00422    -5.09262   0.0170945
         244    -5.01187    -5.09229   0.0170277
         245    -5.01945      -5.092   0.0169608
         246    -5.02919    -5.09174   0.0168937
         247    -5.03781    -5.09152   0.0168268
         248    -5.04645    -5.09134   0.0167599
         249    -5.05452    -5.09119   0.0166932
         250    -5.06092    -5.09107   0.0166269
         251    -5.06678    -5.09097   0.0165609
         252    -5.06984    -5.09089   0.0164954
         253    -5.06897     -5.0908   0.0164305
         254    -5.06604    -5.09071   0.0163661
         255    -5.06177    -5.09059   0.0163023
         256    -5.05474    -5.09045   0.0162392
         257    -5.04708    -5.09028   0.0161769
         258    -5.04198     -5.0901   0.0161153
         259    -5.03973     -5.0899   0.0160542
         260    -5.04113    -5.08971   0.0159936
         261    -5.04557    -5.08955   0.0159332
         262    -5.05173     -5.0894    0.015873
         263    -5.05778    -5.08928   0.0158131
         264     -5.0629    -5.08918   0.0157535
         265    -5.06482    -5.08909   0.0156944
         266    -5.06302    -5.08899   0.0156357
         267    -5.05919    -5.08888   0.0155775
         268    -5.05498    -5.08875   0.0155199
         269    -5.04977    -5.08861   0.0154629
         270    -5.04809    -5.08846   0.0154063
         271    -5.04875    -5.08831   0.0153502
         272    -5.05309    -5.08818   0.0152943
         273    -5.06151    -5.08808   0.0152386
         274    -5.07401    -5.08803   0.0151831
         275    -5.09212    -5.08805   0.0151278
         276    -5.11456    -5.08814   0.0150733
         277    -5.13944    -5.08833   0.0150201
         278      -5.164     -5.0886   0.0149685
         279    -5.18404    -5.08894   0.0149188
         280    -5.19562    -5.08932   0.0148703
         281    -5.19802    -5.08971   0.0148225
         282     -5.1889    -5.09006   0.0147741
         283    -5.17022    -5.09035   0.0147246
         284    -5.14381    -5.09053   0.0146739
         285    -5.11482    -5.09062   0.0146227
         286    -5.08724    -5.09061   0.0145716
         287     -5.0643    -5.09052   0.0145211
         288     -5.0477    -5.09037   0.0144714
         289    -5.03764    -5.09018   0.0144225
         290    -5.03488    -5.08999    0.014374
         291    -5.03891    -5.08982   0.0143257
         292    -5.04549    -5.08967   0.0142774
         293     -5.0544    -5.08955   0.0142292
         294    -5.06289    -5.08946   0.0141811
         295    -5.07004    -5.08939   0.0141332
         296     -5.0718    -5.08933   0.0140856
         297    -5.06783    -5.08926   0.0140383
         298    -5.06028    -5.08916   0.0139916
         299    -5.05111    -5.08903   0.0139453
         300    -5.04081    -5.08887   0.0138998
         301    -5.03234    -5.08869   0.0138549
         302    -5.02709    -5.08848   0.0138105
         303    -5.02579    -5.08827   0.0137665
         304    -5.02704    -5.08807   0.0137227
         305    -5.02766    -5.08787   0.0136791
         306    -5.02588    -5.08767   0.0136359
         307    -5.01872    -5.08745   0.0135933
         308    -5.00703    -5.08719   0.0135517
         309    -4.99339    -5.08688   0.0135112
         310    -4.98149    -5.08654   0.0134719
         311    -4.97416    -5.08618   0.0134335
         312    -4.97127    -5.08581   0.0133955
         313    -4.97187    -5.08545   0.0133576
         314     -4.9733    -5.08509   0.0133198
         315    -4.97555    -5.08474   0.0132821
         316    -4.98022    -5.08441   0.0132442
         317    -4.98834    -5.08411   0.0132059
         318    -5.00037    -5.08385    0.013167
         319    -5.01496    -5.08363   0.0131275
         320    -5.03029    -5.08346   0.0130875
         321    -5.04501    -5.08334   0.0130473
         322     -5.0569    -5.08326    0.013007
         323    -5.06627    -5.08321   0.0129668
         324     -5.0724    -5.08318   0.0129269
         325    -5.07659    -5.08316   0.0128871
         326    -5.07944    -5.08314   0.0128476
         327    -5.08243    -5.08314   0.0128083
         328    -5.08596    -5.08315   0.0127692
         329    -5.08949    -5.08317   0.0127305
         330    -5.09225     -5.0832   0.0126919
         331    -5.09582    -5.08324   0.0126536
         332    -5.09872    -5.08328   0.0126156
         333    -5.10033    -5.08333   0.0125778
         334    -5.10055    -5.08339   0.0125403
         335    -5.09816    -5.08343   0.0125029
         336    -5.09259    -5.08346   0.0124657
         337    -5.08348    -5.08346   0.0124287
         338    -5.07086    -5.08342    0.012392
         339    -5.05753    -5.08334   0.0123557
         340    -5.04623    -5.08323   0.0123198
         341    -5.03957    -5.08311   0.0122844
         342    -5.04028    -5.08298   0.0122491
         343    -5.04745    -5.08288   0.0122138
         344    -5.05779     -5.0828   0.0121785
         345    -5.06556    -5.08275   0.0121433
         346      -5.066    -5.08271   0.0121083
         347    -5.05802    -5.08263   0.0120736
         348    -5.04474    -5.08253   0.0120394
         349    -5.03053    -5.08238   0.0120059
         350    -5.01986     -5.0822   0.0119729
         351    -5.01534    -5.08201   0.0119403
         352     -5.0159    -5.08182   0.0119079
         353     -5.0201    -5.08165   0.0118754
         354    -5.02731    -5.08149   0.0118429
         355    -5.03644    -5.08136   0.0118102
         356    -5.04525    -5.08126   0.0117774
         357     -5.0531    -5.08118   0.0117447
         358    -5.05771    -5.08112   0.0117121
         359    -5.05695    -5.08105   0.0116797
         360    -5.05267    -5.08097   0.0116475
         361    -5.04327    -5.08087   0.0116157
         362    -5.02979    -5.08073   0.0115844
         363    -5.01216    -5.08054   0.0115541
         364    -4.99083    -5.08029    0.011525
         365    -4.96838    -5.07999   0.0114975
         366    -4.94462    -5.07962    0.011472
         367    -4.92315    -5.07919   0.0114487
         368    -4.90402    -5.07871   0.0114274
         369    -4.89109     -5.0782   0.0114078
         370    -4.88412    -5.07768    0.011389
         371    -4.88432    -5.07716   0.0113702
         372    -4.89151    -5.07666   0.0113506
         373    -4.90469     -5.0762   0.0113295
         374    -4.92143    -5.07578   0.0113068
         375    -4.93969    -5.07542   0.0112825
         376    -4.95569     -5.0751   0.0112569
         377    -4.96741    -5.07482   0.0112307
         378    -4.97335    -5.07455   0.0112042
         379    -4.97406    -5.07428   0.0111778
         380    -4.96702      -5.074   0.0111519
         381     -4.9547    -5.07369   0.0111271
         382    -4.93783    -5.07333   0.0111036
         383    -4.91883    -5.07293   0.0110819
         384    -4.90132    -5.07248   0.0110621
         385    -4.88623      -5.072   0.0110439
         386    -4.87466    -5.07149   0.0110272
         387    -4.86452    -5.07095   0.0110116
         388    -4.85404    -5.07039   0.0109974
         389    -4.84106     -5.0698   0.0109849
         390     -4.8263    -5.06918   0.0109745
         391    -4.81269    -5.06852    0.010966
         392    -4.80184    -5.06784   0.0109591
         393    -4.79488    -5.06715   0.0109532
         394    -4.79561    -5.06646   0.0109471
         395    -4.80623     -5.0658   0.0109392
         396    -4.82477    -5.06519   0.0109285
         397    -4.84912    -5.06465   0.0109145
         398    -4.87723    -5.06418   0.0108972
         399    -4.90503    -5.06378   0.0108772
         400    -4.92885    -5.06344   0.0108552
         401    -4.94619    -5.06315   0.0108321
         402    -4.95343    -5.06288   0.0108086
         403    -4.95064     -5.0626   0.0107854
         404    -4.93767    -5.06229   0.0107631
         405    -4.91694    -5.06193   0.0107425
         406    -4.89089    -5.06151   0.0107243
         407    -4.86618    -5.06103   0.0107087
         408    -4.84792    -5.06051   0.0106952
         409     -4.8395    -5.05997   0.0106827
         410    -4.84191    -5.05943   0.0106698
         411    -4.85476    -5.05894   0.0106555
         412    -4.87416    -5.05849   0.0106391
         413    -4.89727     -5.0581   0.0106205
         414    -4.91993    -5.05776   0.0106001
         415    -4.94189    -5.05748   0.0105782
         416    -4.96114    -5.05725   0.0105553
         417    -4.97943    -5.05707   0.0105316
         418    -4.99535    -5.05692   0.0105075
         419    -5.00936     -5.0568    0.010483
         420    -5.01962    -5.05672   0.0104584
         421    -5.02395    -5.05664   0.0104339
         422    -5.02039    -5.05655   0.0104095
         423    -5.00939    -5.05644   0.0103855
         424    -4.99302    -5.05629   0.0103621
         425    -4.97641     -5.0561   0.0103394
         426    -4.96506    -5.05589   0.0103173
         427    -4.96578    -5.05568   0.0102953
         428    -4.97963     -5.0555   0.0102728
         429    -5.00244    -5.05538   0.0102496
         430    -5.02805    -5.05531    0.010226
         431    -5.05177    -5.05531   0.0102022
         432    -5.07105    -5.05534   0.0101787
         433    -5.08637    -5.05541   0.0101554
         434    -5.09586    -5.05551   0.0101325
         435    -5.09995    -5.05561   0.0101097
         436    -5.10036    -5.05571    0.010087
         437    -5.09717    -5.05581   0.0100644
         438    -5.09139    -5.05589   0.0100417
         439    -5.08463    -5.05595   0.0100191
         440    -5.07806      -5.056  0.00999643
         441    -5.07296    -5.05604  0.00997384
         442    -5.06966    -5.05607  0.00995132
         443    -5.06714     -5.0561  0.00992889
         444    -5.06581    -5.05612  0.00990655
         445    -5.06586    -5.05614  0.00988432
         446    -5.06573    -5.05616  0.00986218
         447    -5.06125    -5.05617  0.00984012
         448    -5.05192    -5.05616  0.00981816
         449    -5.03615    -5.05612  0.00979639
         450    -5.01375    -5.05603  0.00977508
         451    -4.98401    -5.05587  0.00975471
         452    -4.94773    -5.05563  0.00973606
         453    -4.90917     -5.0553  0.00971993
         454    -4.87781    -5.05491  0.00970638
         455    -4.86257    -5.05449  0.00969425
         456     -4.8646    -5.05407  0.00968193
         457    -4.87705    -5.05369  0.00966849
         458    -4.89052    -5.05333  0.00965394
         459    -4.89815    -5.05299  0.00963883
         460    -4.89993    -5.05266  0.00962362
         461    -4.89729    -5.05232  0.00960864
         462    -4.89279    -5.05198  0.00959404
         463    -4.89153    -5.05163  0.00957958
         464     -4.8974     -5.0513   0.0095647
         465    -4.91114      -5.051  0.00954888
         466    -4.93263    -5.05074  0.00953176
         467    -4.95823    -5.05054  0.00951341
         468    -4.98318     -5.0504  0.00949417
         469    -5.00474     -5.0503  0.00947443
         470    -5.02265    -5.05024  0.00945445
         471     -5.0387    -5.05022  0.00943441
         472    -5.05364    -5.05023  0.00941443
         473    -5.06939    -5.05027  0.00939461
         474    -5.08614    -5.05034  0.00937509
         475    -5.10354    -5.05046  0.00935603
         476     -5.1192     -5.0506  0.00933749
         477    -5.13128    -5.05077  0.00931944
         478    -5.13783    -5.05095  0.00930172
         479    -5.13904    -5.05113  0.00928412
         480    -5.13704    -5.05131  0.00926651
         481    -5.13169    -5.05148  0.00924875
         482    -5.12523    -5.05163  0.00923083
         483    -5.11789    -5.05177  0.00921273
         484    -5.10744    -5.05189  0.00919442
         485    -5.09425    -5.05197  0.00917587
         486    -5.07735    -5.05203  0.00915714
         487    -5.06152    -5.05205  0.00913836
         488    -5.04808    -5.05204  0.00911964
         489    -5.03807    -5.05201  0.00910103
         490    -5.03098    -5.05197  0.00908256
         491    -5.02316    -5.05191  0.00906425
         492    -5.01392    -5.05183  0.00904616
         493    -5.00219    -5.05173  0.00902837
         494     -4.9897     -5.0516  0.00901097
         495    -4.97766    -5.05145    0.008994
         496    -4.97046    -5.05129  0.00897735
         497    -4.96991    -5.05113  0.00896078
         498    -4.97653    -5.05098  0.00894404
         499    -4.98896    -5.05085  0.00892698
         500    -5.00386    -5.05076  0.00890962
         501    -5.01776    -5.05069  0.00889208
         502    -5.02819    -5.05065  0.00887448
         503    -5.03123    -5.05061  0.00885692
         504    -5.02698    -5.05056  0.00883947
         505    -5.01539    -5.05049  0.00882224
         506    -4.99509    -5.05038  0.00880548
         507    -4.96983    -5.05022  0.00878955
         508     -4.9442    -5.05002  0.00877472
         509    -4.92482    -5.04977  0.00876093
         510    -4.91913    -5.04951   0.0087475
         511    -4.92793    -5.04928  0.00873361
         512    -4.94427    -5.04907  0.00871896
         513    -4.96247     -5.0489   0.0087036
         514     -4.9761    -5.04876  0.00868782
         515    -4.98278    -5.04863   0.0086719
         516    -4.98186     -5.0485  0.00865606
         517    -4.97623    -5.04836  0.00864044
         518    -4.96858    -5.04821  0.00862513
         519    -4.96406    -5.04805  0.00861004
         520    -4.96507    -5.04789  0.00859496
         521    -4.97203    -5.04774   0.0085797
         522    -4.98285    -5.04762  0.00856416
         523    -4.99483    -5.04752  0.00854838
         524    -5.00525    -5.04744  0.00853245
         525    -5.01237    -5.04737  0.00851646
         526    -5.01515    -5.04731  0.00850048
         527    -5.01495    -5.04725  0.00848458
         528    -5.01319    -5.04718  0.00846875
         529    -5.00777    -5.04711  0.00845307
         530    -4.99831    -5.04702  0.00843762
         531    -4.98461     -5.0469  0.00842255
         532     -4.9667    -5.04675  0.00840807
         533    -4.94601    -5.04656  0.00839442
         534    -4.92393    -5.04633  0.00838184
         535     -4.9015    -5.04606  0.00837054
         536    -4.88157    -5.04575  0.00836055
         537    -4.86705    -5.04542   0.0083516
         538     -4.8615    -5.04508  0.00834307
         539    -4.86462    -5.04474  0.00833431
         540    -4.87415    -5.04443  0.00832486
         541    -4.88699    -5.04413  0.00831455
         542    -4.89901    -5.04387  0.00830352
         543    -4.90812    -5.04362    0.008292
         544    -4.91562    -5.04338  0.00828009
         545    -4.91982    -5.04315    0.008268
         546    -4.92329    -5.04294  0.00825577
         547     -4.9288    -5.04273  0.00824331
         548    -4.93727    -5.04253  0.00823052
         549    -4.94919    -5.04236  0.00821728
         550     -4.9626    -5.04222  0.00820362
         551    -4.97668     -5.0421   0.0081896
         552    -4.99077    -5.04201  0.00817529
         553    -5.00393    -5.04194  0.00816079
         554    -5.01702    -5.04189  0.00814619
         555    -5.03001    -5.04187  0.00813154
         556    -5.04433    -5.04188  0.00811691
         557    -5.05479     -5.0419  0.00810237
         558    -5.05879    -5.04193  0.00808791
         559    -5.05475    -5.04195  0.00807347
         560    -5.04335    -5.04196  0.00805906
         561    -5.02843    -5.04193  0.00804473
         562    -5.01544    -5.04188  0.00803055
         563    -5.00943    -5.04183  0.00801649
         564    -5.01408    -5.04178  0.00800243
         565    -5.02817    -5.04175   0.0079883
         566    -5.05159    -5.04177  0.00797421
         567    -5.07863    -5.04184  0.00796041
         568    -5.10508    -5.04195  0.00794717
         569    -5.12626    -5.04209  0.00793459
         570    -5.13942    -5.04227  0.00792251
         571     -5.1424    -5.04244  0.00791057
         572     -5.1354     -5.0426  0.00789841
         573    -5.11958    -5.04274  0.00788577
         574    -5.09696    -5.04283   0.0078726
         575    -5.06975    -5.04288  0.00785904
         576    -5.04103    -5.04288   0.0078454
         577    -5.01438    -5.04283  0.00783196
         578    -4.99185    -5.04274  0.00781891
         579    -4.97366    -5.04262  0.00780631
         580    -4.96039    -5.04248  0.00779414
         581    -4.95049    -5.04232  0.00778233
         582    -4.94134    -5.04215  0.00777089
         583     -4.9317    -5.04196  0.00775987
         584    -4.91973    -5.04175  0.00774941
         585    -4.90819    -5.04152  0.00773952
         586     -4.8982    -5.04127  0.00773018
         587    -4.89056    -5.04102  0.00772127
         588    -4.88755    -5.04076  0.00771255
         589    -4.89032     -5.0405  0.00770369
         590    -4.89959    -5.04026  0.00769433
         591    -4.91489    -5.04005  0.00768424
         592    -4.93545    -5.03987  0.00767329
         593    -4.95906    -5.03974  0.00766156
         594    -4.98276    -5.03964  0.00764926
         595    -5.00444    -5.03958  0.00763663
         596    -5.02209    -5.03955  0.00762387
         597    -5.03527    -5.03955  0.00761111
         598    -5.04532    -5.03955  0.00759839
         599    -5.05267    -5.03958  0.00758573
         600    -5.05928    -5.03961  0.00757316
         601     -5.0659    -5.03965  0.00756069
         602    -5.07267    -5.03971  0.00754833
         603     -5.0777    -5.03977  0.00753607
         604    -5.08258    -5.03984  0.00752393
         605    -5.08539    -5.03992  0.00751187
         606    -5.08585    -5.03999  0.00749985
         607    -5.08343    -5.04006  0.00748784
         608    -5.07854    -5.04013  0.00747579
         609     -5.0711    -5.04018  0.00746369
         610    -5.06485    -5.04022  0.00745156
         611    -5.06193    -5.04025  0.00743945
         612    -5.06136    -5.04029  0.00742738
         613     -5.0652    -5.04033  0.00741537
         614    -5.07271    -5.04038  0.00740348
         615    -5.08014    -5.04045  0.00739173
         616    -5.08581    -5.04052  0.00738009
         617    -5.08838     -5.0406  0.00736854
         618    -5.08571    -5.04067  0.00735698
         619    -5.07851    -5.04073  0.00734535
         620     -5.0655    -5.04077  0.00733361
         621    -5.04847    -5.04078  0.00732181
         622    -5.02848    -5.04077  0.00731006
         623    -5.00763    -5.04071  0.00729852
         624    -4.98669    -5.04063  0.00728734
         625    -4.96764    -5.04051  0.00727662
         626    -4.95028    -5.04036  0.00726642
         627     -4.9383     -5.0402  0.00725665
         628    -4.92951    -5.04003  0.00724724
         629    -4.92413    -5.03984  0.00723806
         630    -4.92419    -5.03966   0.0072289
         631    -4.92774    -5.03948  0.00721962
         632    -4.93434    -5.03931  0.00721011
         633     -4.9444    -5.03916  0.00720028
         634    -4.95579    -5.03903  0.00719012
         635    -4.96913    -5.03892  0.00717964
         636    -4.98498    -5.03884  0.00716885
         637    -5.00514    -5.03878   0.0071578
         638    -5.02869    -5.03877  0.00714659
         639    -5.05458    -5.03879  0.00713545
         640    -5.08069    -5.03886   0.0071246
         641    -5.10375    -5.03896  0.00711421
         642    -5.12223    -5.03909  0.00710431
         643    -5.13495    -5.03924  0.00709482
         644    -5.14205     -5.0394   0.0070856
         645    -5.14119    -5.03956  0.00707638
         646    -5.13351     -5.0397  0.00706692
         647    -5.12052    -5.03983   0.0070571
         648    -5.10432    -5.03993  0.00704691
         649    -5.08587       -5.04  0.00703641
         650    -5.06644    -5.04004   0.0070257
         651    -5.04669    -5.04005  0.00701491
         652    -5.02701    -5.04003  0.00700418
         653    -5.00756    -5.03998  0.00699363
         654    -4.99159     -5.0399  0.00698333
         655    -4.98093    -5.03981  0.00697325
         656    -4.97694    -5.03972  0.00696328
         657     -4.9829    -5.03963  0.00695322
         658    -4.99768    -5.03957  0.00694294
         659    -5.01799    -5.03954  0.00693248
         660    -5.03869    -5.03953  0.00692198
         661    -5.05493    -5.03956  0.00691155
         662    -5.06394    -5.03959   0.0069012
         663    -5.06603    -5.03963  0.00689091
         664    -5.06432    -5.03967  0.00688063
         665     -5.0592     -5.0397  0.00687035
         666     -5.0535    -5.03972  0.00686006
         667    -5.05058    -5.03974   0.0068498
         668    -5.05166    -5.03976  0.00683957
         669    -5.05791    -5.03978   0.0068294
         670     -5.0678    -5.03982  0.00681933
         671     -5.0791    -5.03988  0.00680942
         672    -5.08923    -5.03996  0.00679968
         673    -5.09521    -5.04004  0.00679008
         674     -5.0925    -5.04012  0.00678045
         675     -5.0787    -5.04017  0.00677064
         676    -5.05447    -5.04019  0.00676066
         677    -5.02077    -5.04017  0.00675074
         678    -4.98204    -5.04008  0.00674132
         679    -4.94414    -5.03994  0.00673288
         680    -4.91463    -5.03975   0.0067255
         681    -4.90106    -5.03955   0.0067187
         682    -4.90375    -5.03935   0.0067118
         683     -4.9198    -5.03918  0.00670426
         684    -4.94218    -5.03904  0.00669595
         685    -4.96611    -5.03893  0.00668702
         686    -4.98685    -5.03885  0.00667771
         687    -5.00116     -5.0388  0.00666821
         688    -5.00671    -5.03875  0.00665868
         689    -5.00392     -5.0387  0.00664921
         690    -4.99205    -5.03863  0.00663992
         691    -4.97255    -5.03854    0.006631
         692    -4.94966    -5.03841  0.00662266
         693     -4.9324    -5.03826  0.00661487
         694    -4.92865     -5.0381  0.00660722
         695    -4.94204    -5.03796  0.00659916
         696    -4.97186    -5.03786  0.00659036
         697    -5.00988    -5.03782  0.00658103
         698    -5.05028    -5.03784  0.00657163
         699    -5.08868    -5.03792  0.00656263
         700    -5.11972    -5.03803  0.00655429
         701    -5.13943    -5.03818  0.00654654
         702    -5.14505    -5.03833  0.00653898
         703    -5.13603    -5.03847  0.00653116
         704    -5.11417    -5.03858  0.00652277
         705    -5.08182    -5.03864   0.0065138
         706    -5.04414    -5.03864  0.00650458
         707    -5.00509     -5.0386  0.00649555
         708    -4.97095     -5.0385  0.00648708
         709    -4.94632    -5.03837  0.00647924
         710    -4.93567    -5.03823  0.00647172
         711    -4.93938    -5.03809  0.00646411
         712    -4.95364    -5.03797  0.00645612
         713    -4.97403    -5.03788  0.00644769
         714    -4.99752    -5.03782  0.00643891
         715    -5.02295     -5.0378  0.00642994
         716    -5.04784    -5.03782  0.00642097
         717    -5.06942    -5.03786  0.00641217
         718    -5.08503    -5.03793  0.00640357
         719    -5.09494    -5.03801  0.00639516
         720    -5.09677    -5.03809   0.0063868
         721    -5.09039    -5.03816  0.00637835
         722    -5.07701    -5.03821  0.00636974
         723    -5.05735    -5.03824  0.00636099
         724    -5.03315    -5.03823  0.00635221
         725    -5.00695    -5.03819  0.00634359
         726    -4.98338    -5.03811   0.0063353
         727    -4.96595    -5.03801  0.00632737
         728    -4.95876    -5.03791  0.00631961
         729    -4.96155     -5.0378  0.00631181
         730    -4.97302    -5.03771  0.00630379
         731    -4.98966    -5.03765  0.00629551
         732    -5.00683     -5.0376  0.00628705
         733    -5.02335    -5.03759   0.0062785
         734    -5.03869    -5.03759  0.00626995
         735    -5.05023     -5.0376  0.00626144
         736    -5.05767    -5.03763  0.00625299
         737    -5.06215    -5.03766   0.0062446
         738    -5.06489     -5.0377  0.00623624
         739     -5.0666    -5.03774  0.00622793
         740    -5.06926    -5.03778  0.00621966
         741    -5.07244    -5.03783  0.00621144
         742    -5.07365    -5.03788  0.00620326
         743    -5.07006    -5.03792  0.00619506
         744    -5.06105    -5.03795  0.00618681
         745    -5.04857    -5.03797  0.00617852
         746    -5.03409    -5.03796  0.00617024
         747    -5.01676    -5.03793  0.00616205
         748    -4.99716    -5.03788  0.00615405
         749    -4.97532     -5.0378   0.0061464
         750    -4.95118    -5.03768  0.00613929
         751    -4.92495    -5.03753  0.00613295
         752    -4.89784    -5.03734  0.00612761
         753    -4.87465    -5.03713  0.00612328
         754    -4.85537    -5.03689   0.0061199
         755    -4.84184    -5.03663  0.00611724
         756    -4.83508    -5.03636  0.00611496
         757    -4.83587     -5.0361  0.00611261
         758    -4.84482    -5.03584  0.00610976
         759    -4.85857    -5.03561  0.00610617
         760    -4.87389     -5.0354  0.00610184
         761    -4.88905    -5.03521  0.00609685
         762    -4.90247    -5.03503  0.00609134
         763    -4.91414    -5.03487  0.00608542
         764    -4.92532    -5.03473  0.00607914
         765    -4.93689     -5.0346  0.00607254
         766    -4.94935    -5.03449  0.00606563
         767    -4.96437     -5.0344  0.00605841
         768    -4.98347    -5.03433  0.00605089
         769    -5.00454    -5.03429  0.00604314
         770     -5.0272    -5.03429   0.0060353
         771    -5.04793     -5.0343   0.0060275
         772     -5.0657    -5.03434  0.00601983
         773    -5.07702     -5.0344  0.00601229
         774    -5.08215    -5.03446  0.00600484
         775    -5.08447    -5.03452  0.00599744
         776    -5.08658    -5.03459  0.00599009
         777    -5.09008    -5.03466   0.0059828
         778    -5.09543    -5.03474  0.00597562
         779    -5.10072    -5.03483  0.00596855
         780    -5.10428    -5.03492  0.00596156
         781    -5.10516    -5.03501  0.00595461
         782    -5.10257    -5.03509  0.00594762
         783    -5.09879    -5.03517  0.00594058
         784    -5.09515    -5.03525   0.0059335
         785    -5.09006    -5.03532  0.00592635
         786    -5.08426    -5.03538  0.00591914
         787    -5.07579    -5.03543  0.00591184
         788    -5.06527    -5.03547  0.00590446
         789    -5.05481     -5.0355  0.00589703
         790    -5.04782    -5.03551  0.00588958
         791     -5.0459    -5.03552  0.00588215
         792    -5.04786    -5.03554  0.00587474
         793    -5.05289    -5.03556  0.00586738
         794    -5.05592    -5.03559  0.00586004
         795    -5.05529    -5.03561  0.00585272
         796    -5.05141    -5.03563   0.0058454
         797    -5.04593    -5.03564  0.00583808
         798    -5.04185    -5.03565  0.00583077
         799    -5.04314    -5.03566  0.00582348
         800    -5.04753    -5.03568  0.00581622
         801    -5.05519     -5.0357  0.00580901
         802    -5.06656    -5.03574   0.0058019
         803    -5.07639    -5.03579  0.00579489
         804    -5.08237    -5.03585  0.00578798
         805      -5.081     -5.0359  0.00578106
         806    -5.07192    -5.03595  0.00577406
         807    -5.05404    -5.03597  0.00576695
         808    -5.02867    -5.03596  0.00575982
         809    -4.99946    -5.03592  0.00575287
         810    -4.97165    -5.03584  0.00574632
         811     -4.9512    -5.03573  0.00574018
         812    -4.94023    -5.03562  0.00573432
         813    -4.94042     -5.0355  0.00572846
         814    -4.95236     -5.0354  0.00572233
         815    -4.97414    -5.03532   0.0057158
         816    -5.00457    -5.03528  0.00570892
         817    -5.04141    -5.03529  0.00570194
         818     -5.0814    -5.03535  0.00569525
         819    -5.12004    -5.03545  0.00568923
         820     -5.1545     -5.0356  0.00568415
         821    -5.18064    -5.03577  0.00567997
         822    -5.19655    -5.03597  0.00567642
         823    -5.20032    -5.03617  0.00567304
         824    -5.19207    -5.03636  0.00566931
         825    -5.17388    -5.03652  0.00566489
         826    -5.14659    -5.03666   0.0056596
         827    -5.11405    -5.03675  0.00565353
         828    -5.07889     -5.0368  0.00564693
         829    -5.04315    -5.03681  0.00564012
         830    -5.00927    -5.03678  0.00563342
         831    -4.97948    -5.03671  0.00562707
         832    -4.95495    -5.03661  0.00562116
         833    -4.93744    -5.03649  0.00561567
         834    -4.92611    -5.03636   0.0056105
         835    -4.92249    -5.03622  0.00560544
         836    -4.92706    -5.03609  0.00560025
         837    -4.93871    -5.03597  0.00559477
         838    -4.95716    -5.03588  0.00558888
         839    -4.98203    -5.03582  0.00558259
         840    -5.01201    -5.03579  0.00557602
         841      -5.043     -5.0358  0.00556939
         842     -5.0717    -5.03584  0.00556294
         843    -5.09406    -5.03591  0.00555677
         844    -5.10576    -5.03599   0.0055508
         845    -5.10668    -5.03607  0.00554487
         846    -5.09377    -5.03614  0.00553873
         847     -5.0689    -5.03618  0.00553233
         848    -5.03526    -5.03618   0.0055258
         849    -4.99753    -5.03613  0.00551948
         850    -4.96199    -5.03605  0.00551368
         851    -4.93233    -5.03593  0.00550854
         852     -4.9144    -5.03578  0.00550393
         853    -4.90719    -5.03563  0.00549954
         854    -4.90882    -5.03548   0.0054951
         855    -4.91615    -5.03534  0.00549045
         856    -4.92529    -5.03522  0.00548554
         857    -4.93227     -5.0351  0.00548045
         858    -4.93405    -5.03498  0.00547533
         859    -4.92926    -5.03485  0.00547034
         860    -4.91727    -5.03472  0.00546569
         861    -4.89868    -5.03456  0.00546162
         862    -4.87607    -5.03438  0.00545838
         863    -4.85297    -5.03417   0.0054561
         864    -4.83149    -5.03393  0.00545483
         865    -4.81635    -5.03368  0.00545432
         866    -4.81331    -5.03343  0.00545395
         867    -4.82784    -5.03319  0.00545281
         868    -4.86059    -5.03299  0.00545016
         869    -4.90431    -5.03284  0.00544589
         870    -4.94819    -5.03274   0.0054405
         871    -4.98433    -5.03269  0.00543454
         872    -5.01091    -5.03266  0.00542837
         873    -5.02705    -5.03266  0.00542215
         874    -5.03392    -5.03266  0.00541595
         875    -5.03325    -5.03266  0.00540976
         876    -5.02833    -5.03265  0.00540359
         877    -5.01948    -5.03264  0.00539745
         878    -5.00689    -5.03261  0.00539138
         879    -4.99302    -5.03256  0.00538543
         880    -4.97895     -5.0325  0.00537966
         881    -4.96692    -5.03243  0.00537407
         882    -4.95592    -5.03234  0.00536867
         883    -4.94711    -5.03225  0.00536346
         884    -4.93919    -5.03214  0.00535843
         885    -4.93235    -5.03203  0.00535356
         886    -4.92611    -5.03191  0.00534885
         887    -4.91909    -5.03178  0.00534433
         888    -4.91028    -5.03164  0.00534006
         889    -4.90077     -5.0315  0.00533609
         890    -4.89479    -5.03134   0.0053323
         891    -4.89344    -5.03119  0.00532856
         892    -4.89311    -5.03103  0.00532484
         893    -4.89272    -5.03088  0.00532113
         894    -4.88927    -5.03072  0.00531753
         895    -4.88046    -5.03055  0.00531424
         896    -4.86769    -5.03037  0.00531142
         897    -4.85534    -5.03018  0.00530908
         898    -4.84872    -5.02997  0.00530701
         899    -4.85245    -5.02978  0.00530478
         900    -4.87017     -5.0296  0.00530185
         901    -4.89921    -5.02945  0.00529794
         902    -4.93493    -5.02935   0.0052931
         903    -4.97021    -5.02928  0.00528764
         904    -5.00111    -5.02925  0.00528189
         905    -5.02265    -5.02925  0.00527606
         906    -5.03635    -5.02925  0.00527024
         907    -5.04103    -5.02927  0.00526444
         908    -5.04223    -5.02928  0.00525867
         909    -5.04091    -5.02929   0.0052529
         910     -5.0404    -5.02931  0.00524714
         911     -5.0407    -5.02932  0.00524139
         912    -5.04105    -5.02933  0.00523566
         913    -5.03985    -5.02934  0.00522994
         914     -5.0386    -5.02935  0.00522423
         915    -5.03781    -5.02936  0.00521853
         916    -5.03724    -5.02937  0.00521284
         917    -5.03819    -5.02938  0.00520716
         918    -5.04227    -5.02939  0.00520151
         919     -5.0502    -5.02942   0.0051959
         920     -5.0608    -5.02945  0.00519036
         921    -5.07462     -5.0295  0.00518496
         922    -5.08979    -5.02957  0.00517975
         923    -5.10482    -5.02965  0.00517478
         924    -5.11655    -5.02974  0.00517003
         925     -5.1231    -5.02984  0.00516543
         926     -5.1224    -5.02994  0.00516081
         927     -5.1148    -5.03003  0.00515606
         928    -5.10062    -5.03011  0.00515106
         929    -5.08298    -5.03017  0.00514583
         930    -5.06182     -5.0302  0.00514041
         931    -5.04103    -5.03021   0.0051349
         932    -5.02257     -5.0302   0.0051294
         933    -5.01135    -5.03018  0.00512394
         934     -5.0117    -5.03016   0.0051185
         935     -5.0248    -5.03016  0.00511302
         936    -5.04899    -5.03018   0.0051076
         937    -5.08067    -5.03023  0.00510243
         938    -5.11453    -5.03032  0.00509779
         939    -5.14619    -5.03045  0.00509385
         940    -5.17178     -5.0306  0.00509065
         941    -5.18819    -5.03076  0.00508799
         942    -5.19551    -5.03094   0.0050856
         943    -5.19276    -5.03111   0.0050831
         944    -5.18109    -5.03127   0.0050802
         945    -5.16251    -5.03141  0.00507672
         946    -5.13769    -5.03152   0.0050726
         947    -5.10797     -5.0316  0.00506788
         948    -5.07649    -5.03165  0.00506276
         949    -5.04491    -5.03166  0.00505744
         950    -5.01613    -5.03165  0.00505214
         951    -4.99496    -5.03161  0.00504698
         952    -4.98569    -5.03156  0.00504191
         953      -4.989    -5.03151  0.00503681
         954    -5.00437    -5.03149  0.00503162
         955    -5.02705    -5.03148  0.00502635
         956    -5.05518    -5.03151  0.00502115
         957    -5.08453    -5.03156  0.00501621
         958    -5.11404    -5.03165  0.00501171
         959    -5.14194    -5.03176  0.00500781
         960    -5.16664     -5.0319  0.00500456
         961    -5.18823    -5.03207    0.005002
         962    -5.20413    -5.03224  0.00499999
         963    -5.21229    -5.03243   0.0049983
         964    -5.21258    -5.03262   0.0049966
         965    -5.20167    -5.03279   0.0049945
         966    -5.17942    -5.03295  0.00499163
         967    -5.14617    -5.03306  0.00498784
         968    -5.10606    -5.03314  0.00498326
         969    -5.06238    -5.03317  0.00497821
         970    -5.01998    -5.03315  0.00497309
         971    -4.98251     -5.0331  0.00496825
         972    -4.95259    -5.03302  0.00496383
         973    -4.93176    -5.03292  0.00495981
         974    -4.92273     -5.0328  0.00495601
         975    -4.92312    -5.03269  0.00495221
         976    -4.93257    -5.03259  0.00494819
         977    -4.94809     -5.0325  0.00494389
         978    -4.96493    -5.03243  0.00493931
         979    -4.97865    -5.03238  0.00493457
         980    -4.98667    -5.03233  0.00492976
         981    -4.98807    -5.03228  0.00492494
         982    -4.98682    -5.03224  0.00492014
         983    -4.98664    -5.03219  0.00491536
         984    -4.99166    -5.03215  0.00491053
         985    -5.00068    -5.03212  0.00490565
         986    -5.01345     -5.0321  0.00490071
         987    -5.02688    -5.03209  0.00489575
         988     -5.0401     -5.0321   0.0048908
         989     -5.0529    -5.03212   0.0048859
         990    -5.06488    -5.03216  0.00488108
         991    -5.07289     -5.0322  0.00487633
         992     -5.0757    -5.03224  0.00487161
         993    -5.07126    -5.03228  0.00486686
         994    -5.05954    -5.03231  0.00486204
         995    -5.03945    -5.03232  0.00485716
         996    -5.01323     -5.0323  0.00485232
         997    -4.98397    -5.03225   0.0048477
         998    -4.95443    -5.03217  0.00484347
         999    -4.93042    -5.03207  0.00483969
        1000    -4.91463    -5.03195  0.00483627
        1001    -4.90934    -5.03183  0.00483299
        1002    -4.91351    -5.03171  0.00482961
        1003    -4.92512     -5.0316  0.00482597
        1004    -4.94181    -5.03151  0.00482199
        1005    -4.95904    -5.03144  0.00481773
        1006     -4.9749    -5.03139  0.00481327
        1007    -4.98933    -5.03134  0.00480867
        1008    -5.00377    -5.03132  0.00480398
        1009    -5.01834     -5.0313  0.00479923
        1010    -5.03669    -5.03131  0.00479448
        1011    -5.06284    -5.03134  0.00478984
        1012    -5.09691    -5.03141  0.00478555
        1013    -5.13646    -5.03151  0.00478195
        1014    -5.17482    -5.03165  0.00477932
        1015    -5.20537    -5.03182  0.00477767
        1016    -5.22629    -5.03201   0.0047768
        1017    -5.23335    -5.03221  0.00477621
        1018    -5.22521     -5.0324  0.00477528
        1019    -5.20279    -5.03257  0.00477352
        1020    -5.16852     -5.0327   0.0047707
        1021    -5.12566    -5.03279  0.00476689
        1022    -5.07809    -5.03284  0.00476244
        1023    -5.03113    -5.03283  0.00475778
        1024    -4.98879    -5.03279  0.00475333
        1025    -4.95486    -5.03272   0.0047493
        1026    -4.93279    -5.03262  0.00474567
        1027    -4.92355    -5.03251  0.00474224
        1028    -4.92688    -5.03241  0.00473874
        1029    -4.93692    -5.03232  0.00473504
        1030     -4.9522    -5.03224  0.00473108
        1031     -4.9693    -5.03218  0.00472689
        1032    -4.98586    -5.03213  0.00472252
        1033    -5.00061     -5.0321  0.00471805
        1034    -5.01069    -5.03208  0.00471353
        1035    -5.01473    -5.03206    0.004709
        1036    -5.01116    -5.03204   0.0047045
        1037    -4.99985    -5.03201  0.00470007
        1038    -4.98048    -5.03196   0.0046958
        1039    -4.95472    -5.03189  0.00469187
        1040    -4.92654    -5.03179  0.00468845
        1041    -4.90016    -5.03166  0.00468565
        1042    -4.88157    -5.03152  0.00468337
        1043    -4.87536    -5.03137  0.00468127
        1044    -4.88349    -5.03123  0.00467893
        1045    -4.90399     -5.0311  0.00467604
        1046    -4.93119    -5.03101  0.00467254
        1047    -4.95973    -5.03094  0.00466858
        1048     -4.9854     -5.0309  0.00466432
        1049    -5.00618    -5.03087  0.00465994
        1050     -5.0195    -5.03086  0.00465551
        1051    -5.02677    -5.03086  0.00465108
        1052    -5.02943    -5.03086  0.00464666
        1053    -5.02929    -5.03086  0.00464225
        1054    -5.02672    -5.03085  0.00463785
        1055    -5.02223    -5.03084  0.00463346
        1056    -5.01552    -5.03083  0.00462909
        1057     -5.0064    -5.03081  0.00462477
        1058     -4.9938    -5.03077  0.00462053
        1059    -4.97913    -5.03072  0.00461643
        1060    -4.96554    -5.03066  0.00461248
        1061    -4.95768    -5.03059  0.00460865
        1062    -4.95778    -5.03052  0.00460482
        1063    -4.96573    -5.03046  0.00460089
        1064    -4.97888    -5.03041  0.00459682
        1065    -4.99238    -5.03038  0.00459264
        1066    -5.00189    -5.03035  0.00458841
        1067    -5.00262    -5.03033  0.00458419
        1068    -4.99449    -5.03029  0.00458002
        1069    -4.97831    -5.03024  0.00457599
        1070    -4.95675    -5.03018  0.00457223
        1071    -4.93567    -5.03009  0.00456881
        1072     -4.9193    -5.02998  0.00456572
        1073    -4.91429    -5.02988  0.00456274
        1074    -4.92437    -5.02978  0.00455954
        1075    -4.95107     -5.0297  0.00455589
        1076     -4.9893    -5.02967  0.00455181
        1077    -5.03038    -5.02967  0.00454759
        1078    -5.06646     -5.0297  0.00454349
        1079    -5.09008    -5.02976  0.00453963
        1080    -5.09705    -5.02982  0.00453585
        1081    -5.08757    -5.02987  0.00453197
        1082    -5.06731    -5.02991  0.00452791
        1083     -5.0436    -5.02992  0.00452375
        1084    -5.02349    -5.02992  0.00451958
        1085    -5.01228     -5.0299  0.00451545
        1086     -5.0106    -5.02988  0.00451132
        1087    -5.01743    -5.02987  0.00450719
        1088    -5.02817    -5.02987  0.00450305
        1089    -5.03764    -5.02988  0.00449892
        1090    -5.04345    -5.02989  0.00449481
        1091    -5.04515     -5.0299  0.00449071
        1092    -5.04147    -5.02991  0.00448661
        1093    -5.03216    -5.02991   0.0044825
        1094    -5.02104    -5.02991  0.00447841
        1095    -5.01151    -5.02989  0.00447435
        1096    -5.00577    -5.02987  0.00447033
        1097    -5.00334    -5.02984  0.00446632
        1098     -5.0033    -5.02982  0.00446231
        1099     -5.0036     -5.0298  0.00445832
        1100    -5.00321    -5.02977  0.00445433
        1101    -5.00157    -5.02975  0.00445036
        1102    -4.99913    -5.02972  0.00444641
        1103    -4.99776    -5.02969  0.00444247
        1104    -4.99662    -5.02966  0.00443855
        1105    -4.99653    -5.02963  0.00443463
        1106    -4.99809     -5.0296  0.00443071
        1107    -5.00229    -5.02958  0.00442678
        1108    -5.00873    -5.02956  0.00442282
        1109    -5.01959    -5.02955  0.00441885
        1110     -5.0332    -5.02955  0.00441487
        1111     -5.0472    -5.02957  0.00441092
        1112     -5.0577    -5.02959  0.00440703
        1113    -5.06271    -5.02962  0.00440317
        1114    -5.06135    -5.02965  0.00439931
        1115    -5.05372    -5.02967  0.00439541
        1116    -5.04073    -5.02968  0.00439149
        1117    -5.02528    -5.02968  0.00438756
        1118    -5.00823    -5.02966  0.00438367
        1119    -4.99005    -5.02962   0.0043799
        1120    -4.96848    -5.02957  0.00437633
        1121    -4.94308    -5.02949  0.00437311
        1122    -4.91602    -5.02939  0.00437038
        1123    -4.89204    -5.02927   0.0043682
        1124    -4.87465    -5.02913  0.00436648
        1125    -4.86838    -5.02899  0.00436493
        1126     -4.8754    -5.02885  0.00436319
        1127    -4.89473    -5.02873  0.00436094
        1128    -4.92119    -5.02864  0.00435811
        1129    -4.95019    -5.02857  0.00435481
        1130    -4.97803    -5.02852  0.00435118
        1131    -5.00245     -5.0285   0.0043474
        1132    -5.02352     -5.0285  0.00434356
        1133    -5.03985    -5.02851  0.00433974
        1134    -5.04889    -5.02852  0.00433595
        1135    -5.05106    -5.02854  0.00433217
        1136    -5.04774    -5.02856  0.00432839
        1137    -5.04002    -5.02857   0.0043246
        1138    -5.02829    -5.02857   0.0043208
        1139    -5.01671    -5.02856  0.00431702
        1140     -5.0063    -5.02854  0.00431327
        1141    -4.99685    -5.02851  0.00430958
        1142    -4.98845    -5.02848  0.00430595
        1143    -4.98034    -5.02843  0.00430239
        1144    -4.96918    -5.02838  0.00429894
        1145    -4.95668    -5.02832  0.00429564
        1146     -4.9421    -5.02825  0.00429255
        1147    -4.92848    -5.02816  0.00428969
        1148    -4.91609    -5.02806  0.00428707
        1149    -4.90713    -5.02796  0.00428463
        1150     -4.9013    -5.02785  0.00428232
        1151    -4.89959    -5.02773  0.00428004
        1152    -4.90371    -5.02763  0.00427768
        1153    -4.91179    -5.02753  0.00427515
        1154    -4.92419    -5.02744  0.00427239
        1155    -4.93968    -5.02736  0.00426936
        1156    -4.95481     -5.0273  0.00426613
        1157    -4.96986    -5.02725  0.00426273
        1158    -4.98252    -5.02721  0.00425923
        1159    -4.99275    -5.02718  0.00425565
        1160    -5.00137    -5.02716  0.00425204
        1161    -5.00812    -5.02714  0.00424841
        1162    -5.01433    -5.02713  0.00424477
        1163    -5.02112    -5.02712  0.00424112
        1164    -5.02852    -5.02713  0.00423748
        1165    -5.03797    -5.02714  0.00423385
        1166    -5.05094    -5.02716  0.00423027
        1167    -5.06544    -5.02719  0.00422677
        1168    -5.07976    -5.02723   0.0042234
        1169    -5.08966    -5.02729  0.00422012
        1170    -5.09174    -5.02734  0.00421687
        1171    -5.08384    -5.02739  0.00421355
        1172     -5.0675    -5.02742  0.00421009
        1173    -5.04264    -5.02744  0.00420652
        1174    -5.01474    -5.02743  0.00420295
        1175    -4.98929    -5.02739   0.0041995
        1176    -4.97175    -5.02735   0.0041962
        1177    -4.96455    -5.02729  0.00419297
        1178     -4.9677    -5.02724  0.00418972
        1179    -4.97587     -5.0272  0.00418639
        1180    -4.98502    -5.02716  0.00418299
        1181    -4.98863    -5.02713  0.00417958
        1182    -4.98479    -5.02709   0.0041762
        1183    -4.97329    -5.02705  0.00417291
        1184    -4.95884    -5.02699  0.00416979
        1185    -4.94688    -5.02692  0.00416682
        1186    -4.94112    -5.02685  0.00416393
        1187    -4.94303    -5.02678  0.00416102
        1188    -4.95041    -5.02672  0.00415802
        1189    -4.96056    -5.02666  0.00415489
        1190    -4.97023    -5.02661  0.00415167
        1191    -4.97596    -5.02657   0.0041484
        1192    -4.97799    -5.02653  0.00414512
        1193    -4.97897    -5.02649  0.00414184
        1194    -4.97898    -5.02645  0.00413856
        1195    -4.98007    -5.02641  0.00413528
        1196    -4.98289    -5.02638  0.00413198
        1197    -4.98758    -5.02634  0.00412866
        1198     -4.9931    -5.02632  0.00412531
        1199    -4.99826    -5.02629  0.00412193
        1200    -5.00345    -5.02627  0.00411854
        1201    -5.00643    -5.02626  0.00411514
        1202    -5.00492    -5.02624  0.00411176
        1203    -4.99617    -5.02621  0.00410842
        1204    -4.97962    -5.02618  0.00410519
        1205    -4.95486    -5.02612  0.00410221
        1206    -4.92222    -5.02603  0.00409971
        1207    -4.88523    -5.02591  0.00409797
        1208    -4.84909    -5.02577  0.00409719
        1209    -4.81954     -5.0256  0.00409735
        1210    -4.80182    -5.02541  0.00409814
        1211     -4.8004    -5.02523  0.00409896
        1212    -4.81381    -5.02505  0.00409929
        1213    -4.83695     -5.0249  0.00409884
        1214    -4.86805    -5.02477   0.0040975
        1215    -4.90184    -5.02467  0.00409538
        1216    -4.93535    -5.02459  0.00409267
        1217    -4.96669    -5.02454  0.00408959
        1218    -4.99366    -5.02452  0.00408631
        1219    -5.01646    -5.02451  0.00408296
        1220    -5.03444    -5.02452  0.00407962
        1221    -5.04959    -5.02454  0.00407633
        1222    -5.06169    -5.02457  0.00407311
        1223    -5.07235    -5.02461  0.00406997
        1224    -5.08298    -5.02466  0.00406692
        1225    -5.09448    -5.02472    0.004064
        1226    -5.10566    -5.02478  0.00406122
        1227    -5.11694    -5.02486  0.00405861
        1228    -5.12781    -5.02494  0.00405617
        1229    -5.13692    -5.02503  0.00405389
        1230    -5.14208    -5.02513  0.00405171
        1231    -5.14296    -5.02522  0.00404955
        1232    -5.13981    -5.02532  0.00404733
        1233    -5.13432     -5.0254  0.00404501
        1234     -5.1281    -5.02549  0.00404259
        1235    -5.12268    -5.02557  0.00404008
        1236    -5.12035    -5.02564  0.00403754
        1237    -5.12013    -5.02572    0.004035
        1238    -5.12035     -5.0258  0.00403247
        1239    -5.11908    -5.02587  0.00402991
        1240    -5.11548    -5.02594  0.00402731
        1241    -5.10811    -5.02601  0.00402461
        1242    -5.10002    -5.02607  0.00402181
        1243     -5.0892    -5.02612   0.0040189
        1244    -5.07986    -5.02616   0.0040159
        1245    -5.07416     -5.0262  0.00401286
        1246    -5.07299    -5.02624  0.00400981
        1247    -5.07712    -5.02628  0.00400681
        1248    -5.08453    -5.02633  0.00400387
        1249    -5.09392    -5.02638  0.00400103
        1250    -5.10439    -5.02644  0.00399831
        1251    -5.11303    -5.02651  0.00399572
        1252    -5.11886    -5.02659   0.0039932
        1253    -5.12124    -5.02666  0.00399073
        1254    -5.12008    -5.02674  0.00398824
        1255    -5.11699    -5.02681  0.00398572
        1256    -5.11432    -5.02688  0.00398315
        1257    -5.11616    -5.02695  0.00398062
        1258    -5.12075    -5.02702  0.00397815
        1259    -5.12618     -5.0271  0.00397577
        1260    -5.12827    -5.02718  0.00397342
        1261    -5.12407    -5.02726  0.00397102
        1262    -5.11237    -5.02733  0.00396844
        1263    -5.09378    -5.02738  0.00396565
        1264    -5.06991    -5.02741  0.00396265
        1265    -5.04551    -5.02743  0.00395955
        1266    -5.02262    -5.02742  0.00395642
        1267    -5.00196     -5.0274  0.00395335
        1268    -4.98365    -5.02737  0.00395038
        1269    -4.96576    -5.02732  0.00394757
        1270    -4.94922    -5.02726  0.00394494
        1271    -4.93363    -5.02718  0.00394252
        1272    -4.92108     -5.0271  0.00394031
        1273    -4.91171    -5.02701  0.00393825
        1274    -4.90945    -5.02692  0.00393624
        1275      -4.917    -5.02683   0.0039341
        1276    -4.93339    -5.02676   0.0039317
        1277    -4.95792    -5.02671  0.00392899
        1278    -4.98697    -5.02667  0.00392604
        1279    -5.02009    -5.02667  0.00392297
        1280    -5.05326    -5.02669  0.00391996
        1281    -5.08352    -5.02673  0.00391715
        1282    -5.10933     -5.0268  0.00391463
        1283    -5.12997    -5.02688   0.0039124
        1284    -5.14363    -5.02697  0.00391041
        1285    -5.15044    -5.02707  0.00390855
        1286    -5.14935    -5.02716  0.00390666
        1287    -5.14103    -5.02725  0.00390463
        1288    -5.12488    -5.02733  0.00390234
        1289    -5.10336    -5.02738  0.00389975
        1290    -5.07977    -5.02742  0.00389694
        1291    -5.05701    -5.02745  0.00389399
        1292    -5.03993    -5.02746  0.00389099
        1293    -5.03223    -5.02746  0.00388798
        1294    -5.03357    -5.02747  0.00388498
        1295    -5.04179    -5.02748    0.003882
        1296    -5.05236     -5.0275  0.00387905
        1297    -5.06111    -5.02752  0.00387614
        1298    -5.06513    -5.02755  0.00387327
        1299    -5.06364    -5.02758  0.00387038
        1300     -5.0562     -5.0276  0.00386747
        1301    -5.04515    -5.02761  0.00386452
        1302    -5.03253    -5.02762  0.00386155
        1303    -5.01693    -5.02761   0.0038586
        1304    -4.99991    -5.02759   0.0038557
        1305    -4.98041    -5.02755  0.00385291
        1306    -4.96137     -5.0275   0.0038503
        1307    -4.94418    -5.02744  0.00384788
        1308    -4.93455    -5.02737  0.00384559
        1309    -4.93304    -5.02729  0.00384333
        1310    -4.94278    -5.02723  0.00384094
        1311    -4.96334    -5.02718  0.00383832
        1312     -4.9926    -5.02716  0.00383548
        1313     -5.0262    -5.02715  0.00383256
        1314    -5.05981    -5.02718  0.00382972
        1315    -5.08818    -5.02723  0.00382709
        1316    -5.10769    -5.02729  0.00382467
        1317    -5.11813    -5.02736  0.00382239
        1318    -5.11901    -5.02743  0.00382012
        1319    -5.11384    -5.02749  0.00381779
        1320    -5.10483    -5.02755  0.00381535
        1321    -5.09495     -5.0276   0.0038128
        1322     -5.0882    -5.02765  0.00381019
        1323    -5.08376    -5.02769  0.00380755
        1324     -5.0813    -5.02773  0.00380488
        1325    -5.07755    -5.02777   0.0038022
        1326    -5.06948     -5.0278  0.00379946
        1327    -5.05808    -5.02782  0.00379667
        1328    -5.04463    -5.02783  0.00379383
        1329    -5.03193    -5.02784  0.00379098
        1330    -5.01992    -5.02783  0.00378813
        1331    -5.00965    -5.02782  0.00378531
        1332    -5.00054     -5.0278  0.00378252
        1333     -4.9897    -5.02777  0.00377979
        1334    -4.97753    -5.02773  0.00377715
        1335    -4.96466    -5.02768  0.00377461
        1336    -4.95223    -5.02763  0.00377221
        1337    -4.94116    -5.02756  0.00376994
        1338    -4.93227    -5.02749   0.0037678
        1339     -4.9267    -5.02742  0.00376574
        1340    -4.92602    -5.02734  0.00376369
        1341    -4.93279    -5.02727  0.00376154
        1342    -4.94491    -5.02721  0.00375924
        1343    -4.95886    -5.02716  0.00375678
        1344    -4.97188    -5.02712  0.00375421
        1345    -4.98298    -5.02708  0.00375156
        1346    -4.99056    -5.02706  0.00374888
        1347    -4.99461    -5.02703  0.00374617
        1348    -4.99502    -5.02701  0.00374347
        1349    -4.99129    -5.02698  0.00374078
        1350    -4.98424    -5.02695  0.00373815
        1351    -4.97493    -5.02691  0.00373558
        1352    -4.96644    -5.02687  0.00373308
        1353    -4.96092    -5.02682  0.00373064
        1354    -4.96028    -5.02677  0.00372821
        1355    -4.96853    -5.02673  0.00372571
        1356     -4.9842    -5.02669  0.00372309
        1357     -5.0036    -5.02668  0.00372039
        1358    -5.02192    -5.02667  0.00371765
        1359    -5.03434    -5.02668  0.00371492
        1360    -5.03832    -5.02669   0.0037122
        1361    -5.03587     -5.0267  0.00370948
        1362    -5.02951     -5.0267  0.00370675
        1363    -5.02294    -5.02669  0.00370403
        1364    -5.02063    -5.02669  0.00370132
        1365    -5.02341    -5.02669  0.00369861
        1366    -5.03115    -5.02669   0.0036959
        1367    -5.03986     -5.0267  0.00369321
        1368    -5.04879    -5.02672  0.00369055
        1369    -5.05711    -5.02674  0.00368792
        1370    -5.06351    -5.02677  0.00368532
        1371     -5.0671     -5.0268  0.00368275
        1372     -5.0675    -5.02682  0.00368019
        1373    -5.06543    -5.02685  0.00367762
        1374    -5.05959    -5.02688  0.00367502
        1375    -5.05239     -5.0269  0.00367239
        1376    -5.04358    -5.02691  0.00366974
        1377    -5.03445    -5.02691  0.00366708
        1378    -5.02494    -5.02691  0.00366442
        1379    -5.01641     -5.0269  0.00366177
        1380    -5.01023    -5.02689  0.00365914
        1381    -5.00462    -5.02688  0.00365652
        1382     -4.9992    -5.02686  0.00365393
        1383     -4.9931    -5.02683  0.00365137
        1384    -4.98502     -5.0268  0.00364886
        1385    -4.97664    -5.02676   0.0036464
        1386    -4.97062    -5.02672    0.003644
        1387    -4.96842    -5.02668  0.00364161
        1388    -4.97291    -5.02664   0.0036392
        1389    -4.98394    -5.02661  0.00363671
        1390    -4.99946    -5.02659  0.00363414
        1391    -5.01807    -5.02659  0.00363153
        1392    -5.03561    -5.02659  0.00362893
        1393    -5.04974    -5.02661  0.00362636
        1394    -5.05763    -5.02663  0.00362383
        1395    -5.06075    -5.02666  0.00362132
        1396    -5.06025    -5.02668   0.0036188
        1397    -5.05656     -5.0267  0.00361627
        1398    -5.05212    -5.02672  0.00361373
        1399    -5.05176    -5.02674  0.00361119
        1400    -5.05805    -5.02676  0.00360868
        1401    -5.06994    -5.02679  0.00360624
        1402    -5.08476    -5.02683  0.00360391
        1403    -5.09873    -5.02688   0.0036017
        1404    -5.10892    -5.02694  0.00359961
        1405    -5.11302      -5.027  0.00359757
        1406    -5.11214    -5.02706  0.00359552
        1407    -5.10648    -5.02712  0.00359341
        1408    -5.09871    -5.02717  0.00359121
        1409    -5.08914    -5.02722  0.00358894
        1410    -5.07754    -5.02725  0.00358657
        1411    -5.06372    -5.02728  0.00358412
        1412    -5.05036    -5.02729  0.00358162
        1413    -5.04057     -5.0273   0.0035791
        1414    -5.03674    -5.02731  0.00357657
        1415    -5.03965    -5.02732  0.00357405
        1416    -5.04633    -5.02733  0.00357155
        1417    -5.05516    -5.02735  0.00356909
        1418    -5.06633    -5.02738  0.00356668
        1419    -5.07577    -5.02741  0.00356433
        1420    -5.08442    -5.02745  0.00356204
        1421      -5.092     -5.0275  0.00355983
        1422    -5.09849    -5.02755  0.00355767
        1423    -5.10256     -5.0276  0.00355556
        1424    -5.10364    -5.02765  0.00355347
        1425    -5.10077    -5.02771  0.00355134
        1426    -5.09226    -5.02775  0.00354914
        1427    -5.07753    -5.02779  0.00354683
        1428    -5.05724    -5.02781   0.0035444
        1429     -5.0331    -5.02781  0.00354192
        1430    -5.00652     -5.0278  0.00353948
        1431    -4.98049    -5.02776  0.00353716
        1432    -4.95428    -5.02771  0.00353506
        1433    -4.92966    -5.02764  0.00353326
        1434    -4.90848    -5.02756  0.00353177
        1435    -4.89291    -5.02747  0.00353055
        1436    -4.88384    -5.02737  0.00352951
        1437    -4.88268    -5.02727  0.00352849
        1438    -4.88933    -5.02717  0.00352734
        1439    -4.90141    -5.02708  0.00352597
        1440    -4.91788    -5.02701  0.00352434
        1441      -4.937    -5.02694  0.00352245
        1442     -4.9589     -5.0269  0.00352032
        1443    -4.98072    -5.02686  0.00351803
        1444    -5.00239    -5.02685  0.00351563
        1445    -5.02238    -5.02684   0.0035132
        1446    -5.03744    -5.02685  0.00351078
        1447    -5.04776    -5.02687  0.00350838
        1448    -5.05058    -5.02688    0.003506
        1449    -5.04369    -5.02689   0.0035036
        1450    -5.02692    -5.02689  0.00350118
        1451    -5.00192    -5.02688  0.00349881
        1452    -4.96968    -5.02684  0.00349662
        1453    -4.93325    -5.02677  0.00349481
        1454    -4.89922    -5.02669   0.0034935
        1455    -4.87274    -5.02658  0.00349271
        1456    -4.85918    -5.02646   0.0034922
        1457    -4.86031    -5.02635  0.00349166
        1458    -4.87517    -5.02625  0.00349081
        1459    -4.89883    -5.02616  0.00348951
        1460    -4.92483    -5.02609  0.00348781
        1461    -4.94709    -5.02604  0.00348584
        1462    -4.96035    -5.02599  0.00348374
        1463    -4.95988    -5.02595  0.00348166
        1464     -4.9453    -5.02589  0.00347971
        1465    -4.91614    -5.02582  0.00347814
        1466    -4.87576    -5.02571  0.00347728
        1467    -4.83309    -5.02558  0.00347739
        1468        -4.8    -5.02543  0.00347841
        1469     -4.7874    -5.02527  0.00347981
        1470    -4.80233    -5.02511  0.00348075
        1471    -4.84096    -5.02499  0.00348063
        1472    -4.89176     -5.0249  0.00347945
        1473    -4.94306    -5.02484  0.00347753
        1474    -4.98477    -5.02482  0.00347528
        1475    -5.01272    -5.02481  0.00347293
        1476    -5.02925    -5.02481  0.00347058
        1477    -5.03874    -5.02482  0.00346824
        1478    -5.04697    -5.02484  0.00346593
        1479    -5.05672    -5.02486  0.00346365
        1480    -5.07119    -5.02489  0.00346145
        1481    -5.08981    -5.02493  0.00345939
        1482    -5.10818    -5.02499  0.00345751
        1483    -5.12287    -5.02505  0.00345581
        1484    -5.13082    -5.02513  0.00345422
        1485    -5.13137     -5.0252  0.00345263
        1486     -5.1249    -5.02526  0.00345096
        1487    -5.11285    -5.02532  0.00344914
        1488    -5.09739    -5.02537  0.00344716
        1489    -5.08187    -5.02541  0.00344506
        1490    -5.06819    -5.02544  0.00344287
        1491     -5.0548    -5.02546  0.00344061
        1492    -5.04231    -5.02547  0.00343833
        1493    -5.02988    -5.02547  0.00343602
        1494    -5.01984    -5.02547  0.00343373
        1495    -5.01343    -5.02546  0.00343144
        1496    -5.01253    -5.02545  0.00342916
        1497    -5.01573    -5.02545  0.00342687
        1498    -5.02193    -5.02544  0.00342458
        1499    -5.02762    -5.02544   0.0034223
        1500    -5.03061    -5.02545  0.00342002
