#     BLOCK:   ACTUAL_P:     P_AVE:       ERROR:
           1     1.53418     1.53418           0
           2     1.53185     1.53301 0.000823847
           3     1.52687     1.53096  0.00175864
           4      1.5189     1.52795  0.00292694
           5     1.50729     1.52382  0.00437468
           6     1.49117     1.51838  0.00616114
           7     1.46941     1.51138  0.00835647
           8     1.44066     1.50254   0.0110381
           9     1.40365     1.49155   0.0142686
          10     1.35733     1.47813   0.0180845
          11     1.30162     1.46208   0.0224579
          12     1.23777     1.44339   0.0272785
          13     1.16856     1.42225   0.0323511
          14     1.09782     1.39908    0.037431
          15     1.02953     1.37444   0.0422728
          16    0.967254     1.34899   0.0466667
          17    0.914168     1.32341   0.0504465
          18    0.873068     1.29839   0.0534895
          19    0.846025     1.27458   0.0557217
          20    0.833527     1.25253   0.0571331
          21    0.833513     1.23258   0.0577918
          22    0.841735     1.21481   0.0578311
          23    0.853272     1.19909   0.0574133
          24    0.864348     1.18515     0.05669
          25     0.87309     1.17266   0.0557796
          26    0.879299     1.16138   0.0547636
          27    0.883724      1.1511   0.0536922
          28    0.887263     1.14167   0.0525949
          29    0.890396     1.13301   0.0514901
          30    0.893154     1.12501   0.0503906
          31    0.895353     1.11761   0.0493067
          32    0.897077     1.11071   0.0482451
          33    0.898869     1.10429   0.0472083
          34    0.901381     1.09833   0.0461955
          35    0.904598     1.09279    0.045206
          36     0.90747     1.08764   0.0442424
          37     0.90857      1.0828   0.0433106
          38    0.907035     1.07818   0.0424171
          39    0.903111     1.07369   0.0415664
          40    0.897917      1.0693   0.0407588
          41    0.892817     1.06499   0.0399913
          42    0.888979      1.0608   0.0392581
          43    0.887194     1.05676   0.0385522
          44     0.88811     1.05293   0.0378661
          45     0.89243     1.04936   0.0371922
          46    0.900586     1.04613    0.036524
          47     0.91216     1.04328    0.035858
          48    0.925517     1.04083   0.0351948
          49    0.938387     1.03873   0.0345385
          50    0.948866     1.03694   0.0338945
          51    0.956061     1.03535    0.033267
          52    0.960038      1.0339   0.0326587
          53    0.961494     1.03254   0.0320711
          54     0.96121     1.03122   0.0315044
          55    0.959859     1.02992   0.0309583
          56     0.95786     1.02863   0.0304322
          57    0.955317     1.02735   0.0299255
          58    0.952129     1.02605   0.0294376
          59    0.947973     1.02473   0.0289684
          60    0.942536     1.02336   0.0285179
          61    0.935675     1.02192   0.0280866
          62    0.927596      1.0204   0.0276748
          63    0.918802     1.01878   0.0272824
          64    0.909776     1.01708   0.0269093
          65    0.900736     1.01529   0.0265548
          66    0.891565     1.01342   0.0262185
          67     0.88219     1.01146   0.0259002
          68    0.872999     1.00942   0.0255993
          69    0.864933     1.00733   0.0253138
          70    0.859253     1.00521   0.0250404
          71    0.856977     1.00312   0.0247746
          72    0.858503     1.00112   0.0245118
          73    0.863528    0.999231   0.0242483
          74    0.871143      0.9975   0.0239824
          75    0.880154    0.995936   0.0237136
          76    0.889329    0.994533    0.023443
          77    0.897704    0.993275   0.0231723
          78    0.904646    0.992139    0.022903
          79    0.909642    0.991095   0.0226369
          80    0.912176    0.990108   0.0223754
          81    0.911664     0.98914   0.0221201
          82    0.907876    0.988149   0.0218726
          83    0.901549    0.987105   0.0216339
          84    0.894589    0.986004   0.0214044
          85    0.889321    0.984867   0.0211828
          86    0.886824    0.983727   0.0209671
          87    0.886159    0.982605   0.0207561
          88    0.885332      0.9815   0.0205496
          89    0.882928    0.980392   0.0203486
          90    0.878786    0.979263   0.0201537
          91    0.873706    0.978103   0.0199656
          92    0.868658    0.976914    0.019784
          93    0.864291    0.975703   0.0196083
          94    0.860994    0.974482   0.0194377
          95    0.859196    0.973269   0.0192709
          96     0.85941    0.972083   0.0191066
          97     0.86156    0.970943   0.0189436
          98    0.864622    0.969858   0.0187813
          99    0.866926    0.968819   0.0186204
         100       0.867    0.967801    0.018462
         101    0.864063    0.966773   0.0183077
         102    0.857989    0.965707   0.0181593
         103    0.849384    0.964578   0.0180181
         104    0.839489    0.963375   0.0178849
         105    0.829775    0.962102   0.0177598
         106    0.821274    0.960774   0.0176419
         107    0.814129    0.959403   0.0175301
         108    0.808216    0.958003   0.0174236
         109    0.803861    0.956589   0.0173211
         110    0.801955    0.955184   0.0172206
         111    0.803394    0.953816   0.0171196
         112    0.808535    0.952519   0.0170159
         113    0.817066     0.95132   0.0169074
         114    0.828125     0.95024   0.0167936
         115    0.840716    0.949287   0.0166746
         116    0.854023    0.948466    0.016551
         117    0.867545    0.947774    0.016424
         118    0.881204     0.94721   0.0162945
         119    0.895033    0.946772   0.0161635
         120    0.908699    0.946454   0.0160319
         121     0.92126    0.946246   0.0159008
         122    0.931563    0.946126   0.0157709
         123    0.938793    0.946066   0.0156428
         124    0.942887    0.946041   0.0155167
         125    0.944519    0.946028   0.0153925
         126    0.944768    0.946018   0.0152704
         127    0.944481    0.946006   0.0151501
         128    0.944007    0.945991   0.0150318
         129    0.943251    0.945969   0.0149153
         130    0.942088     0.94594   0.0148006
         131    0.940753      0.9459   0.0146876
         132    0.939804    0.945854   0.0145764
         133    0.939586    0.945807   0.0144669
         134    0.939857    0.945762    0.014359
         135    0.939966    0.945719   0.0142527
         136    0.939387    0.945673    0.014148
         137    0.938117    0.945618   0.0140448
         138    0.936754    0.945553   0.0139432
         139    0.936161    0.945486   0.0138431
         140    0.937093    0.945426   0.0137443
         141     0.93984    0.945386   0.0136469
         142    0.944039    0.945377   0.0135508
         143    0.948765      0.9454   0.0134561
         144    0.952691    0.945451   0.0133627
         145      0.9546    0.945514   0.0132707
         146    0.953759    0.945571   0.0131799
         147    0.950156    0.945602   0.0130903
         148    0.944429    0.945594   0.0130019
         149    0.937751    0.945541   0.0129147
         150    0.931591    0.945448   0.0128289
         151    0.927295    0.945328   0.0127445
         152    0.925773    0.945199   0.0126613
         153    0.926972     0.94508   0.0125792
         154    0.929865    0.944981   0.0124979
         155    0.932942    0.944904   0.0124175
         156    0.935013     0.94484    0.012338
         157    0.935622    0.944782   0.0122596
         158    0.934912    0.944719   0.0121822
         159    0.933441    0.944648   0.0121057
         160     0.93198    0.944569   0.0120303
         161     0.93137    0.944487   0.0119559
         162    0.932232    0.944411   0.0118823
         163    0.934672    0.944352   0.0118096
         164    0.938195    0.944314   0.0117376
         165    0.942002      0.9443   0.0116665
         166    0.945358    0.944307   0.0115962
         167    0.947979    0.944329   0.0115268
         168    0.949991    0.944362   0.0114582
         169    0.951848    0.944407   0.0113905
         170    0.953916    0.944462   0.0113237
         171    0.956454    0.944533   0.0112577
         172    0.959522     0.94462   0.0111925
         173    0.963032    0.944726   0.0111284
         174    0.966654    0.944852   0.0110651
         175    0.969792    0.944995   0.0110028
         176     0.97174    0.945147   0.0109413
         177     0.97179    0.945297   0.0108806
         178     0.96946    0.945433   0.0108203
         179    0.964564     0.94554   0.0107604
         180    0.957191    0.945605   0.0107008
         181    0.947422    0.945615   0.0106417
         182    0.935193    0.945557   0.0105833
         183    0.920146    0.945418   0.0105264
         184    0.901748    0.945181   0.0104719
         185     0.87964    0.944827   0.0104213
         186    0.854155    0.944339   0.0103766
         187    0.827013    0.943712   0.0103401
         188    0.801535    0.942956   0.0103127
         189     0.78186    0.942103   0.0102933
         190     0.77108    0.941203   0.0102784
         191     0.76985    0.940306   0.0102637
         192    0.777031    0.939456   0.0102454
         193    0.791038    0.938687   0.0102211
         194    0.810254    0.938025   0.0101899
         195    0.833011    0.937486   0.0101518
         196    0.857683    0.937079   0.0101082
         197    0.882517    0.936802   0.0100607
         198    0.905408    0.936643   0.0100111
         199    0.924135    0.936581  0.00996101
         200    0.937081    0.936583   0.0099112
         201    0.943685    0.936618  0.00986196
         202    0.944469    0.936657  0.00981321
         203    0.940561    0.936677  0.00976489
         204    0.933104    0.936659  0.00971704
         205    0.922806    0.936591  0.00966987
         206    0.910075    0.936463  0.00962379
         207    0.895657    0.936266  0.00957931
         208    0.881031       0.936  0.00953694
         209    0.868478    0.935677  0.00949678
         210    0.860445    0.935319  0.00945831
         211    0.858732    0.934956  0.00942045
         212    0.863751     0.93462    0.009382
         213    0.874372    0.934337  0.00934221
         214     0.88836    0.934122  0.00930103
         215    0.903228    0.933978  0.00925888
         216    0.917003      0.9339  0.00921634
         217    0.928582    0.933875  0.00917391
         218    0.937518    0.933892  0.00913184
         219    0.943805    0.933937  0.00909025
         220    0.947687       0.934  0.00904915
         221    0.949411     0.93407  0.00900847
         222    0.949107    0.934137  0.00896815
         223    0.946783    0.934194  0.00892811
         224     0.94235     0.93423  0.00888833
         225    0.935771    0.934237  0.00884883
         226     0.92731    0.934207  0.00880972
         227    0.917491    0.934133  0.00877122
         228    0.907092    0.934014  0.00873355
         229    0.896784    0.933852  0.00869693
         230    0.886967    0.933648  0.00866151
         231    0.877897    0.933407  0.00862737
         232     0.87008    0.933134   0.0085945
         233    0.864331    0.932838  0.00856269
         234    0.861448    0.932533  0.00853153
         235    0.861804    0.932232  0.00850053
         236    0.864901    0.931947   0.0084693
         237     0.86948    0.931683  0.00843766
         238    0.873956    0.931441   0.0084057
         239    0.877212    0.931214  0.00837359
         240    0.879222    0.930997   0.0083415
         241    0.880806    0.930789  0.00830949
         242    0.882877    0.930591  0.00827751
         243    0.885847    0.930407  0.00824549
         244    0.889554     0.93024   0.0082134
         245    0.893655     0.93009  0.00818123
         246    0.897866    0.929959  0.00814902
         247    0.902144    0.929847  0.00811681
         248    0.906455    0.929752  0.00808463
         249    0.910697    0.929676  0.00805252
         250    0.914569    0.929615  0.00802054
         251    0.917601    0.929567  0.00798873
         252    0.919362    0.929527  0.00795713
         253    0.919595    0.929488  0.00792577
         254      0.9183    0.929444  0.00789469
         255    0.915764     0.92939  0.00786392
         256    0.912529    0.929324  0.00783347
         257    0.909216    0.929246  0.00780338
         258    0.906482    0.929158  0.00777364
         259    0.904966    0.929064  0.00774418
         260    0.905082    0.928972  0.00771495
         261    0.906847    0.928887  0.00768585
         262    0.909765    0.928814  0.00765687
         263    0.912933    0.928754  0.00762799
         264     0.91534    0.928703  0.00759927
         265    0.916302    0.928656  0.00757073
         266    0.915672    0.928607  0.00754243
         267    0.913842    0.928552  0.00751438
         268    0.911562    0.928489  0.00748661
         269    0.909652    0.928419  0.00745911
         270    0.908681    0.928346  0.00743184
         271    0.909066    0.928275  0.00740476
         272    0.911051    0.928211   0.0073778
         273    0.914882    0.928162  0.00735094
         274    0.920884    0.928136  0.00732416
         275    0.929289     0.92814  0.00729753
         276    0.939997    0.928183  0.00727121
         277    0.952243     0.92827  0.00724548
         278    0.964542      0.9284   0.0072206
         279    0.974996    0.928567  0.00719665
         280    0.981759    0.928757  0.00717345
         281    0.983482    0.928952  0.00715057
         282    0.979739    0.929132  0.00712748
         283    0.971029     0.92928  0.00710383
         284    0.958735    0.929384  0.00707957
         285    0.944728    0.929438  0.00705494
         286    0.930977    0.929443  0.00703027
         287    0.919148    0.929407  0.00700587
         288     0.91039    0.929341  0.00698185
         289    0.905211    0.929258  0.00695819
         290    0.903511    0.929169  0.00693476
         291    0.904741    0.929085  0.00691144
         292    0.908131    0.929013  0.00688815
         293     0.91266    0.928957  0.00686486
         294    0.917222    0.928917  0.00684163
         295    0.920691     0.92889  0.00681849
         296    0.922195    0.928867   0.0067955
         297     0.92123    0.928841  0.00677266
         298    0.917881    0.928804  0.00675004
         299    0.912891    0.928751  0.00672767
         300     0.90749     0.92868  0.00670562
         301    0.902941    0.928595  0.00668389
         302    0.900173    0.928501  0.00666242
         303    0.899421    0.928405  0.00664112
         304    0.900091    0.928312  0.00661993
         305    0.900908    0.928222  0.00659883
         306    0.900336    0.928131   0.0065779
         307    0.897274     0.92803  0.00655724
         308    0.891686    0.927912  0.00653701
         309    0.884888    0.927773  0.00651734
         310    0.878874    0.927615  0.00649822
         311     0.87501    0.927446  0.00647953
         312     0.87337    0.927273  0.00646108
         313    0.873209      0.9271  0.00644274
         314    0.873905    0.926931  0.00642445
         315    0.875345    0.926767  0.00640614
         316    0.877851    0.926612  0.00638774
         317    0.881879    0.926471  0.00636915
         318    0.887634    0.926349  0.00635029
         319     0.89481     0.92625  0.00633115
         320    0.902646    0.926176   0.0063118
         321    0.910149    0.926126  0.00629233
         322    0.916473    0.926096  0.00627286
         323    0.921138    0.926081  0.00625346
         324    0.924172    0.926075  0.00623416
         325    0.925987    0.926075  0.00621498
         326    0.927207    0.926078  0.00619592
         327    0.928362    0.926085  0.00617697
         328    0.929713    0.926096  0.00615815
         329    0.931276    0.926112  0.00613945
         330    0.932935    0.926133  0.00612089
         331    0.934502    0.926158  0.00610245
         332    0.935837    0.926187  0.00608413
         333    0.936714    0.926219  0.00606595
         334    0.936771     0.92625  0.00604787
         335    0.935568    0.926278  0.00602988
         336    0.932702    0.926297  0.00601196
         337    0.928053    0.926302  0.00599412
         338    0.921929     0.92629   0.0059764
         339    0.915172    0.926257  0.00595886
         340    0.909233    0.926207  0.00594155
         341    0.905816    0.926147  0.00592443
         342    0.906072    0.926088  0.00590739
         343    0.909702     0.92604  0.00589036
         344    0.914765    0.926008  0.00587333
         345    0.918624    0.925986  0.00585635
         346    0.919229    0.925967  0.00583945
         347    0.916005    0.925938   0.0058227
         348    0.910007    0.925892  0.00580614
         349    0.903381    0.925828  0.00578987
         350    0.898265    0.925749  0.00577386
         351    0.895802    0.925664  0.00575804
         352       0.896    0.925579   0.0057423
         353     0.89821    0.925502  0.00572655
         354    0.901726    0.925435  0.00571077
         355    0.905987     0.92538  0.00569495
         356    0.910407    0.925338  0.00567911
         357     0.91418    0.925307  0.00566328
         358    0.916481    0.925282  0.00564752
         359    0.916673    0.925258  0.00563184
         360    0.914441    0.925228  0.00561627
         361    0.909879    0.925185  0.00560088
         362    0.903177    0.925125  0.00558574
         363    0.894566     0.92504  0.00557098
         364    0.884355    0.924929   0.0055568
         365    0.873054    0.924786  0.00554339
         366     0.86147    0.924613  0.00553094
         367    0.850522    0.924412  0.00551956
         368    0.841239    0.924186  0.00550918
         369    0.834508    0.923943  0.00549961
         370    0.831061    0.923692  0.00549047
         371    0.831239    0.923442  0.00548133
         372    0.834889    0.923204  0.00547176
         373    0.841359    0.922985  0.00546149
         374    0.849579    0.922789  0.00545041
         375    0.858243    0.922616  0.00543859
         376    0.866129    0.922466   0.0054262
         377    0.872258    0.922333  0.00541344
         378    0.875915     0.92221  0.00540051
         379    0.876567     0.92209  0.00538761
         380    0.873965    0.921963  0.00537492
         381    0.868193    0.921822  0.00536266
         382    0.859982     0.92166  0.00535107
         383     0.85065    0.921475  0.00534031
         384    0.841693    0.921267  0.00533044
         385     0.83412    0.921041   0.0053214
         386    0.828012      0.9208  0.00531307
         387    0.822707    0.920546  0.00530538
         388     0.81728     0.92028  0.00529838
         389    0.811111    0.919999  0.00529219
         390    0.804176    0.919702  0.00528694
         391    0.797145    0.919389   0.0052827
         392    0.791228    0.919062  0.00527934
         393    0.787816    0.918728  0.00527645
         394    0.788017    0.918396  0.00527348
         395    0.792438    0.918077  0.00526976
         396    0.801044    0.917782  0.00526474
         397    0.813031    0.917518  0.00525808
         398    0.826945     0.91729  0.00524979
         399    0.840981    0.917099  0.00524012
         400     0.85325     0.91694  0.00522945
         401    0.862088    0.916803   0.0052182
         402    0.866297    0.916677  0.00520673
         403    0.865236    0.916549  0.00519537
         404    0.859017    0.916407  0.00518447
         405    0.848582     0.91624  0.00517437
         406    0.835779    0.916041  0.00516542
         407    0.823116    0.915813  0.00515777
         408    0.813282    0.915562  0.00515125
         409    0.808359      0.9153  0.00514532
         410    0.809173    0.915041  0.00513927
         411    0.815124    0.914798  0.00513252
         412    0.824659    0.914579  0.00512472
         413    0.835884    0.914388  0.00511585
         414    0.847261    0.914226  0.00510606
         415    0.857863     0.91409  0.00509556
         416    0.867455    0.913978  0.00508455
         417    0.876143    0.913888  0.00507317
         418    0.884071    0.913816  0.00506153
         419    0.891018    0.913762  0.00504974
         420     0.89632     0.91372  0.00503789
         421    0.898954    0.913685  0.00502605
         422    0.897987    0.913648  0.00501427
         423    0.893148      0.9136  0.00500265
         424    0.885377    0.913533   0.0049913
         425    0.876983    0.913447  0.00498029
         426    0.871148    0.913348  0.00496959
         427    0.870631    0.913248  0.00495896
         428      0.8764    0.913162  0.00494812
         429    0.887075    0.913101  0.00493696
         430    0.899826     0.91307  0.00492558
         431    0.912027    0.913068  0.00491415
         432    0.922181    0.913089  0.00490282
         433    0.929774    0.913127  0.00489165
         434    0.934773    0.913177  0.00488063
         435    0.937213    0.913232  0.00486972
         436      0.9373    0.913287  0.00485887
         437     0.93556    0.913338  0.00484802
         438      0.9327    0.913383  0.00483715
         439    0.929363    0.913419  0.00482627
         440    0.925996    0.913448  0.00481538
         441    0.922918    0.913469  0.00480451
         442    0.920502    0.913485  0.00479367
         443    0.919142    0.913498  0.00478286
         444    0.918876     0.91351  0.00477211
         445    0.919139    0.913523   0.0047614
         446    0.918901    0.913535  0.00475074
         447     0.91709    0.913543  0.00474012
         448    0.912864    0.913541  0.00472954
         449    0.905684    0.913524  0.00471904
         450    0.895066    0.913483  0.00470873
         451    0.880661     0.91341  0.00469885
         452     0.86291    0.913298  0.00468978
         453    0.844034    0.913145  0.00468192
         454    0.828245    0.912958  0.00467534
         455    0.819834    0.912753  0.00466954
         456    0.819968     0.91255  0.00466374
         457    0.825723     0.91236   0.0046574
         458    0.832511    0.912186  0.00465049
         459    0.837007    0.912022  0.00464324
         460    0.838116    0.911861  0.00463593
         461    0.836593    0.911698  0.00462875
         462    0.834252     0.91153  0.00462176
         463    0.833248    0.911361  0.00461487
         464    0.835479    0.911198  0.00460782
         465    0.841931    0.911049  0.00460032
         466    0.852192    0.910922  0.00459218
         467     0.86464    0.910823  0.00458342
         468     0.87717    0.910751  0.00457419
         469    0.888149    0.910703  0.00456469
         470    0.897031    0.910674  0.00455507
         471    0.904355    0.910661  0.00454542
         472    0.911201    0.910662  0.00453579
         473    0.918476    0.910678  0.00452623
         474    0.926464    0.910712   0.0045168
         475    0.934725    0.910762  0.00450758
         476    0.942361    0.910829   0.0044986
         477    0.948377    0.910907  0.00448985
         478    0.952086    0.910993  0.00448129
         479    0.953331    0.911082   0.0044728
         480      0.9525    0.911168  0.00446432
         481    0.950318     0.91125  0.00445578
         482    0.947327    0.911324  0.00444716
         483    0.943566    0.911391  0.00443845
         484     0.93862    0.911447  0.00442964
         485     0.93209     0.91149  0.00442071
         486    0.924282    0.911516  0.00441169
         487    0.916254    0.911526  0.00440265
         488     0.90938    0.911522  0.00439363
         489    0.904316    0.911507  0.00438467
         490     0.90054    0.911485  0.00437578
         491    0.896872    0.911455  0.00436696
         492      0.8923    0.911416  0.00435826
         493     0.88653    0.911365  0.00434971
         494    0.880037    0.911302  0.00434137
         495    0.873944    0.911226  0.00433326
         496    0.869649    0.911143  0.00432533
         497    0.868486    0.911057  0.00431748
         498    0.871117    0.910977  0.00430955
         499    0.877018    0.910909  0.00430146
         500    0.884575    0.910856  0.00429318
         501    0.891735    0.910818  0.00428478
         502    0.896777     0.91079  0.00427633
         503    0.898676    0.910766   0.0042679
         504    0.896878    0.910738  0.00425952
         505    0.891139    0.910699  0.00425126
         506    0.881589    0.910642  0.00424325
         507     0.86912     0.91056  0.00423567
         508    0.856059    0.910453  0.00422869
         509    0.846004    0.910326  0.00422228
         510    0.842226    0.910192  0.00421611
         511     0.84553    0.910066  0.00420976
         512    0.853668    0.909956  0.00420298
         513     0.86287    0.909864  0.00419578
         514    0.870022    0.909786  0.00418834
         515      0.8736    0.909716  0.00418079
         516    0.873584    0.909646  0.00417328
         517    0.870992    0.909571  0.00416588
         518    0.867455     0.90949  0.00415863
         519    0.864822    0.909404   0.0041515
         520    0.864743    0.909318  0.00414441
         521    0.867881    0.909239  0.00413722
         522    0.873475     0.90917  0.00412986
         523    0.879772    0.909114  0.00412235
         524    0.885167    0.909068  0.00411473
         525    0.888881     0.90903  0.00410707
         526    0.890853    0.908995  0.00409941
         527     0.89124    0.908961  0.00409177
         528    0.890149    0.908926  0.00408418
         529    0.887577    0.908885  0.00407666
         530    0.883335    0.908837  0.00406925
         531    0.877183    0.908778  0.00406202
         532    0.869038    0.908703  0.00405507
         533    0.859179     0.90861  0.00404853
         534    0.848295    0.908497  0.00404252
         535    0.837401    0.908364  0.00403715
         536    0.827737    0.908214  0.00403242
         537    0.820759    0.908051   0.0040282
         538    0.817732    0.907883  0.00402421
         539     0.81905    0.907718  0.00402012
         540    0.823764    0.907563  0.00401568
         541    0.830006    0.907419  0.00401081
         542    0.836003    0.907288  0.00400557
         543    0.840762    0.907165  0.00400007
         544    0.844117    0.907049   0.0039944
         545    0.846502    0.906938  0.00398861
         546    0.848548    0.906831  0.00398274
         547    0.851049    0.906729  0.00397676
         548    0.854831    0.906635  0.00397064
         549    0.860311     0.90655   0.0039643
         550    0.867106    0.906478  0.00395774
         551    0.874238     0.90642  0.00395099
         552    0.880924    0.906374   0.0039441
         553    0.887116    0.906339  0.00393712
         554    0.893347    0.906315  0.00393009
         555    0.900071    0.906304  0.00392302
         556    0.906872    0.906305  0.00391597
         557    0.912411    0.906316  0.00390895
         558    0.914928    0.906332  0.00390198
         559    0.913319    0.906344  0.00389502
         560    0.907913    0.906347  0.00388806
         561    0.900496    0.906336  0.00388115
         562    0.893752    0.906314   0.0038743
         563    0.890325    0.906286  0.00386753
         564    0.891909     0.90626  0.00386075
         565    0.898834    0.906247  0.00385394
         566    0.910031    0.906254  0.00384714
         567     0.92351    0.906284  0.00384047
         568    0.936855    0.906338  0.00383409
         569    0.947855    0.906411  0.00382805
         570     0.95486    0.906496  0.00382227
         571    0.956985    0.906584   0.0038166
         572    0.954041    0.906667  0.00381083
         573    0.946495    0.906737  0.00380481
         574    0.935344    0.906787  0.00379851
         575    0.922002    0.906813    0.003792
         576    0.908041    0.906815  0.00378542
         577    0.894884    0.906795  0.00377891
         578    0.883568    0.906754  0.00377259
         579    0.874568    0.906699  0.00376648
         580    0.867742    0.906632  0.00376059
         581    0.862469    0.906556  0.00375488
         582    0.857902    0.906472  0.00374936
         583    0.853262    0.906381  0.00374404
         584    0.848213    0.906281  0.00373895
         585    0.842925    0.906173  0.00373413
         586    0.838058    0.906057  0.00372957
         587    0.834433    0.905935  0.00372521
         588    0.832792     0.90581  0.00372095
         589    0.833756    0.905688  0.00371664
         590    0.837776    0.905573  0.00371213
         591    0.844981     0.90547  0.00370726
         592    0.854922    0.905385  0.00370198
         593    0.866504    0.905319  0.00369632
         594    0.878271    0.905274  0.00369038
         595    0.888879    0.905246  0.00368428
         596    0.897511    0.905233  0.00367812
         597    0.904039    0.905231  0.00367196
         598    0.908848    0.905237  0.00366582
         599    0.912603     0.90525  0.00365972
         600    0.915901    0.905267  0.00365367
         601    0.919095     0.90529  0.00364766
         602     0.92219    0.905318  0.00364171
         603    0.924972    0.905351  0.00363581
         604    0.927072    0.905387  0.00362997
         605    0.928203    0.905425  0.00362417
         606    0.928122    0.905462  0.00361838
         607    0.926732    0.905497  0.00361259
         608    0.924183    0.905528  0.00360678
         609    0.920994    0.905553  0.00360095
         610    0.917993    0.905574   0.0035951
         611    0.916087    0.905591  0.00358926
         612    0.915902    0.905608  0.00358343
         613    0.917474    0.905627  0.00357764
         614    0.920373    0.905651  0.00357189
         615    0.923849    0.905681  0.00356621
         616    0.926862    0.905715  0.00356058
         617    0.928332    0.905752    0.003555
         618    0.927418    0.905787  0.00354942
         619    0.923692    0.905816  0.00354381
         620    0.917279    0.905834  0.00353814
         621    0.908702    0.905839  0.00353244
         622    0.898729    0.905827  0.00352678
         623    0.888167    0.905799  0.00352124
         624    0.877741    0.905754  0.00351588
         625    0.868021    0.905694  0.00351077
         626    0.859479     0.90562  0.00350594
         627    0.852482    0.905535  0.00350137
         628    0.847465    0.905443  0.00349702
         629    0.844749    0.905346  0.00349279
         630    0.844423     0.90525  0.00348858
         631    0.846247    0.905156  0.00348431
         632    0.849652    0.905068   0.0034799
         633    0.854045    0.904988  0.00347534
         634     0.85921    0.904915  0.00347061
         635    0.865378    0.904853   0.0034657
         636    0.873082    0.904803  0.00346061
         637    0.882706    0.904768  0.00345535
         638    0.894151    0.904752  0.00344998
         639    0.906716    0.904755  0.00344458
         640    0.919332    0.904778  0.00343927
         641    0.930884    0.904818  0.00343415
         642     0.94036    0.904874  0.00342924
         643    0.947003    0.904939  0.00342454
         644    0.950318     0.90501  0.00341994
         645    0.950208     0.90508  0.00341536
         646    0.946936    0.905145  0.00341069
         647    0.941143      0.9052  0.00340587
         648    0.933573    0.905244   0.0034009
         649    0.924837    0.905274  0.00339579
         650    0.915334     0.90529   0.0033906
         651    0.905418     0.90529  0.00338539
         652    0.895536    0.905275  0.00338023
         653    0.886265    0.905246  0.00337518
         654    0.878323    0.905205  0.00337027
         655    0.872734    0.905155  0.00336549
         656    0.870737    0.905103  0.00336077
         657    0.873283    0.905054    0.003356
         658    0.880339    0.905017  0.00335111
         659    0.890402    0.904994   0.0033461
         660    0.900962    0.904988  0.00334104
         661     0.90958    0.904995  0.00333599
         662     0.91479     0.90501  0.00333098
         663    0.916357    0.905027    0.003326
         664    0.915034    0.905042  0.00332103
         665    0.912204    0.905053  0.00331605
         666    0.909347    0.905059  0.00331108
         667    0.907746    0.905064  0.00330612
         668    0.908281    0.905068  0.00330117
         669    0.911216    0.905078  0.00329625
         670    0.916169    0.905094  0.00329137
         671    0.922106    0.905119  0.00328656
         672    0.927528    0.905153  0.00328184
         673    0.930738    0.905191  0.00327719
         674    0.930145    0.905228  0.00327253
         675    0.924544    0.905256  0.00326781
         676    0.913422    0.905269    0.003263
         677    0.897398    0.905257   0.0032582
         678    0.878404    0.905217  0.00325363
         679    0.859649     0.90515  0.00324953
         680    0.844945    0.905062  0.00324596
         681    0.837417    0.904962  0.00324271
         682    0.838192    0.904864  0.00323944
         683    0.845884    0.904778  0.00323585
         684    0.857486    0.904709  0.00323185
         685    0.869776    0.904658  0.00322754
         686    0.880368    0.904623  0.00322303
         687    0.887849    0.904598  0.00321843
         688     0.89144    0.904579  0.00321381
         689    0.890603    0.904559  0.00320921
         690    0.885135    0.904531  0.00320468
         691    0.875667    0.904489  0.00320031
         692    0.864436    0.904431  0.00319621
         693    0.855387     0.90436  0.00319238
         694    0.852778    0.904286  0.00318865
         695    0.858794     0.90422  0.00318473
         696    0.872522    0.904175  0.00318048
         697    0.891174    0.904156  0.00317597
         698     0.91158    0.904167  0.00317144
         699     0.93086    0.904205  0.00316713
         700    0.946545    0.904265  0.00316319
         701    0.956689     0.90434  0.00315956
         702    0.960064     0.90442  0.00315605
         703    0.956314    0.904493  0.00315243
         704    0.945953    0.904552   0.0031485
         705    0.930304    0.904589  0.00314425
         706    0.911346    0.904598  0.00313981
         707    0.891641     0.90458  0.00313542
         708    0.874059    0.904537  0.00313129
         709    0.861307    0.904476  0.00312746
         710    0.855157    0.904407  0.00312383
         711    0.855866    0.904338  0.00312018
         712    0.862138    0.904279  0.00311636
         713     0.87196    0.904234  0.00311232
         714    0.883643    0.904205   0.0031081
         715    0.896135    0.904194  0.00310377
         716    0.908518      0.9042  0.00309944
         717     0.91956    0.904221  0.00309519
         718    0.927964    0.904254  0.00309106
         719     0.93283    0.904294  0.00308702
         720    0.933918    0.904335    0.003083
         721    0.931282    0.904372  0.00307895
         722    0.925013    0.904401  0.00307482
         723    0.915371    0.904416  0.00307061
         724     0.90315    0.904414  0.00306636
         725    0.889889    0.904394   0.0030622
         726    0.877705    0.904358   0.0030582
         727    0.868782    0.904309  0.00305439
         728    0.864614    0.904254  0.00305068
         729     0.86555    0.904201  0.00304696
         730    0.870679    0.904155  0.00304313
         731    0.878343     0.90412  0.00303917
         732    0.886938    0.904096  0.00303511
         733    0.895375    0.904084  0.00303099
         734    0.902982    0.904083  0.00302686
         735    0.909103     0.90409  0.00302275
         736    0.913146    0.904102  0.00301867
         737    0.915147    0.904117  0.00301461
         738    0.916041    0.904133  0.00301057
         739    0.917054    0.904151  0.00300655
         740    0.918716     0.90417  0.00300255
         741    0.920499    0.904192  0.00299858
         742    0.921317    0.904215  0.00299463
         743    0.920243    0.904237  0.00299067
         744    0.916898    0.904254   0.0029867
         745    0.911421    0.904264  0.00298271
         746    0.904255    0.904264  0.00297871
         747     0.89585    0.904252  0.00297474
         748     0.88639    0.904229  0.00297086
         749    0.875798    0.904191  0.00296714
         750    0.864035    0.904137  0.00296366
         751     0.85146    0.904067  0.00296055
         752    0.838897     0.90398  0.00295788
         753    0.827327    0.903878   0.0029557
         754    0.817671    0.903764  0.00295399
         755    0.810593    0.903641  0.00295266
         756    0.806686    0.903512  0.00295154
         757    0.806499    0.903384  0.00295042
         758    0.810107    0.903261  0.00294909
         759    0.816662    0.903147  0.00294741
         760    0.824529    0.903044  0.00294535
         761    0.832173    0.902951  0.00294295
         762    0.838908    0.902866  0.00294029
         763    0.844824     0.90279  0.00293742
         764    0.850341    0.902722  0.00293437
         765      0.8559    0.902661  0.00293118
         766    0.861973    0.902607  0.00292783
         767    0.869102    0.902564  0.00292434
         768    0.877806    0.902532  0.00292071
         769    0.888226    0.902513  0.00291697
         770    0.899631    0.902509  0.00291319
         771    0.910547     0.90252  0.00290943
         772      0.9193    0.902541  0.00290574
         773    0.924885     0.90257  0.00290212
         774    0.927446    0.902602  0.00289855
         775    0.928179    0.902635    0.002895
         776    0.928674    0.902669  0.00289146
         777     0.93005    0.902704  0.00288796
         778    0.932454    0.902742   0.0028845
         779    0.935168    0.902784  0.00288109
         780    0.937125    0.902828  0.00287774
         781    0.937547    0.902873   0.0028744
         782    0.936424    0.902915  0.00287104
         783    0.934407    0.902956  0.00286766
         784    0.932261    0.902993  0.00286424
         785    0.930127    0.903028   0.0028608
         786    0.927298    0.903058  0.00285733
         787    0.923072    0.903084  0.00285381
         788    0.917616    0.903102  0.00285025
         789    0.912189    0.903114  0.00284666
         790    0.908421    0.903121  0.00284306
         791     0.90732    0.903126  0.00283947
         792    0.908653    0.903133   0.0028359
         793    0.911069    0.903143  0.00283234
         794    0.912898    0.903155   0.0028288
         795    0.912954    0.903167  0.00282527
         796    0.911139    0.903178  0.00282174
         797    0.908438    0.903184   0.0028182
         798    0.906352    0.903188  0.00281467
         799    0.906112    0.903192  0.00281115
         800     0.90828    0.903198  0.00280765
         801    0.912529     0.90321  0.00280417
         802     0.91784    0.903228  0.00280073
         803    0.922886    0.903252  0.00279735
         804    0.926129    0.903281  0.00279401
         805    0.926103    0.903309  0.00279069
         806    0.921722    0.903332  0.00278732
         807    0.912764    0.903344  0.00278389
         808    0.900031     0.90334  0.00278045
         809      0.8853    0.903317   0.0027771
         810    0.870973    0.903277  0.00277396
         811    0.859524    0.903224  0.00277106
         812    0.852918    0.903162  0.00276834
         813    0.852168    0.903099  0.00276565
         814    0.857317    0.903043  0.00276282
         815     0.86782    0.902999  0.00275977
         816    0.882754    0.902975   0.0027565
         817    0.900873    0.902972  0.00275313
         818    0.920585    0.902994  0.00274984
         819    0.940077    0.903039  0.00274686
         820    0.957499    0.903105  0.00274431
         821    0.971221    0.903188  0.00274222
         822    0.979918    0.903282  0.00274048
         823    0.982766    0.903378  0.00273885
         824    0.979562    0.903471  0.00273708
         825    0.970816    0.903552  0.00273498
         826    0.957694    0.903618  0.00273246
         827    0.941652    0.903664  0.00272954
         828    0.924159    0.903688  0.00272636
         829    0.906477    0.903692  0.00272307
         830    0.889653    0.903675  0.00271984
         831    0.874629     0.90364  0.00271679
         832    0.862209     0.90359  0.00271398
         833    0.853013    0.903529   0.0027114
         834    0.847463    0.903462  0.00270899
         835    0.845673    0.903393  0.00270663
         836    0.847601    0.903326  0.00270421
         837    0.853141    0.903266  0.00270164
         838    0.862125    0.903217  0.00269887
         839    0.874212    0.903183  0.00269587
         840    0.888625    0.903165  0.00269272
         841    0.903996    0.903166  0.00268952
         842    0.918395    0.903184  0.00268638
         843    0.929773    0.903216  0.00268338
         844    0.936385    0.903255  0.00268049
         845    0.937057    0.903295  0.00267762
         846    0.931459    0.903329  0.00267466
         847    0.920032    0.903348  0.00267157
         848     0.90409    0.903349  0.00266842
         849    0.885805    0.903328  0.00266536
         850    0.867927    0.903287  0.00266255
         851    0.853235    0.903228  0.00266007
         852    0.843607    0.903158  0.00265787
         853    0.839579    0.903084   0.0026558
         854    0.840257     0.90301  0.00265371
         855    0.843866    0.902941   0.0026515
         856    0.848331    0.902877  0.00264917
         857     0.85177    0.902817  0.00264675
         858    0.852769    0.902759  0.00264431
         859    0.850568    0.902698  0.00264193
         860    0.845108    0.902631  0.00263971
         861    0.836906    0.902555  0.00263775
         862    0.826761    0.902467  0.00263615
         863    0.815559    0.902366  0.00263502
         864    0.804574    0.902253   0.0026344
         865     0.79605     0.90213  0.00263421
         866    0.793404    0.902005  0.00263416
         867    0.799752    0.901887  0.00263376
         868    0.815309    0.901787  0.00263262
         869    0.836545    0.901712  0.00263066
         870    0.858387    0.901662   0.0026281
         871    0.876968    0.901634  0.00262524
         872    0.890526    0.901621  0.00262226
         873    0.898943    0.901618  0.00261926
         874    0.902907     0.90162  0.00261626
         875    0.903309    0.901621  0.00261327
         876    0.900955    0.901621  0.00261029
         877    0.896583    0.901615  0.00260732
         878    0.890853    0.901603  0.00260438
         879    0.884351    0.901583  0.00260149
         880    0.877654    0.901556  0.00259867
         881     0.87124    0.901521  0.00259595
         882    0.865508    0.901481  0.00259333
         883     0.86066    0.901434  0.00259081
         884    0.856711    0.901384  0.00258837
         885    0.853375     0.90133  0.00258601
         886    0.850126    0.901272  0.00258374
         887     0.84645     0.90121  0.00258157
         888     0.84224    0.901144  0.00257951
         889     0.83808    0.901073  0.00257759
         890    0.835022    0.900998  0.00257576
         891    0.833818    0.900923  0.00257397
         892    0.834164    0.900848  0.00257217
         893    0.834573    0.900774  0.00257036
         894    0.833275    0.900698   0.0025686
         895    0.829288    0.900619  0.00256697
         896    0.823129    0.900532  0.00256556
         897    0.816826    0.900439  0.00256439
         898    0.813207    0.900342  0.00256338
         899    0.814816    0.900247  0.00256229
         900    0.822884    0.900161  0.00256089
         901    0.836829     0.90009  0.00255901
         902    0.854373     0.90004  0.00255667
         903    0.872405    0.900009  0.00255402
         904    0.888018    0.899996  0.00255123
         905    0.899415    0.899995  0.00254841
         906    0.906135    0.900002  0.00254561
         907    0.908973    0.900012  0.00254282
         908    0.909286    0.900022  0.00254004
         909    0.908546    0.900031  0.00253727
         910    0.907709     0.90004  0.00253449
         911    0.907094    0.900048  0.00253172
         912    0.906523    0.900055  0.00252896
         913    0.905737    0.900061  0.00252619
         914     0.90467    0.900066  0.00252343
         915    0.903551     0.90007  0.00252068
         916    0.902819    0.900073  0.00251793
         917     0.90296    0.900076  0.00251519
         918    0.904435    0.900081  0.00251245
         919    0.907611    0.900089  0.00250973
         920     0.91262    0.900102  0.00250704
         921    0.919172    0.900123   0.0025044
         922    0.926562    0.900152  0.00250185
         923    0.933709    0.900188   0.0024994
         924    0.939405    0.900231  0.00249706
         925     0.94255    0.900276  0.00249478
         926    0.942437    0.900322   0.0024925
         927     0.93892    0.900364  0.00249016
         928    0.932401    0.900398  0.00248771
         929    0.923574    0.900423  0.00248516
         930    0.913303    0.900437  0.00248253
         931    0.902629    0.900439  0.00247986
         932    0.893173    0.900431  0.00247721
         933    0.887113    0.900417   0.0024746
         934    0.886442    0.900402    0.002472
         935    0.892014    0.900393  0.00246937
         936    0.903208    0.900396  0.00246673
         937    0.918322    0.900415  0.00246417
         938    0.935079    0.900452  0.00246182
         939    0.951017    0.900506  0.00245979
         940    0.964053    0.900574   0.0024581
         941    0.972844    0.900651  0.00245669
         942    0.976779    0.900731  0.00245541
         943    0.975904    0.900811   0.0024541
         944     0.97068    0.900885  0.00245262
         945    0.961815     0.90095  0.00245087
         946    0.950081    0.901002  0.00244883
         947    0.936144    0.901039  0.00244652
         948    0.920717    0.901059  0.00244403
         949    0.905006    0.901064  0.00244146
         950    0.890854    0.901053  0.00243891
         951    0.880416    0.901031  0.00243644
         952    0.875492    0.901004  0.00243403
         953    0.876844    0.900979  0.00243161
         954    0.883933    0.900961  0.00242913
         955    0.895286    0.900955  0.00242659
         956    0.909107    0.900964  0.00242407
         957    0.923888    0.900988  0.00242165
         958     0.93858    0.901027  0.00241944
         959    0.952558    0.901081  0.00241752
         960    0.965362    0.901148  0.00241593
         961    0.976392    0.901226  0.00241468
         962    0.984872    0.901313  0.00241374
         963     0.98985    0.901405  0.00241298
         964     0.99034    0.901497  0.00241224
         965    0.985625    0.901584  0.00241131
         966    0.975411    0.901661  0.00241003
         967    0.960102    0.901721  0.00240829
         968    0.940828    0.901761  0.00240615
         969    0.919465     0.90178  0.00240373
         970    0.898258    0.901776  0.00240126
         971    0.879352    0.901753  0.00239889
         972    0.864365    0.901715  0.00239674
         973    0.854228    0.901666  0.00239477
         974    0.849361    0.901612  0.00239291
         975    0.849778    0.901559  0.00239105
         976    0.854678    0.901511  0.00238908
         977    0.862287    0.901471  0.00238697
         978    0.870225    0.901439  0.00238475
         979    0.876411    0.901413  0.00238245
         980    0.879778    0.901391  0.00238012
         981    0.880569     0.90137  0.00237779
         982    0.880051    0.901348  0.00237546
         983    0.879974    0.901326  0.00237315
         984    0.881721    0.901306  0.00237082
         985    0.885706    0.901291  0.00236847
         986    0.891375    0.901281  0.00236608
         987    0.897881    0.901277  0.00236369
         988    0.904513     0.90128   0.0023613
         989    0.910799     0.90129  0.00235893
         990    0.916287    0.901305   0.0023566
         991    0.920305    0.901324   0.0023543
         992    0.921927    0.901345  0.00235202
         993    0.920279    0.901364  0.00234972
         994    0.914781    0.901378   0.0023474
         995    0.905414    0.901382  0.00234504
         996     0.89277    0.901373  0.00234271
         997    0.878174     0.90135  0.00234047
         998    0.863617    0.901312  0.00233843
         999    0.851345    0.901262  0.00233663
        1000    0.843266    0.901204  0.00233501
        1001    0.840339    0.901143  0.00233347
        1002    0.842405    0.901085  0.00233187
        1003    0.848365    0.901032  0.00233014
        1004    0.856604    0.900988  0.00232824
        1005    0.865503    0.900952  0.00232619
        1006    0.873807    0.900925  0.00232404
        1007    0.881001    0.900906  0.00232181
        1008    0.887467    0.900892  0.00231955
        1009    0.894432    0.900886  0.00231726
        1010    0.903506    0.900889  0.00231496
        1011    0.916028    0.900904  0.00231272
        1012    0.932328    0.900935  0.00231065
        1013    0.951227    0.900984   0.0023089
        1014     0.97025    0.901053  0.00230763
        1015    0.986483    0.901137  0.00230689
        1016     0.99745    0.901232  0.00230657
        1017     1.00166     0.90133  0.00230641
        1018    0.998547    0.901426  0.00230612
        1019     0.98835    0.901511  0.00230544
        1020    0.971998     0.90158  0.00230421
        1021    0.951076    0.901629  0.00230247
        1022    0.927635    0.901654  0.00230035
        1023    0.903988    0.901656  0.00229811
        1024    0.882496    0.901638  0.00229594
        1025    0.865344    0.901602  0.00229397
        1026    0.854145    0.901556   0.0022922
        1027    0.849468    0.901505  0.00229053
        1028    0.850576    0.901456  0.00228884
        1029    0.855914    0.901411  0.00228704
        1030    0.863681    0.901375  0.00228512
        1031    0.872411    0.901347  0.00228307
        1032    0.881003    0.901327  0.00228094
        1033    0.888514    0.901315  0.00227877
        1034    0.893986    0.901308  0.00227658
        1035    0.896469    0.901303  0.00227438
        1036    0.895231    0.901297   0.0022722
        1037    0.889916    0.901286  0.00227003
        1038    0.880683    0.901266  0.00226793
        1039      0.8683    0.901234  0.00226597
        1040    0.854283    0.901189  0.00226424
        1041    0.841006    0.901132   0.0022628
        1042    0.831336    0.901065  0.00226162
        1043     0.82777    0.900994  0.00226055
        1044     0.83129    0.900927  0.00225937
        1045    0.840889     0.90087  0.00225793
        1046    0.854151    0.900825  0.00225622
        1047    0.868393    0.900794  0.00225428
        1048    0.881504    0.900776   0.0022522
        1049     0.89218    0.900768  0.00225007
        1050    0.899836    0.900767  0.00224792
        1051    0.904391     0.90077  0.00224579
        1052    0.906271    0.900776  0.00224366
        1053     0.90626    0.900781  0.00224154
        1054    0.905136    0.900785  0.00223941
        1055    0.903215    0.900787  0.00223729
        1056    0.900211    0.900787  0.00223517
        1057    0.895597    0.900782  0.00223306
        1058    0.889274    0.900771  0.00223098
        1059    0.881973    0.900753  0.00222894
        1060    0.875237    0.900729  0.00222697
        1061    0.870903    0.900701  0.00222505
        1062    0.870384    0.900672  0.00222314
        1063    0.873945    0.900647  0.00222119
        1064    0.880391    0.900628  0.00221918
        1065    0.887412    0.900616  0.00221713
        1066    0.892413    0.900608  0.00221507
        1067    0.893436    0.900601    0.002213
        1068    0.889686    0.900591  0.00221095
        1069    0.881681    0.900573  0.00220895
        1070    0.871012    0.900546  0.00220706
        1071    0.859982    0.900508  0.00220533
        1072    0.851374    0.900462  0.00220375
        1073    0.847994    0.900413  0.00220223
        1074    0.852026    0.900368  0.00220064
        1075    0.863991    0.900334  0.00219886
        1076    0.882053    0.900317  0.00219688
        1077    0.902337    0.900319  0.00219484
        1078     0.92025    0.900338  0.00219288
        1079    0.932059    0.900367  0.00219105
        1080    0.935809      0.9004  0.00218926
        1081    0.931659    0.900429  0.00218743
        1082    0.921745    0.900449   0.0021855
        1083    0.909643    0.900457   0.0021835
        1084    0.899193    0.900456  0.00218148
        1085    0.893108    0.900449  0.00217948
        1086    0.892173    0.900442  0.00217749
        1087    0.895313    0.900437  0.00217549
        1088    0.900505    0.900437  0.00217349
        1089    0.905666    0.900442   0.0021715
        1090    0.909151     0.90045  0.00216952
        1091     0.90999    0.900458  0.00216755
        1092    0.907987    0.900465  0.00216558
        1093    0.903714    0.900468   0.0021636
        1094    0.898348    0.900466  0.00216162
        1095    0.893357     0.90046  0.00215966
        1096    0.889892     0.90045  0.00215771
        1097    0.888292    0.900439  0.00215577
        1098    0.888032    0.900428  0.00215384
        1099    0.888171    0.900417   0.0021519
        1100    0.887968    0.900405  0.00214998
        1101    0.887277    0.900393  0.00214806
        1102     0.88642    0.900381  0.00214615
        1103    0.885775    0.900367  0.00214424
        1104    0.885551    0.900354  0.00214234
        1105    0.885796    0.900341  0.00214044
        1106    0.886644    0.900329  0.00213854
        1107    0.888443    0.900318  0.00213664
        1108    0.891618     0.90031  0.00213472
        1109    0.896307    0.900306   0.0021328
        1110    0.902217    0.900308  0.00213088
        1111    0.908479    0.900315  0.00212898
        1112    0.913813    0.900328   0.0021271
        1113    0.916834    0.900342  0.00212524
        1114    0.916599    0.900357  0.00212338
        1115    0.913021    0.900368  0.00212151
        1116    0.906913    0.900374  0.00211961
        1117    0.899415    0.900373  0.00211772
        1118    0.891219    0.900365  0.00211584
        1119    0.882107    0.900349  0.00211401
        1120    0.871465    0.900323  0.00211228
        1121    0.859099    0.900286  0.00211072
        1122    0.845825    0.900238  0.00210939
        1123    0.833469    0.900178  0.00210835
        1124    0.824468    0.900111  0.00210755
        1125    0.821037    0.900041  0.00210685
        1126    0.824266    0.899973  0.00210605
        1127    0.833499    0.899914  0.00210501
        1128    0.846623    0.899867  0.00210367
        1129    0.861164    0.899833  0.00210209
        1130     0.87531    0.899811  0.00210034
        1131    0.888096    0.899801  0.00209851
        1132    0.898886      0.8998  0.00209666
        1133    0.907064    0.899806  0.00209482
        1134     0.91207    0.899817    0.002093
        1135    0.913624    0.899829  0.00209119
        1136    0.911938     0.89984  0.00208937
        1137    0.907747    0.899847  0.00208755
        1138    0.902129    0.899849  0.00208571
        1139    0.896183    0.899846  0.00208389
        1140    0.890806    0.899838  0.00208207
        1141    0.886357    0.899826  0.00208028
        1142    0.882502    0.899811  0.00207852
        1143    0.878444    0.899792  0.00207678
        1144    0.873497    0.899769  0.00207509
        1145    0.867415    0.899741  0.00207347
        1146    0.860587    0.899707  0.00207195
        1147    0.853694    0.899667  0.00207053
        1148    0.847483    0.899621  0.00206922
        1149    0.842557    0.899571  0.00206802
        1150    0.839427    0.899519  0.00206688
        1151    0.838452    0.899466  0.00206577
        1152    0.839838    0.899414  0.00206462
        1153    0.843628    0.899366   0.0020634
        1154     0.84953    0.899323  0.00206206
        1155    0.856854    0.899286   0.0020606
        1156     0.86465    0.899256  0.00205904
        1157    0.871954    0.899232  0.00205739
        1158    0.878177    0.899214   0.0020557
        1159    0.883127      0.8992  0.00205397
        1160    0.886963     0.89919  0.00205223
        1161    0.890058    0.899182  0.00205047
        1162    0.892877    0.899177  0.00204872
        1163    0.895938    0.899174  0.00204696
        1164    0.899778    0.899174   0.0020452
        1165    0.904782    0.899179  0.00204345
        1166    0.911017    0.899189  0.00204172
        1167    0.918091    0.899205  0.00204004
        1168    0.924965    0.899227  0.00203841
        1169    0.930085    0.899254  0.00203684
        1170    0.931738    0.899282  0.00203528
        1171    0.928668    0.899307   0.0020337
        1172     0.92059    0.899325  0.00203205
        1173    0.908582    0.899333  0.00203033
        1174    0.894815    0.899329   0.0020286
        1175    0.882031    0.899314  0.00202693
        1176    0.872744    0.899292  0.00202533
        1177    0.868491    0.899265  0.00202378
        1178    0.869247     0.89924  0.00202222
        1179    0.873325    0.899218  0.00202063
        1180    0.877857      0.8992    0.002019
        1181    0.879994    0.899184  0.00201735
        1182    0.878092    0.899166  0.00201573
        1183    0.872427    0.899143  0.00201415
        1184    0.864915    0.899114  0.00201265
        1185    0.858219     0.89908  0.00201125
        1186    0.854547    0.899042  0.00200991
        1187    0.854728    0.899005  0.00200856
        1188    0.858088     0.89897  0.00200716
        1189    0.862952     0.89894  0.00200571
        1190    0.867548    0.898914  0.00200419
        1191    0.870715     0.89889  0.00200265
        1192    0.872166    0.898868   0.0020011
        1193    0.872363    0.898845  0.00199954
        1194    0.872183    0.898823  0.00199799
        1195    0.872413    0.898801  0.00199644
        1196    0.873515     0.89878  0.00199488
        1197    0.875531     0.89876  0.00199331
        1198    0.878232    0.898743  0.00199172
        1199    0.881219    0.898729  0.00199011
        1200    0.883923    0.898716  0.00198849
        1201    0.885598    0.898705  0.00198687
        1202    0.885256    0.898694  0.00198525
        1203     0.88183     0.89868  0.00198365
        1204    0.874431     0.89866   0.0019821
        1205    0.862696     0.89863  0.00198068
        1206    0.847052    0.898587   0.0019795
        1207    0.828893     0.89853   0.0019787
        1208    0.810654    0.898457   0.0019784
        1209    0.795453    0.898372   0.0019786
        1210    0.786199    0.898279  0.00197913
        1211      0.7845    0.898185  0.00197973
        1212    0.790259    0.898096   0.0019801
        1213    0.801987    0.898017  0.00198005
        1214    0.817468    0.897951  0.00197953
        1215    0.834558    0.897898  0.00197859
        1216    0.851492     0.89786  0.00197733
        1217    0.867067    0.897835  0.00197587
        1218    0.880643    0.897821  0.00197429
        1219     0.89201    0.897816  0.00197268
        1220    0.901282    0.897819  0.00197106
        1221    0.908778    0.897828  0.00196947
        1222     0.91503    0.897842  0.00196791
        1223    0.920611    0.897861  0.00196639
        1224    0.926018    0.897884  0.00196492
        1225    0.931597    0.897911  0.00196351
        1226    0.937479    0.897943  0.00196217
        1227    0.943468     0.89798  0.00196092
        1228    0.949078    0.898022  0.00195977
        1229    0.953563    0.898067  0.00195869
        1230    0.956206    0.898114  0.00195767
        1231    0.956618    0.898162  0.00195666
        1232    0.954991    0.898208  0.00195561
        1233    0.952069    0.898252  0.00195451
        1234    0.948858    0.898293  0.00195336
        1235    0.946266    0.898332  0.00195216
        1236    0.944742    0.898369  0.00195095
        1237    0.944199    0.898406  0.00194972
        1238    0.944073    0.898443  0.00194849
        1239    0.943529     0.89848  0.00194726
        1240    0.941774    0.898514    0.001946
        1241     0.93842    0.898547   0.0019447
        1242    0.933611    0.898575  0.00194334
        1243    0.928226    0.898599  0.00194192
        1244    0.923432    0.898619  0.00194047
        1245    0.920358    0.898636  0.00193899
        1246    0.919636    0.898653   0.0019375
        1247     0.92126    0.898671  0.00193603
        1248    0.924769    0.898692  0.00193459
        1249    0.929447    0.898717   0.0019332
        1250    0.934473    0.898745  0.00193187
        1251    0.939003    0.898777  0.00193059
        1252    0.942213    0.898812  0.00192936
        1253    0.943564    0.898848  0.00192815
        1254    0.943132    0.898883  0.00192694
        1255    0.941715    0.898917   0.0019257
        1256    0.940602     0.89895  0.00192446
        1257     0.94084    0.898984  0.00192321
        1258    0.942611    0.899018    0.001922
        1259    0.944947    0.899055  0.00192082
        1260    0.946229    0.899092  0.00191966
        1261    0.944864    0.899129  0.00191848
        1262    0.939882    0.899161  0.00191723
        1263     0.93129    0.899186  0.00191588
        1264    0.920142    0.899203  0.00191444
        1265    0.908085     0.89921  0.00191294
        1266    0.896581    0.899208  0.00191143
        1267    0.886232    0.899198  0.00190995
        1268    0.876882     0.89918  0.00190852
        1269    0.868154    0.899156  0.00190717
        1270    0.859867    0.899125  0.00190592
        1271    0.852253    0.899088  0.00190478
        1272    0.845888    0.899046  0.00190374
        1273    0.841712    0.899001  0.00190278
        1274    0.840754    0.898955  0.00190183
        1275    0.843824    0.898912  0.00190083
        1276    0.851221    0.898875  0.00189971
        1277    0.862575    0.898846  0.00189844
        1278    0.876963    0.898829  0.00189703
        1279    0.893044    0.898825  0.00189555
        1280    0.909365    0.898833  0.00189409
        1281    0.924561    0.898853  0.00189272
        1282    0.937598    0.898883  0.00189148
        1283    0.947829    0.898921  0.00189039
        1284    0.954913    0.898965  0.00188942
        1285    0.958578    0.899011  0.00188852
        1286    0.958592    0.899058  0.00188762
        1287    0.954799    0.899101  0.00188665
        1288    0.947337    0.899138  0.00188556
        1289    0.936831    0.899168  0.00188432
        1290     0.92473    0.899187  0.00188296
        1291    0.913269    0.899198  0.00188154
        1292     0.90479    0.899203  0.00188009
        1293    0.900798    0.899204  0.00187863
        1294    0.901393    0.899206  0.00187718
        1295    0.905344     0.89921  0.00187574
        1296    0.910637    0.899219  0.00187431
        1297    0.915212    0.899231  0.00187291
        1298    0.917609    0.899246  0.00187152
        1299    0.917209    0.899259  0.00187013
        1300    0.914159    0.899271  0.00186872
        1301    0.909042    0.899278   0.0018673
        1302     0.90252    0.899281  0.00186587
        1303    0.895036    0.899278  0.00186444
        1304    0.886679    0.899268  0.00186304
        1305    0.877561    0.899251  0.00186168
        1306    0.868201    0.899228  0.00186041
        1307    0.859847    0.899197  0.00185923
        1308    0.854158    0.899163  0.00185813
        1309    0.852834    0.899128  0.00185705
        1310    0.856945    0.899095  0.00185591
        1311    0.866622    0.899071  0.00185466
        1312    0.880859    0.899057   0.0018533
        1313    0.897674    0.899056  0.00185188
        1314    0.914555    0.899068  0.00185051
        1315    0.929099     0.89909  0.00184925
        1316    0.939552    0.899121   0.0018481
        1317    0.945124    0.899156  0.00184702
        1318     0.94608    0.899192  0.00184596
        1319    0.943491    0.899225  0.00184487
        1320    0.938996    0.899255  0.00184372
        1321    0.934293    0.899282  0.00184251
        1322    0.930597    0.899306  0.00184127
        1323    0.928281    0.899327  0.00184001
        1324    0.926737    0.899348  0.00183874
        1325     0.92484    0.899367  0.00183745
        1326    0.921633    0.899384  0.00183614
        1327    0.916794    0.899397  0.00183481
        1328    0.910761    0.899406  0.00183344
        1329     0.90444     0.89941  0.00183207
        1330    0.898656    0.899409  0.00183069
        1331    0.893616    0.899405  0.00182932
        1332    0.888871    0.899397  0.00182796
        1333    0.883792    0.899385  0.00182663
        1334    0.878058    0.899369  0.00182533
        1335      0.8719    0.899349  0.00182408
        1336    0.865829    0.899323  0.00182289
        1337    0.860247    0.899294  0.00182176
        1338    0.855501    0.899262  0.00182069
        1339      0.8523    0.899226  0.00181967
        1340    0.851768    0.899191  0.00181865
        1341    0.854643    0.899158   0.0018176
        1342    0.860489    0.899129  0.00181648
        1343    0.867763    0.899106  0.00181527
        1344    0.874738    0.899088  0.00181401
        1345    0.880334    0.899074  0.00181272
        1346    0.884165    0.899062  0.00181141
        1347    0.886134    0.899053  0.00181009
        1348    0.886151    0.899043  0.00180877
        1349    0.884154    0.899032  0.00180746
        1350     0.88034    0.899018  0.00180618
        1351    0.875379    0.899001  0.00180492
        1352    0.870396     0.89898  0.00180371
        1353     0.86684    0.898956  0.00180254
        1354    0.866172    0.898932  0.00180137
        1355    0.869362     0.89891  0.00180017
        1356    0.876287    0.898893  0.00179892
        1357    0.885403    0.898883  0.00179762
        1358    0.894304     0.89888   0.0017963
        1359    0.900751    0.898881  0.00179498
        1360    0.903508    0.898885  0.00179366
        1361    0.902593    0.898887  0.00179235
        1362    0.899283    0.898888  0.00179103
        1363    0.895713    0.898885  0.00178972
        1364    0.893973    0.898882  0.00178841
        1365    0.895101    0.898879   0.0017871
        1366    0.898615    0.898879  0.00178579
        1367    0.903211    0.898882  0.00178449
        1368    0.907661    0.898888   0.0017832
        1369    0.911358    0.898898  0.00178192
        1370    0.914171    0.898909  0.00178065
        1371    0.916063    0.898921   0.0017794
        1372    0.916852    0.898934  0.00177815
        1373    0.916254    0.898947   0.0017769
        1374    0.914179    0.898958  0.00177564
        1375    0.910775    0.898967  0.00177437
        1376    0.906468    0.898972  0.00177309
        1377    0.901784    0.898974   0.0017718
        1378    0.897229    0.898973  0.00177052
        1379    0.893151    0.898969  0.00176924
        1380    0.889731    0.898962  0.00176797
        1381    0.886943    0.898953  0.00176671
        1382    0.884452    0.898943  0.00176546
        1383    0.881721     0.89893  0.00176423
        1384    0.878383    0.898915  0.00176302
        1385    0.874623    0.898898  0.00176183
        1386    0.871385    0.898878  0.00176067
        1387    0.870055    0.898857  0.00175952
        1388    0.871734    0.898838  0.00175837
        1389    0.876744    0.898822  0.00175717
        1390    0.884432    0.898811  0.00175594
        1391    0.893449    0.898808  0.00175468
        1392    0.902258     0.89881  0.00175342
        1393    0.909491    0.898818  0.00175218
        1394     0.91431    0.898829  0.00175096
        1395    0.916423    0.898841  0.00174975
        1396    0.916091    0.898854  0.00174854
        1397    0.914148    0.898865  0.00174732
        1398     0.91208    0.898874   0.0017461
        1399    0.911721    0.898883  0.00174487
        1400    0.914436    0.898895  0.00174366
        1401    0.920233     0.89891  0.00174248
        1402    0.927646     0.89893  0.00174136
        1403    0.934599    0.898956  0.00174031
        1404    0.939483    0.898985  0.00173931
        1405    0.941728    0.899015  0.00173833
        1406    0.941615    0.899045  0.00173736
        1407    0.939747    0.899074  0.00173637
        1408    0.936458    0.899101  0.00173534
        1409    0.931776    0.899124  0.00173426
        1410    0.925735    0.899143  0.00173313
        1411    0.918829    0.899157  0.00173196
        1412    0.912199    0.899166  0.00173076
        1413    0.907313    0.899172  0.00172954
        1414    0.905242    0.899176  0.00172833
        1415    0.906147    0.899181  0.00172711
        1416    0.909367    0.899188  0.00172591
        1417    0.913879    0.899199  0.00172472
        1418    0.918806    0.899212  0.00172356
        1419    0.923671     0.89923  0.00172243
        1420     0.92821     0.89925  0.00172134
        1421    0.932328    0.899273  0.00172028
        1422    0.935848    0.899299  0.00171927
        1423    0.938398    0.899326  0.00171828
        1424    0.939369    0.899355   0.0017173
        1425    0.938084    0.899382  0.00171631
        1426    0.934047    0.899406  0.00171528
        1427    0.927141    0.899426  0.00171419
        1428    0.917657    0.899438  0.00171304
        1429    0.906209    0.899443  0.00171184
        1430     0.89353    0.899439  0.00171065
        1431    0.880292    0.899426  0.00170951
        1432    0.867176    0.899403  0.00170846
        1433    0.854913    0.899372  0.00170755
        1434    0.844354    0.899334  0.00170679
        1435    0.836399     0.89929  0.00170617
        1436      0.8318    0.899243  0.00170563
        1437    0.830915    0.899195   0.0017051
        1438    0.833657     0.89915  0.00170452
        1439    0.839505    0.899108  0.00170384
        1440    0.847641    0.899072  0.00170304
        1441    0.857213    0.899043   0.0017021
        1442    0.867526    0.899022  0.00170106
        1443    0.878152    0.899007  0.00169994
        1444    0.888686       0.899  0.00169878
        1445    0.898546       0.899  0.00169761
        1446     0.90688    0.899005  0.00169644
        1447    0.912598    0.899014  0.00169529
        1448    0.914654    0.899025  0.00169416
        1449    0.912228    0.899034  0.00169301
        1450    0.904883    0.899038  0.00169185
        1451    0.892753    0.899034  0.00169069
        1452    0.876799    0.899019   0.0016896
        1453    0.858874    0.898991  0.00168866
        1454    0.841603    0.898952  0.00168796
        1455    0.827976    0.898903   0.0016875
        1456    0.820493    0.898849   0.0016872
        1457    0.820367    0.898795   0.0016869
        1458    0.827063    0.898746  0.00168646
        1459    0.838465    0.898705  0.00168581
        1460    0.851453    0.898672  0.00168497
        1461    0.862742    0.898648    0.001684
        1462    0.869535    0.898628  0.00168296
        1463    0.869874    0.898608  0.00168193
        1464     0.86274    0.898584  0.00168096
        1465    0.848338    0.898549  0.00168016
        1466    0.828439    0.898501  0.00167969
        1467    0.806812    0.898439  0.00167971
        1468    0.789102    0.898364  0.00168022
        1469    0.781335    0.898285  0.00168096
        1470    0.787081    0.898209  0.00168152
        1471    0.805206    0.898146  0.00168156
        1472    0.830358      0.8981  0.00168105
        1473    0.855903    0.898071  0.00168015
        1474    0.876926    0.898057  0.00167908
        1475    0.891373    0.898052  0.00167794
        1476    0.899763    0.898054  0.00167681
        1477    0.904283    0.898058  0.00167568
        1478    0.907723    0.898064  0.00167456
        1479    0.912444    0.898074  0.00167345
        1480    0.919441    0.898088  0.00167238
        1481    0.928196    0.898109  0.00167138
        1482    0.937171    0.898135  0.00167046
        1483    0.944553    0.898166  0.00166963
        1484    0.948921    0.898201  0.00166885
        1485    0.949515    0.898235  0.00166808
        1486    0.946369    0.898268  0.00166728
        1487    0.940331    0.898296   0.0016664
        1488    0.932825    0.898319  0.00166544
        1489    0.925237    0.898337  0.00166442
        1490    0.918251    0.898351  0.00166335
        1491     0.91178     0.89836  0.00166226
        1492    0.905447    0.898364  0.00166115
        1493    0.899337    0.898365  0.00166004
        1494    0.894134    0.898362  0.00165893
        1495    0.890827    0.898357  0.00165783
        1496    0.890059    0.898352  0.00165673
        1497    0.891692    0.898347  0.00165563
        1498    0.894719    0.898345  0.00165453
        1499    0.897822    0.898344  0.00165342
        1500    0.899931    0.898345  0.00165232
