#     BLOCK:   ACTUAL_TE:    TE_AVE:      ERROR:
           1    -3.37948    -3.37948           0
           2    -3.37893     -3.3792 0.000194089
           3    -3.37814    -3.37885 0.000315934
           4    -3.37608    -3.37816  0.00064432
           5    -3.37308    -3.37714  0.00104429
           6    -3.36867    -3.37573  0.00155548
           7     -3.3635    -3.37398  0.00209647
           8    -3.35918    -3.37213  0.00252247
           9    -3.35393    -3.37011  0.00294368
          10    -3.35131    -3.36823  0.00319383
          11     -3.3491    -3.36649  0.00334374
          12    -3.34804    -3.36495  0.00340015
          13     -3.3477    -3.36363  0.00338784
          14    -3.34857    -3.36255  0.00331205
          15    -3.34989    -3.36171  0.00319706
          16    -3.35238    -3.36112   0.0030499
          17    -3.35525    -3.36078  0.00288999
          18    -3.35854    -3.36065  0.00273212
          19    -3.36278    -3.36076  0.00259061
          20    -3.36567    -3.36101  0.00247265
          21    -3.36819    -3.36135  0.00237841
          22    -3.36961    -3.36173  0.00229973
          23    -3.37083    -3.36212  0.00223356
          24    -3.37074    -3.36248  0.00216918
          25     -3.3705     -3.3628  0.00210597
          26    -3.37062     -3.3631  0.00204634
          27    -3.37044    -3.36338  0.00198851
          28    -3.36972     -3.3636  0.00193036
          29    -3.36981    -3.36382  0.00187564
          30    -3.36952    -3.36401  0.00182274
          31    -3.36959    -3.36419  0.00177283
          32     -3.3695    -3.36435   0.0017252
          33    -3.37063    -3.36454  0.00168337
          34    -3.37182    -3.36476  0.00164741
          35    -3.37168    -3.36495  0.00161216
          36    -3.37138    -3.36513  0.00157724
          37    -3.37018    -3.36527  0.00154049
          38    -3.36881    -3.36536  0.00150276
          39    -3.36751    -3.36542  0.00146524
          40    -3.36666    -3.36545  0.00142893
          41    -3.36692    -3.36548  0.00139453
          42    -3.36683    -3.36552   0.0013617
          43    -3.36679    -3.36555  0.00133035
          44    -3.36713    -3.36558   0.0013006
          45    -3.36728    -3.36562  0.00127225
          46    -3.36816    -3.36568  0.00124579
          47    -3.36847    -3.36573   0.0012207
          48    -3.36921    -3.36581  0.00119742
          49    -3.36961    -3.36588  0.00117549
          50    -3.36965    -3.36596  0.00115439
          51     -3.3686    -3.36601  0.00113292
          52    -3.36858    -3.36606  0.00111221
          53    -3.36765    -3.36609  0.00109162
          54    -3.36712    -3.36611  0.00107157
          55    -3.36663    -3.36612  0.00105213
          56    -3.36581    -3.36611  0.00103336
          57    -3.36616    -3.36611  0.00101523
          58    -3.36547     -3.3661 0.000997786
          59    -3.36503    -3.36609  0.00098104
          60    -3.36437    -3.36606 0.000965107
          61    -3.36355    -3.36602 0.000950162
          62    -3.36288    -3.36597 0.000936179
          63      -3.362     -3.3659 0.000923434
          64    -3.36215    -3.36584 0.000910861
          65    -3.36178    -3.36578 0.000898991
          66    -3.36183    -3.36572 0.000887363
          67    -3.36214    -3.36567 0.000875725
          68    -3.36115     -3.3656 0.000865365
          69    -3.36096    -3.36553 0.000855438
          70    -3.36111    -3.36547 0.000845544
          71    -3.36199    -3.36542 0.000835057
          72    -3.36268    -3.36538 0.000824326
          73     -3.3627    -3.36535 0.000813857
          74    -3.36319    -3.36532 0.000803378
          75    -3.36246    -3.36528 0.000793572
          76    -3.36177    -3.36523 0.000784472
          77    -3.36147    -3.36518 0.000775806
          78    -3.36038    -3.36512 0.000768297
          79    -3.36039    -3.36506 0.000760901
          80    -3.35992      -3.365   0.0007541
          81    -3.35953    -3.36493 0.000747803
          82    -3.35914    -3.36486 0.000742007
          83    -3.35855    -3.36479 0.000736949
          84    -3.35965    -3.36472 0.000730709
          85    -3.36071    -3.36468 0.000723637
          86    -3.36138    -3.36464 0.000716234
          87    -3.36197    -3.36461 0.000708656
          88    -3.36235    -3.36458 0.000701068
          89    -3.36157    -3.36455 0.000694009
          90    -3.36055     -3.3645  0.00068772
          91     -3.3592    -3.36445 0.000682624
          92    -3.35845    -3.36438 0.000678306
          93    -3.35845    -3.36432 0.000673999
          94    -3.35835    -3.36425 0.000669815
          95    -3.35863    -3.36419 0.000665374
          96    -3.35808    -3.36413  0.00066148
          97    -3.35821    -3.36407 0.000657473
          98      -3.358    -3.36401 0.000653677
          99    -3.35801    -3.36395 0.000649874
         100     -3.3584    -3.36389 0.000645737
         101    -3.35799    -3.36383 0.000641984
         102     -3.3582    -3.36378 0.000638061
         103    -3.35785    -3.36372 0.000634452
         104    -3.35764    -3.36366 0.000631036
         105    -3.35869    -3.36361 0.000626797
         106     -3.3583    -3.36356 0.000622888
         107    -3.35798    -3.36351  0.00061925
         108    -3.35823    -3.36346 0.000615444
         109    -3.35898    -3.36342 0.000611169
         110    -3.35938    -3.36339 0.000606717
         111     -3.3603    -3.36336 0.000601887
         112     -3.3615    -3.36334  0.00059674
         113    -3.36125    -3.36332 0.000591747
         114    -3.36182    -3.36331 0.000586703
         115    -3.36344    -3.36331 0.000581602
         116    -3.36388    -3.36332 0.000576609
         117    -3.36463    -3.36333  0.00057179
         118    -3.36548    -3.36334 0.000567236
         119    -3.36617    -3.36337 0.000562967
         120    -3.36628    -3.36339 0.000558797
         121    -3.36628    -3.36342 0.000554688
         122    -3.36585    -3.36344 0.000550499
         123    -3.36477    -3.36345  0.00054613
         124    -3.36363    -3.36345 0.000541728
         125    -3.36406    -3.36345 0.000537416
         126    -3.36381    -3.36346 0.000533158
         127    -3.36415    -3.36346 0.000528988
         128    -3.36443    -3.36347 0.000524909
         129    -3.36412    -3.36347 0.000520864
         130    -3.36396    -3.36348 0.000516871
         131    -3.36428    -3.36348 0.000512961
         132    -3.36362    -3.36349 0.000509076
         133    -3.36291    -3.36348 0.000505267
         134    -3.36305    -3.36348 0.000501507
         135     -3.3626    -3.36347 0.000497834
         136    -3.36167    -3.36346  0.00049435
         137    -3.36201    -3.36345 0.000490855
         138    -3.36255    -3.36344  0.00048734
         139    -3.36318    -3.36344 0.000483838
         140    -3.36295    -3.36344 0.000480394
         141    -3.36264    -3.36343 0.000477021
         142    -3.36326    -3.36343 0.000473663
         143    -3.36283    -3.36342 0.000470369
         144    -3.36318    -3.36342 0.000467106
         145    -3.36351    -3.36342 0.000463885
         146    -3.36363    -3.36342  0.00046071
         147    -3.36315    -3.36342 0.000457579
         148    -3.36319    -3.36342  0.00045449
         149    -3.36376    -3.36342 0.000451446
         150    -3.36358    -3.36342 0.000448437
         151    -3.36467    -3.36343 0.000445543
         152    -3.36583    -3.36345  0.00044289
         153    -3.36643    -3.36347 0.000440425
         154    -3.36576    -3.36348 0.000437817
         155    -3.36532     -3.3635 0.000435153
         156    -3.36539    -3.36351 0.000432533
         157    -3.36498    -3.36352 0.000429879
         158    -3.36457    -3.36352  0.00042721
         159    -3.36405    -3.36353 0.000424536
         160    -3.36385    -3.36353 0.000421887
         161    -3.36392    -3.36353 0.000419274
         162    -3.36382    -3.36353 0.000416689
         163    -3.36399    -3.36354 0.000414142
         164    -3.36449    -3.36354 0.000411658
         165    -3.36387    -3.36354 0.000409168
         166    -3.36377    -3.36354 0.000406706
         167    -3.36393    -3.36355 0.000404277
         168    -3.36542    -3.36356 0.000402024
         169    -3.36499    -3.36357 0.000399735
         170     -3.3642    -3.36357   0.0003974
         171    -3.36304    -3.36357 0.000395089
         172    -3.36365    -3.36357 0.000392792
         173    -3.36424    -3.36357 0.000390541
         174    -3.36396    -3.36357 0.000388303
         175    -3.36386    -3.36358 0.000386087
         176    -3.36278    -3.36357  0.00038392
         177    -3.36161    -3.36356 0.000381911
         178    -3.36046    -3.36354 0.000380162
         179    -3.36054    -3.36353 0.000378407
         180     -3.3602    -3.36351 0.000376755
         181     -3.3597    -3.36349 0.000375259
         182    -3.35918    -3.36346 0.000373942
         183    -3.35869    -3.36344 0.000372807
         184    -3.35815    -3.36341 0.000371886
         185    -3.35697    -3.36337   0.0003715
         186    -3.35641    -3.36334 0.000371386
         187    -3.35597     -3.3633  0.00037148
         188    -3.35675    -3.36326 0.000371134
         189    -3.35911    -3.36324 0.000369819
         190    -3.36107    -3.36323 0.000368049
         191    -3.36302    -3.36323 0.000366123
         192    -3.36469    -3.36323 0.000364296
         193    -3.36569    -3.36325 0.000362631
         194    -3.36577    -3.36326 0.000360995
         195    -3.36587    -3.36327 0.000359391
         196     -3.3666    -3.36329 0.000357958
         197    -3.36719    -3.36331 0.000356689
         198    -3.36623    -3.36333 0.000355191
         199    -3.36501    -3.36333 0.000353507
         200    -3.36362    -3.36334 0.000351743
         201    -3.36183    -3.36333 0.000350073
         202    -3.36027    -3.36331 0.000348666
         203    -3.35955    -3.36329 0.000347439
         204    -3.35907    -3.36327 0.000346354
         205    -3.35822    -3.36325 0.000345539
         206    -3.35784    -3.36322 0.000344857
         207    -3.35683    -3.36319 0.000344572
         208    -3.35763    -3.36316 0.000343952
         209    -3.35869    -3.36314 0.000342973
         210     -3.3595    -3.36313 0.000341779
         211    -3.36058    -3.36311 0.000340372
         212     -3.3627    -3.36311 0.000338772
         213    -3.36397    -3.36312 0.000337206
         214     -3.3642    -3.36312 0.000335668
         215    -3.36433    -3.36313 0.000334154
         216    -3.36528    -3.36314 0.000332755
         217    -3.36484    -3.36314 0.000331314
         218    -3.36337    -3.36315 0.000329796
         219    -3.36288    -3.36314 0.000328292
         220    -3.36241    -3.36314 0.000326817
         221    -3.36137    -3.36313 0.000325437
         222    -3.36119    -3.36312 0.000324088
         223    -3.36074    -3.36311 0.000322811
         224    -3.36046     -3.3631 0.000321587
         225     -3.3608    -3.36309 0.000320321
         226    -3.35994    -3.36308 0.000319207
         227    -3.36002    -3.36306 0.000318084
         228    -3.36022    -3.36305 0.000316934
         229    -3.36065    -3.36304 0.000315722
         230    -3.36093    -3.36303 0.000314482
         231    -3.36195    -3.36303 0.000313156
         232    -3.36203    -3.36302 0.000311836
         233    -3.36155    -3.36302 0.000310562
         234    -3.36275    -3.36302 0.000309237
         235    -3.36333    -3.36302 0.000307924
         236    -3.36411    -3.36302 0.000306654
         237    -3.36404    -3.36303 0.000305391
         238    -3.36324    -3.36303 0.000304109
         239    -3.36365    -3.36303 0.000302847
         240    -3.36381    -3.36303 0.000301603
         241    -3.36374    -3.36304 0.000300366
         242    -3.36443    -3.36304  0.00029918
         243    -3.36476    -3.36305 0.000298032
         244    -3.36482    -3.36306 0.000296899
         245    -3.36407    -3.36306 0.000295716
         246    -3.36523    -3.36307 0.000294646
         247    -3.36519    -3.36308 0.000293578
         248    -3.36513    -3.36309 0.000292512
         249    -3.36468    -3.36309 0.000291407
         250    -3.36335    -3.36309 0.000290243
         251    -3.36316    -3.36309 0.000289087
         252    -3.36275    -3.36309 0.000287943
         253    -3.36153    -3.36309 0.000286871
         254    -3.36131    -3.36308 0.000285827
         255    -3.36223    -3.36308 0.000284726
         256    -3.36183    -3.36307 0.000283655
         257      -3.361    -3.36306 0.000282666
         258    -3.36152    -3.36306 0.000281634
         259    -3.36245    -3.36305 0.000280556
         260    -3.36377    -3.36306  0.00027949
         261    -3.36483    -3.36306 0.000278502
         262    -3.36533    -3.36307 0.000277573
         263    -3.36523    -3.36308 0.000276639
         264    -3.36573    -3.36309 0.000275774
         265    -3.36592     -3.3631  0.00027494
         266    -3.36559    -3.36311 0.000274065
         267    -3.36559    -3.36312 0.000273196
         268    -3.36608    -3.36313   0.0002724
         269    -3.36484    -3.36314 0.000271461
         270    -3.36517    -3.36314  0.00027056
         271    -3.36511    -3.36315 0.000269659
         272    -3.36546    -3.36316 0.000268801
         273    -3.36614    -3.36317 0.000268038
         274    -3.36654    -3.36318 0.000267341
         275    -3.36767     -3.3632 0.000266867
         276    -3.36853    -3.36322 0.000266598
         277    -3.36878    -3.36324 0.000266391
         278    -3.36865    -3.36326 0.000266142
         279    -3.36776    -3.36327 0.000265676
         280    -3.36587    -3.36328 0.000264889
         281    -3.36492    -3.36329  0.00026401
         282    -3.36344    -3.36329 0.000263075
         283    -3.36235    -3.36329 0.000262166
         284    -3.36076    -3.36328 0.000261394
         285    -3.35997    -3.36327 0.000260734
         286    -3.36006    -3.36326 0.000260063
         287    -3.36089    -3.36325 0.000259287
         288    -3.36189    -3.36324  0.00025843
         289    -3.36225    -3.36324 0.000257558
         290    -3.36292    -3.36324 0.000256672
         291    -3.36446    -3.36324 0.000255825
         292    -3.36427    -3.36325 0.000254973
         293    -3.36413    -3.36325  0.00025412
         294    -3.36354    -3.36325 0.000253258
         295     -3.3638    -3.36325 0.000252407
         296    -3.36268    -3.36325 0.000251561
         297    -3.36082    -3.36324 0.000250848
         298    -3.36013    -3.36323 0.000250223
         299    -3.36108    -3.36322  0.00024949
         300    -3.36172    -3.36322 0.000248708
         301     -3.3625    -3.36322 0.000247894
         302    -3.36294    -3.36322 0.000247074
         303     -3.3633    -3.36322 0.000246259
         304    -3.36338    -3.36322  0.00024545
         305    -3.36258    -3.36321 0.000244654
         306    -3.36215    -3.36321 0.000243879
         307    -3.36134     -3.3632 0.000243161
         308    -3.36101     -3.3632 0.000242475
         309    -3.36113    -3.36319 0.000241783
         310    -3.36139    -3.36318 0.000241074
         311    -3.36188    -3.36318 0.000240335
         312    -3.36235    -3.36318 0.000239579
         313    -3.36331    -3.36318 0.000238814
         314    -3.36336    -3.36318 0.000238054
         315    -3.36271    -3.36318 0.000237303
         316    -3.36228    -3.36317 0.000236569
         317    -3.36221    -3.36317 0.000235843
         318    -3.36252    -3.36317  0.00023511
         319    -3.36254    -3.36317 0.000234381
         320    -3.36198    -3.36316 0.000233678
         321    -3.36146    -3.36316  0.00023301
         322    -3.36049    -3.36315 0.000232433
         323     -3.3603    -3.36314 0.000231881
         324    -3.36014    -3.36313  0.00023135
         325    -3.36049    -3.36312  0.00023078
         326    -3.36071    -3.36312 0.000230191
         327     -3.3612    -3.36311 0.000229562
         328    -3.36187    -3.36311 0.000228893
         329    -3.36212     -3.3631 0.000228217
         330    -3.36146     -3.3631  0.00022758
         331    -3.36177     -3.3631 0.000226928
         332    -3.36188    -3.36309 0.000226274
         333    -3.36165    -3.36309 0.000225635
         334    -3.36167    -3.36308    0.000225
         335    -3.36161    -3.36308 0.000224371
         336     -3.3617    -3.36307 0.000223741
         337    -3.36182    -3.36307 0.000223108
         338     -3.3614    -3.36307 0.000222503
         339    -3.36152    -3.36306 0.000221894
         340    -3.36201    -3.36306 0.000221263
         341    -3.36211    -3.36306 0.000220631
         342    -3.36225    -3.36305 0.000219999
         343    -3.36215    -3.36305 0.000219373
         344    -3.36239    -3.36305 0.000218744
         345    -3.36251    -3.36305 0.000218115
         346    -3.36187    -3.36304 0.000217511
         347    -3.36049    -3.36304 0.000217009
         348    -3.35937    -3.36303 0.000216641
         349    -3.35853    -3.36301 0.000216402
         350    -3.35819      -3.363 0.000216222
         351    -3.35865    -3.36299 0.000215961
         352    -3.35884    -3.36297 0.000215669
         353    -3.35862    -3.36296 0.000215411
         354    -3.35874    -3.36295 0.000215132
         355    -3.35926    -3.36294 0.000214777
         356    -3.35915    -3.36293 0.000214438
         357    -3.35936    -3.36292 0.000214071
         358    -3.35931    -3.36291  0.00021371
         359    -3.35817     -3.3629 0.000213521
         360    -3.35838    -3.36288 0.000213296
         361    -3.35819    -3.36287 0.000213102
         362    -3.35826    -3.36286 0.000212894
         363    -3.35805    -3.36284 0.000212719
         364    -3.35741    -3.36283 0.000212658
         365    -3.35783    -3.36282 0.000212516
         366    -3.35755     -3.3628 0.000212421
         367    -3.35826    -3.36279 0.000212203
         368    -3.35799    -3.36278 0.000212027
         369    -3.35876    -3.36277 0.000211732
         370     -3.3589    -3.36275 0.000211417
         371    -3.35892    -3.36274   0.0002111
         372    -3.35894    -3.36273  0.00021078
         373    -3.35927    -3.36272  0.00021042
         374    -3.35963    -3.36272  0.00021002
         375     -3.3606    -3.36271 0.000209536
         376    -3.36087    -3.36271 0.000209036
         377    -3.36039     -3.3627 0.000208572
         378    -3.35914    -3.36269 0.000208233
         379    -3.35866    -3.36268 0.000207954
         380      -3.357    -3.36266 0.000207943
         381     -3.3564    -3.36265 0.000208047
         382    -3.35613    -3.36263 0.000208202
         383    -3.35598    -3.36261 0.000208381
         384    -3.35655     -3.3626 0.000208435
         385    -3.35681    -3.36258 0.000208435
         386    -3.35764    -3.36257 0.000208289
         387     -3.3583    -3.36256 0.000208043
         388    -3.35886    -3.36255 0.000207725
         389    -3.35841    -3.36254 0.000207464
         390    -3.35769    -3.36253 0.000207304
         391    -3.35824    -3.36252 0.000207063
         392    -3.35925    -3.36251 0.000206702
         393    -3.35912     -3.3625 0.000206356
         394    -3.35939    -3.36249 0.000205983
         395    -3.36102    -3.36249 0.000205495
         396    -3.36217    -3.36249 0.000204977
         397    -3.36238    -3.36249 0.000204461
         398    -3.36247    -3.36249 0.000203947
         399    -3.36202    -3.36249  0.00020344
         400    -3.36116    -3.36248 0.000202958
         401     -3.3607    -3.36248 0.000202501
         402    -3.35945    -3.36247 0.000202137
         403    -3.35873    -3.36246 0.000201848
         404    -3.35816    -3.36245 0.000201629
         405    -3.35826    -3.36244 0.000201396
         406    -3.35779    -3.36243 0.000201226
         407    -3.35833    -3.36242 0.000200983
         408    -3.35962    -3.36241 0.000200607
         409    -3.36089    -3.36241 0.000200152
         410    -3.36153    -3.36241 0.000199675
         411    -3.36231     -3.3624 0.000199189
         412    -3.36248    -3.36241 0.000198706
         413    -3.36297    -3.36241 0.000198229
         414    -3.36272    -3.36241 0.000197752
         415    -3.36331    -3.36241 0.000197287
         416    -3.36324    -3.36241 0.000196823
         417    -3.36402    -3.36242 0.000196389
         418      -3.364    -3.36242 0.000195956
         419    -3.36408    -3.36242 0.000195528
         420    -3.36374    -3.36243 0.000195088
         421    -3.36288    -3.36243 0.000194627
         422    -3.36135    -3.36242 0.000194183
         423    -3.36013    -3.36242   0.0001938
         424    -3.35935    -3.36241 0.000193478
         425    -3.35949    -3.36241 0.000193145
         426     -3.3597     -3.3624 0.000192795
         427    -3.36125     -3.3624 0.000192363
         428    -3.36329     -3.3624 0.000191925
         429    -3.36446     -3.3624 0.000191538
         430     -3.3643    -3.36241 0.000191143
         431    -3.36335    -3.36241 0.000190712
         432    -3.36208    -3.36241 0.000190272
         433    -3.36195    -3.36241 0.000189836
         434    -3.36123    -3.36241 0.000189418
         435    -3.36027     -3.3624 0.000189046
         436    -3.36036     -3.3624  0.00018867
         437    -3.36055    -3.36239 0.000188286
         438    -3.36043    -3.36239 0.000187909
         439    -3.36032    -3.36238  0.00018754
         440     -3.3605    -3.36238 0.000187162
         441    -3.36159    -3.36238 0.000186746
         442    -3.36317    -3.36238 0.000186333
         443     -3.3635    -3.36238 0.000185929
         444    -3.36292    -3.36238 0.000185514
         445    -3.36269    -3.36238 0.000185099
         446    -3.36334    -3.36238 0.000184696
         447    -3.36287    -3.36239 0.000184286
         448    -3.36242    -3.36239 0.000183875
         449    -3.36152    -3.36238 0.000183476
         450    -3.36089    -3.36238 0.000183098
         451    -3.36048    -3.36238  0.00018274
         452     -3.3602    -3.36237 0.000182399
         453    -3.35982    -3.36237 0.000182084
         454    -3.36034    -3.36236 0.000181737
         455    -3.36208    -3.36236 0.000181339
         456    -3.36394    -3.36236 0.000180974
         457    -3.36492    -3.36237 0.000180665
         458    -3.36482    -3.36238  0.00018035
         459    -3.36341    -3.36238 0.000179971
         460    -3.36281    -3.36238 0.000179582
         461    -3.36295    -3.36238 0.000179197
         462    -3.36279    -3.36238 0.000178811
         463    -3.36311    -3.36238 0.000178432
         464    -3.36401    -3.36239 0.000178082
         465    -3.36433    -3.36239 0.000177748
         466    -3.36475    -3.36239 0.000177439
         467    -3.36493     -3.3624 0.000177142
         468    -3.36431     -3.3624  0.00017681
         469    -3.36343    -3.36241 0.000176447
         470    -3.36309    -3.36241 0.000176077
         471    -3.36398    -3.36241 0.000175735
         472    -3.36475    -3.36242 0.000175432
         473     -3.3655    -3.36242 0.000175183
         474    -3.36589    -3.36243 0.000174966
         475    -3.36642    -3.36244 0.000174799
         476    -3.36653    -3.36245 0.000174643
         477    -3.36635    -3.36246 0.000174468
         478    -3.36533    -3.36246 0.000174207
         479    -3.36395    -3.36246 0.000173871
         480    -3.36352    -3.36247 0.000173523
         481     -3.3625    -3.36247 0.000173162
         482    -3.36201    -3.36247 0.000172805
         483    -3.36221    -3.36247 0.000172448
         484    -3.36172    -3.36246 0.000172099
         485    -3.36166    -3.36246 0.000171752
         486    -3.36049    -3.36246 0.000171446
         487    -3.36077    -3.36245 0.000171129
         488    -3.36113    -3.36245   0.0001708
         489     -3.3613    -3.36245 0.000170467
         490     -3.3618    -3.36245 0.000170124
         491    -3.36136    -3.36245 0.000169792
         492    -3.36129    -3.36244 0.000169463
         493     -3.3611    -3.36244 0.000169141
         494    -3.36153    -3.36244 0.000168809
         495     -3.3616    -3.36244 0.000168476
         496    -3.36283    -3.36244 0.000168138
         497    -3.36443    -3.36244 0.000167848
         498    -3.36559    -3.36245  0.00016763
         499    -3.36605    -3.36246 0.000167449
         500    -3.36571    -3.36246 0.000167241
         501     -3.3652    -3.36247 0.000166996
         502    -3.36547    -3.36247  0.00016677
         503    -3.36468    -3.36248 0.000166497
         504    -3.36404    -3.36248 0.000166195
         505    -3.36396    -3.36248 0.000165892
         506    -3.36283    -3.36248 0.000165566
         507    -3.36253    -3.36248 0.000165239
         508    -3.36298    -3.36249 0.000164917
         509    -3.36362    -3.36249 0.000164608
         510    -3.36531    -3.36249 0.000164378
         511    -3.36729     -3.3625 0.000164324
         512     -3.3672    -3.36251 0.000164259
         513    -3.36685    -3.36252 0.000164157
         514    -3.36603    -3.36253 0.000163979
         515    -3.36542    -3.36253 0.000163758
         516    -3.36443    -3.36254 0.000163481
         517    -3.36388    -3.36254 0.000163186
         518    -3.36322    -3.36254 0.000162876
         519    -3.36389    -3.36254 0.000162583
         520    -3.36501    -3.36255 0.000162339
         521    -3.36571    -3.36255 0.000162141
         522    -3.36546    -3.36256 0.000161926
         523    -3.36505    -3.36256 0.000161686
         524    -3.36493    -3.36257 0.000161441
         525    -3.36494    -3.36257 0.000161196
         526    -3.36418    -3.36258 0.000160919
         527    -3.36366    -3.36258 0.000160627
         528    -3.36455    -3.36258 0.000160366
         529    -3.36479    -3.36259 0.000160117
         530    -3.36438    -3.36259  0.00015985
         531    -3.36357    -3.36259  0.00015956
         532    -3.36252    -3.36259  0.00015926
         533    -3.36209    -3.36259 0.000158964
         534    -3.36224    -3.36259 0.000158668
         535    -3.36203    -3.36259 0.000158375
         536    -3.36177    -3.36259 0.000158086
         537    -3.36149    -3.36259 0.000157805
         538    -3.36218    -3.36258 0.000157514
         539    -3.36281    -3.36258 0.000157222
         540    -3.36303    -3.36259 0.000156933
         541    -3.36347    -3.36259 0.000156651
         542    -3.36357    -3.36259 0.000156373
         543    -3.36322    -3.36259 0.000156089
         544    -3.36402    -3.36259 0.000155824
         545    -3.36348    -3.36259 0.000155547
         546    -3.36287    -3.36259 0.000155263
         547    -3.36331     -3.3626 0.000154985
         548    -3.36414     -3.3626 0.000154727
         549    -3.36499     -3.3626 0.000154507
         550    -3.36473    -3.36261 0.000154275
         551    -3.36444    -3.36261 0.000154031
         552    -3.36502    -3.36262 0.000153814
         553    -3.36562    -3.36262 0.000153631
         554    -3.36607    -3.36263  0.00015348
         555    -3.36547    -3.36263 0.000153289
         556    -3.36601    -3.36264 0.000153134
         557    -3.36527    -3.36264 0.000152932
         558    -3.36414    -3.36265 0.000152681
         559    -3.36323    -3.36265 0.000152412
         560    -3.36252    -3.36265  0.00015214
         561    -3.36226    -3.36265  0.00015187
         562    -3.36254    -3.36265   0.0001516
         563    -3.36312    -3.36265 0.000151333
         564    -3.36428    -3.36265 0.000151092
         565    -3.36421    -3.36265  0.00015085
         566    -3.36492    -3.36266 0.000150637
         567    -3.36473    -3.36266 0.000150416
         568    -3.36426    -3.36266 0.000150178
         569    -3.36328    -3.36266 0.000149918
         570    -3.36234    -3.36266 0.000149656
         571    -3.36107    -3.36266  0.00014942
         572    -3.36003    -3.36266 0.000149229
         573    -3.35946    -3.36265 0.000149073
         574    -3.35934    -3.36264 0.000148924
         575     -3.3591    -3.36264 0.000148793
         576    -3.35864    -3.36263 0.000148697
         577    -3.35865    -3.36262 0.000148599
         578    -3.35914    -3.36262 0.000148464
         579    -3.35935    -3.36261 0.000148315
         580    -3.36013    -3.36261 0.000148121
         581    -3.36118    -3.36261 0.000147887
         582    -3.36159     -3.3626 0.000147643
         583    -3.36166     -3.3626 0.000147398
         584    -3.36023     -3.3626 0.000147202
         585    -3.35967    -3.36259 0.000147035
         586    -3.35974    -3.36259 0.000146865
         587    -3.35963    -3.36258 0.000146702
         588    -3.36009    -3.36258 0.000146513
         589    -3.36102    -3.36258 0.000146288
         590    -3.36226    -3.36258 0.000146041
         591    -3.36307    -3.36258 0.000145797
         592    -3.36362    -3.36258 0.000145561
         593    -3.36387    -3.36258 0.000145332
         594    -3.36379    -3.36258 0.000145101
         595    -3.36395    -3.36258 0.000144876
         596    -3.36399    -3.36259 0.000144652
         597    -3.36373    -3.36259 0.000144422
         598    -3.36375    -3.36259 0.000144194
         599    -3.36317    -3.36259 0.000143956
         600    -3.36275    -3.36259 0.000143716
         601    -3.36256    -3.36259 0.000143477
         602    -3.36273    -3.36259 0.000143239
         603    -3.36185    -3.36259 0.000143007
         604    -3.36219    -3.36259 0.000142772
         605    -3.36245    -3.36259 0.000142536
         606    -3.36284    -3.36259 0.000142301
         607      -3.363    -3.36259 0.000142068
         608    -3.36305    -3.36259 0.000141837
         609     -3.3619    -3.36259 0.000141608
         610    -3.36155    -3.36259 0.000141386
         611    -3.36234    -3.36259 0.000141156
         612    -3.36208    -3.36259 0.000140927
         613    -3.36272    -3.36259 0.000140698
         614    -3.36437    -3.36259 0.000140499
         615    -3.36487     -3.3626 0.000140319
         616    -3.36459     -3.3626 0.000140129
         617    -3.36436     -3.3626 0.000139931
         618    -3.36371     -3.3626 0.000139716
         619    -3.36415    -3.36261 0.000139512
         620     -3.3642    -3.36261 0.000139311
         621    -3.36457    -3.36261 0.000139123
         622    -3.36479    -3.36261 0.000138943
         623     -3.3653    -3.36262 0.000138787
         624    -3.36543    -3.36262 0.000138638
         625      -3.366    -3.36263 0.000138521
         626    -3.36584    -3.36263 0.000138395
         627    -3.36786    -3.36264 0.000138425
         628    -3.36905    -3.36265  0.00013858
         629    -3.36901    -3.36266 0.000138728
         630    -3.36954    -3.36267 0.000138937
         631    -3.36923    -3.36268 0.000139104
         632    -3.36874    -3.36269 0.000139213
         633    -3.36964     -3.3627 0.000139426
         634     -3.3703    -3.36272 0.000139719
         635    -3.37084    -3.36273 0.000140084
         636    -3.37083    -3.36274 0.000140441
         637    -3.37125    -3.36276 0.000140854
         638    -3.37143    -3.36277 0.000141288
         639    -3.37174    -3.36278 0.000141763
         640    -3.37219     -3.3628 0.000142302
         641    -3.37181    -3.36281 0.000142773
         642    -3.37109    -3.36282 0.000143131
         643    -3.37034    -3.36284 0.000143385
         644    -3.37069    -3.36285  0.00014368
         645    -3.37004    -3.36286 0.000143889
         646    -3.36899    -3.36287 0.000143978
         647    -3.36776    -3.36288 0.000143954
         648    -3.36691    -3.36288 0.000143867
         649     -3.3662    -3.36289 0.000143736
         650    -3.36605    -3.36289 0.000143597
         651    -3.36641     -3.3629 0.000143478
         652    -3.36676     -3.3629  0.00014338
         653    -3.36613    -3.36291 0.000143245
         654    -3.36624    -3.36291 0.000143117
         655     -3.3669    -3.36292 0.000143027
         656    -3.36699    -3.36293 0.000142944
         657    -3.36787    -3.36293 0.000142924
         658    -3.36852    -3.36294 0.000142959
         659    -3.36869    -3.36295 0.000143008
         660    -3.36824    -3.36296 0.000143016
         661    -3.36723    -3.36297 0.000142945
         662     -3.3658    -3.36297 0.000142794
         663    -3.36473    -3.36297 0.000142603
         664    -3.36556    -3.36298 0.000142441
         665    -3.36601    -3.36298   0.0001423
         666    -3.36593    -3.36299 0.000142155
         667    -3.36611    -3.36299 0.000142019
         668    -3.36604    -3.36299  0.00014188
         669    -3.36635      -3.363 0.000141757
         670    -3.36631      -3.363 0.000141631
         671    -3.36577    -3.36301  0.00014148
         672    -3.36516    -3.36301 0.000141306
         673    -3.36489    -3.36302 0.000141124
         674    -3.36364    -3.36302 0.000140917
         675    -3.36141    -3.36301 0.000140729
         676    -3.35983    -3.36301 0.000140599
         677     -3.3586      -3.363 0.000140542
         678    -3.35823      -3.363 0.000140511
         679    -3.35817    -3.36299 0.000140483
         680    -3.35834    -3.36298 0.000140443
         681    -3.35998    -3.36298 0.000140306
         682    -3.36126    -3.36297 0.000140123
         683    -3.36204    -3.36297 0.000139925
         684    -3.36135    -3.36297  0.00013974
         685    -3.36082    -3.36297 0.000139572
         686    -3.36048    -3.36296 0.000139415
         687    -3.35994    -3.36296 0.000139282
         688    -3.35846    -3.36295 0.000139233
         689    -3.35749    -3.36295 0.000139257
         690     -3.3567    -3.36294 0.000139349
         691    -3.35623    -3.36293 0.000139484
         692    -3.35584    -3.36292 0.000139658
         693     -3.3566    -3.36291 0.000139754
         694     -3.3579     -3.3629 0.000139738
         695    -3.35904    -3.36289 0.000139648
         696    -3.36113    -3.36289  0.00013947
         697    -3.36158    -3.36289 0.000139283
         698    -3.36093    -3.36289 0.000139112
         699    -3.36056    -3.36288 0.000138953
         700    -3.36005    -3.36288 0.000138813
         701    -3.35937    -3.36287 0.000138705
         702    -3.35821    -3.36287 0.000138667
         703    -3.35675    -3.36286 0.000138743
         704     -3.3557    -3.36285 0.000138917
         705    -3.35478    -3.36284 0.000139191
         706    -3.35513    -3.36283 0.000139422
         707    -3.35558    -3.36282 0.000139601
         708    -3.35665    -3.36281 0.000139676
         709    -3.35754     -3.3628 0.000139676
         710    -3.35913     -3.3628 0.000139575
         711    -3.36133    -3.36279 0.000139394
         712    -3.36294    -3.36279 0.000139198
         713    -3.36357    -3.36279 0.000139007
         714    -3.36359     -3.3628 0.000138817
         715    -3.36392     -3.3628 0.000138632
         716    -3.36395     -3.3628 0.000138447
         717    -3.36339     -3.3628 0.000138257
         718     -3.3622     -3.3628 0.000138067
         719    -3.36238     -3.3628 0.000137876
         720    -3.36209     -3.3628 0.000137688
         721    -3.36109    -3.36279 0.000137517
         722    -3.36038    -3.36279 0.000137368
         723    -3.36013    -3.36279 0.000137227
         724    -3.36048    -3.36278 0.000137074
         725    -3.36087    -3.36278 0.000136911
         726    -3.36167    -3.36278 0.000136731
         727    -3.36204    -3.36278 0.000136546
         728    -3.36308    -3.36278 0.000136359
         729    -3.36384    -3.36278  0.00013618
         730    -3.36486    -3.36278 0.000136024
         731    -3.36597    -3.36279 0.000135907
         732    -3.36577    -3.36279 0.000135783
         733    -3.36525     -3.3628 0.000135639
         734    -3.36523     -3.3628 0.000135494
         735    -3.36444     -3.3628 0.000135328
         736    -3.36374     -3.3628 0.000135151
         737    -3.36416     -3.3628  0.00013498
         738    -3.36508    -3.36281 0.000134832
         739    -3.36479    -3.36281 0.000134676
         740    -3.36423    -3.36281 0.000134508
         741    -3.36397    -3.36281 0.000134336
         742    -3.36371    -3.36281  0.00013416
         743    -3.36253    -3.36281  0.00013398
         744    -3.36053    -3.36281 0.000133835
         745    -3.35933    -3.36281 0.000133737
         746    -3.35951     -3.3628 0.000133631
         747    -3.35938     -3.3628 0.000133531
         748    -3.35912    -3.36279 0.000133443
         749    -3.35891    -3.36279 0.000133365
         750    -3.35874    -3.36278 0.000133297
         751    -3.35811    -3.36278 0.000133264
         752    -3.35658    -3.36277 0.000133342
         753    -3.35688    -3.36276 0.000133394
         754     -3.3572    -3.36275 0.000133421
         755    -3.35803    -3.36275 0.000133391
         756     -3.3592    -3.36274 0.000133297
         757    -3.36041    -3.36274 0.000133157
         758    -3.36211    -3.36274 0.000132983
         759    -3.36272    -3.36274 0.000132808
         760    -3.36225    -3.36274 0.000132635
         761    -3.36203    -3.36274 0.000132464
         762    -3.36186    -3.36273 0.000132295
         763    -3.36154    -3.36273 0.000132131
         764    -3.36151    -3.36273 0.000131968
         765    -3.36177    -3.36273 0.000131801
         766    -3.36188    -3.36273 0.000131634
         767    -3.36243    -3.36273 0.000131463
         768    -3.36388    -3.36273   0.0001313
         769    -3.36395    -3.36273 0.000131139
         770    -3.36366    -3.36273 0.000130974
         771    -3.36249    -3.36273 0.000130805
         772    -3.36269    -3.36273 0.000130635
         773    -3.36281    -3.36273 0.000130466
         774    -3.36281    -3.36273 0.000130298
         775    -3.36366    -3.36273 0.000130135
         776     -3.3648    -3.36274 0.000129995
         777    -3.36561    -3.36274  0.00012988
         778    -3.36625    -3.36275 0.000129791
         779    -3.36628    -3.36275 0.000129704
         780    -3.36615    -3.36275 0.000129611
         781    -3.36641    -3.36276  0.00012953
         782    -3.36632    -3.36276 0.000129444
         783    -3.36683    -3.36277 0.000129383
         784    -3.36771    -3.36277 0.000129371
         785    -3.36717    -3.36278 0.000129328
         786    -3.36726    -3.36279 0.000129289
         787    -3.36743    -3.36279 0.000129259
         788    -3.36794     -3.3628  0.00012926
         789    -3.36838    -3.36281 0.000129289
         790    -3.36889    -3.36281 0.000129355
         791     -3.3691    -3.36282 0.000129435
         792    -3.36829    -3.36283 0.000129455
         793    -3.36832    -3.36284 0.000129477
         794    -3.36753    -3.36284 0.000129449
         795     -3.3666    -3.36285 0.000129373
         796    -3.36613    -3.36285 0.000129276
         797    -3.36581    -3.36285 0.000129167
         798    -3.36565    -3.36286 0.000129052
         799    -3.36713    -3.36286 0.000129002
         800    -3.36698    -3.36287 0.000128943
         801    -3.36598    -3.36287 0.000128841
         802    -3.36657    -3.36288 0.000128762
         803    -3.36621    -3.36288 0.000128669
         804    -3.36566    -3.36288 0.000128555
         805    -3.36437    -3.36289 0.000128409
         806    -3.36407    -3.36289 0.000128258
         807    -3.36413    -3.36289 0.000128108
         808    -3.36424    -3.36289 0.000127961
         809    -3.36446    -3.36289 0.000127817
         810    -3.36519     -3.3629 0.000127691
         811    -3.36741     -3.3629 0.000127654
         812    -3.36934    -3.36291 0.000127743
         813    -3.37064    -3.36292  0.00012794
         814    -3.37183    -3.36293  0.00012825
         815    -3.37209    -3.36294 0.000128585
         816    -3.37209    -3.36295 0.000128915
         817    -3.37211    -3.36296 0.000129243
         818    -3.37211    -3.36297 0.000129568
         819    -3.37126    -3.36298 0.000129804
         820    -3.37045    -3.36299 0.000129965
         821    -3.36883      -3.363 0.000130001
         822    -3.36716    -3.36301 0.000129942
         823    -3.36517    -3.36301  0.00012981
         824    -3.36336    -3.36301 0.000129654
         825    -3.36278    -3.36301 0.000129497
         826    -3.36193    -3.36301 0.000129347
         827    -3.36172    -3.36301   0.0001292
         828    -3.36181      -3.363 0.000129052
         829    -3.36174      -3.363 0.000128905
         830    -3.36179      -3.363 0.000128758
         831    -3.36231      -3.363 0.000128606
         832    -3.36284      -3.363 0.000128451
         833    -3.36387      -3.363 0.000128301
         834    -3.36378      -3.363 0.000128151
         835    -3.36381      -3.363 0.000128001
         836    -3.36452      -3.363 0.000127861
         837    -3.36505    -3.36301 0.000127731
         838    -3.36544    -3.36301 0.000127612
         839    -3.36603    -3.36301 0.000127511
         840    -3.36705    -3.36302 0.000127449
         841    -3.36722    -3.36302 0.000127395
         842    -3.36708    -3.36303 0.000127335
         843    -3.36671    -3.36303 0.000127259
         844     -3.3653    -3.36304 0.000127136
         845    -3.36502    -3.36304 0.000127008
         846    -3.36356    -3.36304 0.000126859
         847    -3.36182    -3.36304 0.000126718
         848    -3.36036    -3.36303 0.000126607
         849    -3.35946    -3.36303 0.000126528
         850    -3.35987    -3.36303 0.000126434
         851    -3.35974    -3.36302 0.000126344
         852    -3.36111    -3.36302 0.000126216
         853    -3.36198    -3.36302 0.000126074
         854    -3.36224    -3.36302 0.000125929
         855    -3.36231    -3.36302 0.000125785
         856    -3.36247    -3.36302  0.00012564
         857    -3.36251    -3.36302 0.000125494
         858    -3.36225    -3.36301 0.000125351
         859    -3.36183    -3.36301 0.000125213
         860    -3.36078    -3.36301 0.000125094
         861    -3.35865    -3.36301 0.000125052
         862    -3.35641      -3.363 0.000125141
         863    -3.35573    -3.36299 0.000125279
         864    -3.35619    -3.36298 0.000125381
         865    -3.35799    -3.36298 0.000125369
         866    -3.36007    -3.36297 0.000125269
         867    -3.36174    -3.36297 0.000125132
         868    -3.36324    -3.36297 0.000124988
         869    -3.36438    -3.36297 0.000124855
         870    -3.36453    -3.36297 0.000124725
         871    -3.36353    -3.36298 0.000124583
         872    -3.36303    -3.36298  0.00012444
         873     -3.3624    -3.36297 0.000124299
         874    -3.36147    -3.36297 0.000124169
         875    -3.36017    -3.36297 0.000124069
         876     -3.3601    -3.36297  0.00012397
         877    -3.36018    -3.36296 0.000123869
         878    -3.35926    -3.36296   0.0001238
         879     -3.3586    -3.36295 0.000123758
         880    -3.35811    -3.36295  0.00012374
         881    -3.35902    -3.36294  0.00012368
         882    -3.35959    -3.36294 0.000123599
         883    -3.36055    -3.36294 0.000123488
         884    -3.36062    -3.36293 0.000123376
         885    -3.36052    -3.36293 0.000123267
         886    -3.36084    -3.36293  0.00012315
         887    -3.36124    -3.36293 0.000123026
         888    -3.36093    -3.36293 0.000122908
         889    -3.35984    -3.36292 0.000122819
         890    -3.36005    -3.36292 0.000122724
         891    -3.36117    -3.36292 0.000122602
         892    -3.36031    -3.36291 0.000122499
         893    -3.35929    -3.36291 0.000122429
         894    -3.35863    -3.36291 0.000122386
         895    -3.35797     -3.3629 0.000122373
         896    -3.35765    -3.36289 0.000122377
         897    -3.35796    -3.36289 0.000122364
         898    -3.35852    -3.36288 0.000122324
         899    -3.35889    -3.36288 0.000122268
         900    -3.36024    -3.36288 0.000122168
         901    -3.36108    -3.36287 0.000122048
         902    -3.36138    -3.36287 0.000121924
         903    -3.36028    -3.36287 0.000121823
         904     -3.3596    -3.36287 0.000121742
         905    -3.35802    -3.36286 0.000121725
         906    -3.35793    -3.36286 0.000121713
         907    -3.35664    -3.36285 0.000121771
         908     -3.3569    -3.36284 0.000121813
         909     -3.3568    -3.36284 0.000121861
         910    -3.35771    -3.36283 0.000121857
         911    -3.35901    -3.36283 0.000121795
         912     -3.3603    -3.36282 0.000121693
         913    -3.36052    -3.36282 0.000121586
         914    -3.36124    -3.36282 0.000121465
         915     -3.3625    -3.36282 0.000121333
         916     -3.3632    -3.36282 0.000121201
         917    -3.36365    -3.36282 0.000121072
         918    -3.36449    -3.36282 0.000120954
         919    -3.36574    -3.36282 0.000120864
         920    -3.36597    -3.36283 0.000120781
         921    -3.36629    -3.36283 0.000120709
         922    -3.36629    -3.36284 0.000120636
         923    -3.36664    -3.36284 0.000120576
         924    -3.36662    -3.36284 0.000120515
         925    -3.36657    -3.36285 0.000120452
         926    -3.36586    -3.36285 0.000120366
         927    -3.36513    -3.36285 0.000120261
         928     -3.3639    -3.36285 0.000120137
         929    -3.36383    -3.36286 0.000120012
         930    -3.36318    -3.36286 0.000119883
         931     -3.3637    -3.36286 0.000119758
         932    -3.36408    -3.36286 0.000119637
         933    -3.36487    -3.36286 0.000119528
         934    -3.36639    -3.36286  0.00011946
         935    -3.36815    -3.36287 0.000119466
         936    -3.36975    -3.36288 0.000119564
         937    -3.37101    -3.36289 0.000119751
         938    -3.37121    -3.36289 0.000119952
         939    -3.37091     -3.3629 0.000120127
         940    -3.37041    -3.36291 0.000120265
         941    -3.36931    -3.36292 0.000120329
         942    -3.36889    -3.36292 0.000120368
         943    -3.36813    -3.36293 0.000120367
         944    -3.36723    -3.36293 0.000120326
         945    -3.36676    -3.36294 0.000120267
         946    -3.36588    -3.36294  0.00012018
         947    -3.36457    -3.36294 0.000120065
         948    -3.36444    -3.36294 0.000119949
         949    -3.36477    -3.36295 0.000119838
         950    -3.36474    -3.36295 0.000119727
         951    -3.36484    -3.36295 0.000119617
         952    -3.36571    -3.36295 0.000119527
         953    -3.36655    -3.36296 0.000119461
         954    -3.36791    -3.36296 0.000119448
         955    -3.36802    -3.36297 0.000119441
         956     -3.3686    -3.36297 0.000119461
         957    -3.36845    -3.36298 0.000119473
         958    -3.36861    -3.36299 0.000119493
         959    -3.36859    -3.36299 0.000119511
         960    -3.36775      -3.363 0.000119489
         961    -3.36736      -3.363 0.000119451
         962    -3.36644      -3.363  0.00011938
         963    -3.36487    -3.36301 0.000119272
         964    -3.36442    -3.36301 0.000119157
         965    -3.36327    -3.36301 0.000119034
         966    -3.36184    -3.36301 0.000118917
         967    -3.35966      -3.363 0.000118844
         968    -3.35854      -3.363 0.000118811
         969      -3.358    -3.36299   0.0001188
         970    -3.35837    -3.36299 0.000118773
         971    -3.35902    -3.36298 0.000118721
         972    -3.35933    -3.36298 0.000118659
         973    -3.35898    -3.36298 0.000118608
         974    -3.35977    -3.36297 0.000118532
         975    -3.35939    -3.36297 0.000118467
         976    -3.35904    -3.36297 0.000118414
         977    -3.35929    -3.36296 0.000118353
         978    -3.36015    -3.36296 0.000118267
         979    -3.36137    -3.36296 0.000118157
         980    -3.36249    -3.36296 0.000118038
         981    -3.36218    -3.36296  0.00011792
         982    -3.36182    -3.36295 0.000117806
         983    -3.36164    -3.36295 0.000117693
         984    -3.36296    -3.36295 0.000117574
         985    -3.36384    -3.36295 0.000117458
         986    -3.36511    -3.36296 0.000117359
         987    -3.36541    -3.36296 0.000117266
         988     -3.3653    -3.36296 0.000117171
         989    -3.36548    -3.36296 0.000117081
         990    -3.36649    -3.36297 0.000117017
         991    -3.36656    -3.36297 0.000116955
         992    -3.36632    -3.36297 0.000116885
         993    -3.36544    -3.36298 0.000116794
         994    -3.36505    -3.36298 0.000116695
         995    -3.36408    -3.36298 0.000116583
         996    -3.36354    -3.36298 0.000116467
         997    -3.36384    -3.36298 0.000116354
         998    -3.36375    -3.36298  0.00011624
         999    -3.36453    -3.36298 0.000116134
        1000     -3.3651    -3.36299 0.000116037
        1001    -3.36578    -3.36299 0.000115954
        1002    -3.36589    -3.36299 0.000115875
        1003    -3.36558    -3.36299 0.000115788
        1004    -3.36573      -3.363 0.000115705
        1005    -3.36506      -3.363 0.000115608
        1006    -3.36413      -3.363 0.000115498
        1007    -3.36392      -3.363 0.000115387
        1008    -3.36506      -3.363 0.000115291
        1009    -3.36529    -3.36301 0.000115199
        1010    -3.36502    -3.36301 0.000115102
        1011     -3.3656    -3.36301 0.000115017
        1012    -3.36652    -3.36301 0.000114955
        1013    -3.36773    -3.36302 0.000114936
        1014    -3.36761    -3.36302 0.000114912
        1015    -3.36538    -3.36302 0.000114822
        1016    -3.36411    -3.36303 0.000114714
        1017    -3.36261    -3.36303 0.000114602
        1018    -3.36067    -3.36302 0.000114513
        1019    -3.35872    -3.36302 0.000114478
        1020     -3.3573    -3.36301 0.000114503
        1021    -3.35649    -3.36301 0.000114569
        1022    -3.35604      -3.363  0.00011466
        1023    -3.35659    -3.36299 0.000114719
        1024    -3.35744    -3.36299 0.000114735
        1025    -3.35798    -3.36298 0.000114727
        1026    -3.35845    -3.36298   0.0001147
        1027    -3.35866    -3.36298 0.000114665
        1028    -3.35982    -3.36297 0.000114595
        1029    -3.35924    -3.36297 0.000114541
        1030    -3.35901    -3.36296 0.000114494
        1031    -3.35867    -3.36296 0.000114458
        1032    -3.35807    -3.36296 0.000114446
        1033    -3.35784    -3.36295 0.000114442
        1034    -3.35706    -3.36294 0.000114473
        1035    -3.35628    -3.36294 0.000114543
        1036    -3.35537    -3.36293 0.000114666
        1037    -3.35493    -3.36292 0.000114815
        1038     -3.3543    -3.36292 0.000115004
        1039    -3.35363    -3.36291  0.00011524
        1040    -3.35379     -3.3629 0.000115461
        1041    -3.35425    -3.36289 0.000115649
        1042    -3.35525    -3.36288  0.00011577
        1043    -3.35639    -3.36288 0.000115826
        1044    -3.35767    -3.36287 0.000115822
        1045    -3.35915    -3.36287 0.000115766
        1046    -3.36002    -3.36286 0.000115687
        1047    -3.36029    -3.36286 0.000115603
        1048    -3.35998    -3.36286 0.000115525
        1049    -3.35966    -3.36286 0.000115455
        1050      -3.358    -3.36285 0.000115438
        1051    -3.35652    -3.36285 0.000115485
        1052    -3.35579    -3.36284  0.00011557
        1053    -3.35606    -3.36283 0.000115639
        1054    -3.35616    -3.36283 0.000115703
        1055    -3.35597    -3.36282 0.000115775
        1056    -3.35574    -3.36281  0.00011586
        1057    -3.35629    -3.36281 0.000115914
        1058    -3.35674     -3.3628 0.000115946
        1059    -3.35703     -3.3628 0.000115964
        1060    -3.35721    -3.36279 0.000115975
        1061    -3.35821    -3.36279 0.000115946
        1062    -3.35945    -3.36278 0.000115879
        1063    -3.36034    -3.36278 0.000115793
        1064    -3.36064    -3.36278 0.000115701
        1065    -3.36014    -3.36278 0.000115619
        1066    -3.35965    -3.36277 0.000115548
        1067    -3.35835    -3.36277 0.000115514
        1068    -3.35769    -3.36276 0.000115504
        1069    -3.35743    -3.36276 0.000115504
        1070    -3.35706    -3.36275 0.000115518
        1071    -3.35777    -3.36275 0.000115504
        1072    -3.35826    -3.36274 0.000115472
        1073    -3.35953    -3.36274 0.000115403
        1074    -3.36097    -3.36274 0.000115308
        1075    -3.36309    -3.36274 0.000115201
        1076    -3.36454    -3.36274 0.000115106
        1077    -3.36446    -3.36274  0.00011501
        1078    -3.36416    -3.36275 0.000114911
        1079    -3.36366    -3.36275 0.000114808
        1080     -3.3627    -3.36275 0.000114701
        1081    -3.36115    -3.36274 0.000114605
        1082    -3.36037    -3.36274  0.00011452
        1083    -3.36052    -3.36274 0.000114432
        1084    -3.36097    -3.36274 0.000114338
        1085    -3.36162    -3.36274 0.000114238
        1086    -3.36155    -3.36274 0.000114138
        1087    -3.36187    -3.36274 0.000114035
        1088    -3.36203    -3.36274 0.000113932
        1089    -3.36104    -3.36273 0.000113838
        1090    -3.35979    -3.36273 0.000113766
        1091    -3.35973    -3.36273 0.000113695
        1092    -3.35999    -3.36273 0.000113619
        1093    -3.35921    -3.36272  0.00011356
        1094     -3.3588    -3.36272 0.000113513
        1095    -3.35922    -3.36272 0.000113454
        1096    -3.36037    -3.36271 0.000113371
        1097     -3.3611    -3.36271 0.000113277
        1098    -3.36154    -3.36271 0.000113179
        1099    -3.36152    -3.36271 0.000113081
        1100    -3.36148    -3.36271 0.000112984
        1101    -3.36114    -3.36271  0.00011289
        1102    -3.36032    -3.36271 0.000112808
        1103     -3.3601     -3.3627 0.000112731
        1104    -3.35927     -3.3627 0.000112672
        1105    -3.35851     -3.3627 0.000112634
        1106    -3.35817    -3.36269 0.000112606
        1107    -3.35853    -3.36269 0.000112567
        1108    -3.35838    -3.36268 0.000112533
        1109    -3.35959    -3.36268 0.000112466
        1110    -3.36112    -3.36268 0.000112373
        1111    -3.36237    -3.36268 0.000112272
        1112    -3.36206    -3.36268 0.000112173
        1113    -3.36097    -3.36268 0.000112082
        1114    -3.36005    -3.36268 0.000112007
        1115    -3.35958    -3.36267 0.000111941
        1116    -3.35885    -3.36267 0.000111893
        1117    -3.35846    -3.36267 0.000111856
        1118    -3.35791    -3.36266 0.000111837
        1119    -3.35808    -3.36266 0.000111812
        1120    -3.35794    -3.36265 0.000111791
        1121    -3.35742    -3.36265 0.000111789
        1122    -3.35702    -3.36264 0.000111802
        1123    -3.35779    -3.36264 0.000111786
        1124    -3.35838    -3.36263 0.000111751
        1125    -3.35891    -3.36263   0.0001117
        1126    -3.35938    -3.36263 0.000111639
        1127    -3.36011    -3.36263 0.000111562
        1128    -3.36021    -3.36262 0.000111484
        1129    -3.36004    -3.36262 0.000111408
        1130    -3.35951    -3.36262 0.000111344
        1131    -3.35835    -3.36262 0.000111309
        1132    -3.35785    -3.36261 0.000111291
        1133    -3.35787    -3.36261 0.000111271
        1134    -3.35703     -3.3626 0.000111282
        1135    -3.35627     -3.3626 0.000111323
        1136     -3.3565    -3.36259 0.000111354
        1137    -3.35736    -3.36259 0.000111351
        1138    -3.35711    -3.36258 0.000111358
        1139    -3.35765    -3.36258 0.000111344
        1140    -3.35823    -3.36257 0.000111311
        1141    -3.35795    -3.36257 0.000111288
        1142    -3.35752    -3.36257 0.000111278
        1143    -3.35777    -3.36256 0.000111259
        1144    -3.35678    -3.36256 0.000111277
        1145    -3.35667    -3.36255 0.000111298
        1146    -3.35596    -3.36255  0.00011135
        1147    -3.35626    -3.36254 0.000111387
        1148     -3.3564    -3.36253 0.000111418
        1149    -3.35733    -3.36253 0.000111414
        1150    -3.35776    -3.36253 0.000111394
        1151    -3.35797    -3.36252 0.000111367
        1152    -3.35923    -3.36252 0.000111307
        1153    -3.35963    -3.36252 0.000111239
        1154    -3.36013    -3.36251 0.000111162
        1155    -3.36085    -3.36251 0.000111075
        1156    -3.36032    -3.36251 0.000110995
        1157    -3.36066    -3.36251 0.000110911
        1158    -3.36078    -3.36251 0.000110825
        1159    -3.36102    -3.36251 0.000110737
        1160    -3.36186    -3.36251 0.000110643
        1161    -3.36232    -3.36251 0.000110548
        1162    -3.36279    -3.36251 0.000110453
        1163    -3.36334    -3.36251  0.00011036
        1164    -3.36297    -3.36251 0.000110266
        1165    -3.36233    -3.36251 0.000110171
        1166    -3.36272    -3.36251 0.000110077
        1167    -3.36298    -3.36251 0.000109983
        1168    -3.36347    -3.36251 0.000109892
        1169     -3.3631    -3.36251   0.0001098
        1170    -3.36191    -3.36251 0.000109707
        1171    -3.36022    -3.36251 0.000109631
        1172    -3.36006     -3.3625 0.000109557
        1173    -3.35926     -3.3625 0.000109499
        1174     -3.3589     -3.3625 0.000109448
        1175    -3.35897     -3.3625 0.000109396
        1176    -3.35992    -3.36249 0.000109325
        1177    -3.36112    -3.36249 0.000109238
        1178    -3.36264    -3.36249 0.000109146
        1179    -3.36258    -3.36249 0.000109053
        1180    -3.36262    -3.36249 0.000108961
        1181    -3.36194    -3.36249  0.00010887
        1182    -3.36187    -3.36249 0.000108779
        1183    -3.36165    -3.36249 0.000108689
        1184    -3.36214    -3.36249 0.000108598
        1185    -3.36345    -3.36249 0.000108509
        1186    -3.36489    -3.36249 0.000108436
        1187    -3.36629     -3.3625 0.000108392
        1188    -3.36684     -3.3625 0.000108363
        1189    -3.36716     -3.3625 0.000108342
        1190    -3.36754    -3.36251 0.000108334
        1191    -3.36687    -3.36251 0.000108305
        1192    -3.36595    -3.36251 0.000108253
        1193    -3.36644    -3.36252 0.000108212
        1194    -3.36673    -3.36252 0.000108178
        1195    -3.36728    -3.36253 0.000108161
        1196    -3.36783    -3.36253 0.000108162
        1197    -3.36845    -3.36253 0.000108184
        1198    -3.36857    -3.36254 0.000108211
        1199    -3.36782    -3.36254  0.00010821
        1200    -3.36771    -3.36255 0.000108206
        1201     -3.3675    -3.36255 0.000108194
        1202    -3.36691    -3.36256 0.000108165
        1203    -3.36534    -3.36256 0.000108099
        1204    -3.36397    -3.36256 0.000108016
        1205    -3.36309    -3.36256 0.000107927
        1206    -3.36217    -3.36256 0.000107838
        1207     -3.3619    -3.36256  0.00010775
        1208    -3.36257    -3.36256 0.000107661
        1209    -3.36368    -3.36256 0.000107576
        1210    -3.36466    -3.36256 0.000107501
        1211    -3.36671    -3.36257 0.000107467
        1212     -3.3686    -3.36257 0.000107494
        1213    -3.36829    -3.36258 0.000107508
        1214    -3.36833    -3.36258 0.000107524
        1215    -3.36781    -3.36258 0.000107522
        1216    -3.36729    -3.36259 0.000107503
        1217    -3.36726    -3.36259 0.000107483
        1218    -3.36687     -3.3626 0.000107453
        1219    -3.36672     -3.3626 0.000107418
        1220    -3.36595     -3.3626 0.000107365
        1221    -3.36591     -3.3626 0.000107311
        1222    -3.36531    -3.36261 0.000107246
        1223    -3.36462    -3.36261 0.000107171
        1224    -3.36423    -3.36261 0.000107092
        1225    -3.36437    -3.36261 0.000107014
        1226    -3.36358    -3.36261  0.00010693
        1227     -3.3627    -3.36261 0.000106843
        1228    -3.36214    -3.36261 0.000106756
        1229    -3.36208    -3.36261  0.00010667
        1230    -3.36174    -3.36261 0.000106586
        1231    -3.36158    -3.36261 0.000106503
        1232    -3.36147    -3.36261  0.00010642
        1233    -3.36159    -3.36261 0.000106337
        1234    -3.36156    -3.36261 0.000106254
        1235    -3.36111    -3.36261 0.000106175
        1236    -3.36158     -3.3626 0.000106093
        1237    -3.36221     -3.3626 0.000106007
        1238    -3.36248     -3.3626 0.000105922
        1239    -3.36213     -3.3626 0.000105837
        1240    -3.36189     -3.3626 0.000105753
        1241    -3.36111     -3.3626 0.000105675
        1242    -3.36247     -3.3626  0.00010559
        1243    -3.36232     -3.3626 0.000105505
        1244    -3.36245     -3.3626  0.00010542
        1245    -3.36281     -3.3626 0.000105336
        1246    -3.36299     -3.3626 0.000105252
        1247     -3.3638     -3.3626 0.000105172
        1248    -3.36415     -3.3626 0.000105095
        1249    -3.36417    -3.36261 0.000105018
        1250     -3.3646    -3.36261 0.000104946
        1251    -3.36423    -3.36261  0.00010487
        1252    -3.36373    -3.36261  0.00010479
        1253    -3.36349    -3.36261 0.000104709
        1254     -3.3633    -3.36261 0.000104627
        1255    -3.36315    -3.36261 0.000104544
        1256    -3.36283    -3.36261 0.000104461
        1257    -3.36429    -3.36261 0.000104387
        1258    -3.36547    -3.36262 0.000104328
        1259    -3.36642    -3.36262 0.000104289
        1260    -3.36623    -3.36262 0.000104246
        1261    -3.36511    -3.36262 0.000104182
        1262    -3.36377    -3.36262 0.000104104
        1263    -3.36279    -3.36262 0.000104021
        1264    -3.36166    -3.36262 0.000103942
        1265    -3.36181    -3.36262 0.000103862
        1266    -3.36236    -3.36262  0.00010378
        1267    -3.36285    -3.36262 0.000103698
        1268    -3.36367    -3.36262 0.000103619
        1269    -3.36368    -3.36262 0.000103541
        1270    -3.36407    -3.36263 0.000103466
        1271    -3.36403    -3.36263  0.00010339
        1272    -3.36441    -3.36263 0.000103319
        1273    -3.36353    -3.36263  0.00010324
        1274    -3.36319    -3.36263  0.00010316
        1275    -3.36446    -3.36263 0.000103089
        1276     -3.3658    -3.36263 0.000103038
        1277    -3.36728    -3.36264 0.000103021
        1278    -3.36719    -3.36264 0.000103002
        1279    -3.36774    -3.36264 0.000102999
        1280    -3.36785    -3.36265 0.000102999
        1281    -3.36735    -3.36265 0.000102984
        1282    -3.36675    -3.36265 0.000102953
        1283    -3.36664    -3.36266 0.000102919
        1284    -3.36594    -3.36266 0.000102871
        1285    -3.36531    -3.36266 0.000102812
        1286    -3.36418    -3.36266 0.000102738
        1287    -3.36352    -3.36266 0.000102661
        1288    -3.36244    -3.36266 0.000102581
        1289    -3.36211    -3.36266 0.000102503
        1290    -3.36289    -3.36266 0.000102423
        1291    -3.36324    -3.36266 0.000102345
        1292     -3.3633    -3.36267 0.000102267
        1293    -3.36376    -3.36267 0.000102191
        1294     -3.3641    -3.36267 0.000102118
        1295    -3.36458    -3.36267  0.00010205
        1296    -3.36475    -3.36267 0.000101984
        1297    -3.36454    -3.36267 0.000101915
        1298    -3.36396    -3.36267 0.000101842
        1299    -3.36347    -3.36267 0.000101765
        1300    -3.36234    -3.36267 0.000101687
        1301    -3.36172    -3.36267 0.000101612
        1302    -3.36232    -3.36267 0.000101534
        1303    -3.36188    -3.36267 0.000101458
        1304    -3.36176    -3.36267 0.000101383
        1305    -3.36069    -3.36267 0.000101316
        1306    -3.36049    -3.36267 0.000101252
        1307    -3.36009    -3.36267 0.000101194
        1308    -3.36179    -3.36266 0.000101119
        1309    -3.36283    -3.36266 0.000101042
        1310    -3.36417    -3.36267 0.000100971
        1311    -3.36517    -3.36267 0.000100912
        1312    -3.36573    -3.36267 0.000100862
        1313    -3.36549    -3.36267 0.000100808
        1314    -3.36513    -3.36267 0.000100749
        1315    -3.36426    -3.36268  0.00010068
        1316    -3.36276    -3.36268 0.000100603
        1317    -3.36197    -3.36268 0.000100528
        1318     -3.3609    -3.36267 0.000100461
        1319    -3.36088    -3.36267 0.000100394
        1320    -3.36087    -3.36267 0.000100327
        1321    -3.36047    -3.36267 0.000100265
        1322    -3.36119    -3.36267 0.000100195
        1323    -3.36153    -3.36267 0.000100123
        1324    -3.36233    -3.36267 0.000100048
        1325    -3.36262    -3.36267 9.99725e-05
        1326    -3.36127    -3.36267 9.99027e-05
        1327    -3.35985    -3.36266   9.985e-05
        1328    -3.35875    -3.36266 9.98182e-05
        1329    -3.35894    -3.36266 9.97824e-05
        1330    -3.35872    -3.36266 9.97514e-05
        1331    -3.35873    -3.36265   9.972e-05
        1332    -3.35928    -3.36265 9.96773e-05
        1333    -3.35878    -3.36265 9.96448e-05
        1334    -3.35825    -3.36264 9.96245e-05
        1335    -3.35785    -3.36264 9.96147e-05
        1336    -3.35769    -3.36264  9.9609e-05
        1337    -3.35788    -3.36263 9.95979e-05
        1338    -3.35854    -3.36263 9.95705e-05
        1339    -3.35938    -3.36263 9.95258e-05
        1340    -3.35974    -3.36262 9.94749e-05
        1341    -3.36069    -3.36262 9.94112e-05
        1342    -3.36105    -3.36262  9.9344e-05
        1343    -3.36039    -3.36262 9.92839e-05
        1344    -3.35939    -3.36262 9.92391e-05
        1345    -3.35918    -3.36262 9.91982e-05
        1346    -3.35895    -3.36261 9.91619e-05
        1347    -3.35889    -3.36261 9.91267e-05
        1348    -3.35907    -3.36261  9.9088e-05
        1349    -3.35911    -3.36261 9.90484e-05
        1350    -3.35944     -3.3626 9.90028e-05
        1351    -3.35976     -3.3626 9.89518e-05
        1352     -3.3609     -3.3626 9.88866e-05
        1353    -3.36211     -3.3626 9.88142e-05
        1354    -3.36242     -3.3626 9.87413e-05
        1355    -3.36388     -3.3626  9.8673e-05
        1356     -3.3653     -3.3626 9.86203e-05
        1357     -3.3661     -3.3626 9.85814e-05
        1358    -3.36632    -3.36261 9.85467e-05
        1359     -3.3656    -3.36261 9.84988e-05
        1360    -3.36388    -3.36261 9.84308e-05
        1361    -3.36307    -3.36261  9.8359e-05
        1362    -3.36312    -3.36261 9.82875e-05
        1363     -3.3635    -3.36261 9.82176e-05
        1364    -3.36448    -3.36261 9.81551e-05
        1365    -3.36486    -3.36261  9.8097e-05
        1366    -3.36544    -3.36262 9.80469e-05
        1367     -3.3649    -3.36262 9.79894e-05
        1368    -3.36487    -3.36262 9.79316e-05
        1369    -3.36575    -3.36262 9.78868e-05
        1370    -3.36651    -3.36263 9.78564e-05
        1371    -3.36636    -3.36263  9.7823e-05
        1372     -3.3653    -3.36263 9.77712e-05
        1373    -3.36457    -3.36263 9.77101e-05
        1374    -3.36307    -3.36263 9.76395e-05
        1375    -3.36284    -3.36263 9.75686e-05
        1376    -3.36282    -3.36263 9.74978e-05
        1377    -3.36323    -3.36263  9.7428e-05
        1378    -3.36301    -3.36263 9.73577e-05
        1379     -3.3628    -3.36263 9.72872e-05
        1380    -3.36359    -3.36263 9.72192e-05
        1381    -3.36369    -3.36263 9.71518e-05
        1382    -3.36338    -3.36263  9.7083e-05
        1383    -3.36284    -3.36263 9.70129e-05
        1384    -3.36153    -3.36263 9.69461e-05
        1385     -3.3607    -3.36263 9.68862e-05
        1386    -3.36111    -3.36263 9.68225e-05
        1387    -3.36147    -3.36263 9.67563e-05
        1388    -3.36246    -3.36263 9.66867e-05
        1389    -3.36331    -3.36263 9.66183e-05
        1390    -3.36332    -3.36263 9.65501e-05
        1391    -3.36376    -3.36263 9.64841e-05
        1392    -3.36359    -3.36263 9.64172e-05
        1393    -3.36318    -3.36263 9.63488e-05
        1394    -3.36144    -3.36263 9.62835e-05
        1395    -3.36034    -3.36263 9.62286e-05
        1396    -3.36049    -3.36263 9.61718e-05
        1397    -3.36067    -3.36263 9.61132e-05
        1398    -3.36038    -3.36263 9.60579e-05
        1399    -3.36071    -3.36263 9.59991e-05
        1400    -3.36154    -3.36262 9.59336e-05
        1401    -3.36185    -3.36262 9.58667e-05
        1402    -3.36189    -3.36262 9.57998e-05
        1403    -3.36202    -3.36262 9.57324e-05
        1404    -3.36254    -3.36262 9.56643e-05
        1405    -3.36229    -3.36262 9.55965e-05
        1406     -3.3618    -3.36262 9.55303e-05
        1407    -3.36012    -3.36262 9.54789e-05
        1408    -3.35918    -3.36262 9.54424e-05
        1409    -3.35923    -3.36262 9.54049e-05
        1410    -3.35996    -3.36261 9.53559e-05
        1411    -3.36021    -3.36261 9.53035e-05
        1412    -3.36035    -3.36261 9.52495e-05
        1413    -3.36056    -3.36261 9.51932e-05
        1414    -3.36105    -3.36261 9.51323e-05
        1415    -3.36229    -3.36261 9.50653e-05
        1416    -3.36269    -3.36261 9.49982e-05
        1417    -3.36263    -3.36261 9.49311e-05
        1418    -3.36404    -3.36261 9.48696e-05
        1419    -3.36389    -3.36261  9.4807e-05
        1420    -3.36361    -3.36261 9.47429e-05
        1421    -3.36312    -3.36261 9.46769e-05
        1422    -3.36275    -3.36261 9.46103e-05
        1423    -3.36195    -3.36261  9.4545e-05
        1424    -3.36135    -3.36261 9.44828e-05
        1425    -3.36131    -3.36261 9.44209e-05
        1426    -3.36117    -3.36261   9.436e-05
        1427    -3.36058    -3.36261 9.43046e-05
        1428     -3.3596     -3.3626  9.4262e-05
        1429     -3.3587     -3.3626 9.42357e-05
        1430    -3.35781     -3.3626 9.42295e-05
        1431    -3.35851    -3.36259 9.42069e-05
        1432    -3.35877    -3.36259  9.4179e-05
        1433    -3.35885    -3.36259 9.41494e-05
        1434    -3.35891    -3.36259 9.41188e-05
        1435    -3.35928    -3.36258 9.40814e-05
        1436    -3.35937    -3.36258 9.40425e-05
        1437    -3.35985    -3.36258 9.39962e-05
        1438    -3.36081    -3.36258 9.39389e-05
        1439    -3.36096    -3.36258 9.38804e-05
        1440    -3.36089    -3.36258 9.38225e-05
        1441    -3.36058    -3.36258 9.37677e-05
        1442    -3.36153    -3.36257 9.37054e-05
        1443    -3.36182    -3.36257 9.36419e-05
        1444     -3.3622    -3.36257 9.35774e-05
        1445    -3.36232    -3.36257 9.35129e-05
        1446    -3.36069    -3.36257 9.34573e-05
        1447    -3.35963    -3.36257 9.34148e-05
        1448     -3.3585    -3.36257 9.33925e-05
        1449    -3.35673    -3.36256 9.34148e-05
        1450    -3.35499    -3.36256 9.34961e-05
        1451    -3.35463    -3.36255 9.35914e-05
        1452    -3.35468    -3.36255 9.36838e-05
        1453    -3.35448    -3.36254 9.37837e-05
        1454    -3.35532    -3.36254 9.38506e-05
        1455    -3.35636    -3.36253  9.3882e-05
        1456    -3.35795    -3.36253 9.38703e-05
        1457    -3.35947    -3.36253 9.38294e-05
        1458    -3.36103    -3.36253 9.37707e-05
        1459    -3.36197    -3.36253 9.37072e-05
        1460    -3.36208    -3.36253 9.36435e-05
        1461    -3.36187    -3.36253 9.35805e-05
        1462    -3.36165    -3.36252 9.35184e-05
        1463    -3.36063    -3.36252 9.34634e-05
        1464    -3.36042    -3.36252 9.34106e-05
        1465    -3.36013    -3.36252 9.33611e-05
        1466    -3.35955    -3.36252 9.33194e-05
        1467       -3.36    -3.36252 9.32717e-05
        1468    -3.36202    -3.36252 9.32087e-05
        1469    -3.36453    -3.36252 9.31554e-05
        1470    -3.36745    -3.36252 9.31524e-05
        1471    -3.36931    -3.36253 9.32034e-05
        1472    -3.36934    -3.36253 9.32551e-05
        1473     -3.3691    -3.36253 9.32983e-05
        1474    -3.36832    -3.36254 9.33177e-05
        1475    -3.36695    -3.36254 9.33023e-05
        1476    -3.36626    -3.36254  9.3273e-05
        1477    -3.36624    -3.36255 9.32434e-05
        1478    -3.36711    -3.36255 9.32315e-05
        1479    -3.36698    -3.36255 9.32166e-05
        1480    -3.36703    -3.36256 9.32027e-05
        1481    -3.36775    -3.36256 9.32057e-05
        1482    -3.36784    -3.36256 9.32108e-05
        1483    -3.36749    -3.36257 9.32071e-05
        1484    -3.36652    -3.36257 9.31823e-05
        1485    -3.36573    -3.36257 9.31439e-05
        1486    -3.36546    -3.36257 9.31014e-05
        1487    -3.36544    -3.36257 9.30588e-05
        1488      -3.365    -3.36258 9.30106e-05
        1489    -3.36471    -3.36258 9.29591e-05
        1490    -3.36509    -3.36258  9.2912e-05
        1491    -3.36478    -3.36258 9.28615e-05
        1492     -3.3651    -3.36258 9.28146e-05
        1493    -3.36504    -3.36258  9.2767e-05
        1494    -3.36553    -3.36259 9.27258e-05
        1495    -3.36583    -3.36259 9.26892e-05
        1496    -3.36654    -3.36259 9.26648e-05
        1497    -3.36655    -3.36259 9.26407e-05
        1498    -3.36676     -3.3626 9.26207e-05
        1499    -3.36633     -3.3626 9.25923e-05
        1500    -3.36519     -3.3626 9.25467e-05
